 1             1             0 
 2             1             0 
 3             1             0 
 4             1             0 
 1             2             2 
 2             2             7 
 3             2             7 
 4             2             7 
 1             3             5 
 2             3             7 
 3             3             10 
 4             3             10 
 1             4             9 
 2             4             8 
 3             4             8 
 4             4             8 
 1             5             6 
 2             5             9 
 3             5             6 
 4             5             6 
 1             6             10 
 2             6             6 
 3             6             6 
 4             6             10 
 1             7             3 
 2             7             10 
 3             7             3 
 4             7             10 
 1             8             6 
 2             8             7 
 3             8             10 
 4             8             10 
 1             9             7 
 2             9             10 
 3             9             3 
 4             9             8 
 1             10            10 
 2             10            10 
 3             10            8 
 4             10            9 
 1             11            7 
 2             11            6 
 3             11            10 
 4             11            5 
 1             12            10 
 2             12            8 
 3             12            10 
 4             12            9 
 1             13            9 
 2             13            10 
 3             13            5 
 4             13            9 
 1             14            7 
 2             14            5 
 3             14            8 
 4             14            10 
 1             15            10 
 2             15            6 
 3             15            7 
 4             15            9 
 1             16            3 
 2             16            7 
 3             16            5 
 4             16            7 
 1             17            7 
 2             17            10 
 3             17            7 
 4             17            7 
 1             18            7 
 2             18            6 
 3             18            9 
 4             18            6 
 1             19            10 
 2             19            8 
 3             19            8 
 4             19            6 
 1             20            7 
 2             20            4 
 3             20            5 
 4             20            7 
 1             21            8 
 2             21            7 
 3             21            7 
 4             21            7 
 1             22            9 
 2             22            9 
 3             22            7 
 4             22            4 
 1             23            10 
 2             23            10 
 3             23            9 
 4             23            10 
 1             24            9 
 2             24            8 
 3             24            9 
 4             24            9 
 1             25            9 
 2             25            10 
 3             25            5 
 4             25            6 
 1             26            10 
 2             26            9 
 3             26            10 
 4             26            9 
 1             27            7 
 2             27            8 
 3             27            10 
 4             27            7 
 1             28            10 
 2             28            7 
 3             28            10 
 4             28            10 
 1             29            6 
 2             29            7 
 3             29            7 
 4             29            10 
 1             30            7 
 2             30            8 
 3             30            7 
 4             30            6 
 1             31            10 
 2             31            7 
 3             31            6 
 4             31            8 
 1             32            8 
 2             32            8 
 3             32            10 
 4             32            7 
 1             33            10 
 2             33            7 
 3             33            7 
 4             33            8 
 1             34            6 
 2             34            6 
 3             34            7 
 4             34            7 
 1             35            4 
 2             35            10 
 3             35            10 
 4             35            10 
 1             36            5 
 2             36            8 
 3             36            10 
 4             36            9 
 1             37            10 
 2             37            8 
 3             37            9 
 4             37            7 
 1             38            10 
 2             38            6 
 3             38            9 
 4             38            8 
 1             39            6 
 2             39            9 
 3             39            4 
 4             39            4 
 1             40            10 
 2             40            10 
 3             40            8 
 4             40            10 
 1             41            5 
 2             41            10 
 3             41            7 
 4             41            10 
 1             42            6 
 2             42            10 
 3             42            9 
 4             42            10 
 1             43            6 
 2             43            10 
 3             43            10 
 4             43            10 
 1             44            6 
 2             44            10 
 3             44            10 
 4             44            9 
 1             45            10 
 2             45            10 
 3             45            8 
 4             45            7 
 1             46            10 
 2             46            10 
 3             46            3 
 4             46            4 
 1             47            9 
 2             47            6 
 3             47            5 
 4             47            8 
 1             48            8 
 2             48            8 
 3             48            9 
 4             48            10 
 1             49            10 
 2             49            4 
 3             49            8 
 4             49            8 
 1             50            6 
 2             50            10 
 3             50            6 
 4             50            10 
 1             51            9 
 2             51            4 
 3             51            6 
 4             51            5 
 1             52            10 
 2             52            10 
 3             52            9 
 4             52            10 
 1             53            8 
 2             53            8 
 3             53            4 
 4             53            10 
 1             54            4 
 2             54            10 
 3             54            9 
 4             54            7 
 1             55            7 
 2             55            9 
 3             55            9 
 4             55            5 
 1             56            9 
 2             56            5 
 3             56            7 
 4             56            9 
 1             57            9 
 2             57            3 
 3             57            8 
 4             57            10 
 1             58            8 
 2             58            7 
 3             58            8 
 4             58            6 
 1             59            10 
 2             59            10 
 3             59            10 
 4             59            10 
 1             60            10 
 2             60            8 
 3             60            10 
 4             60            8 
 1             61            10 
 2             61            7 
 3             61            5 
 4             61            10 
 1             62            10 
 2             62            7 
 3             62            7 
 4             62            8 
 1             63            10 
 2             63            6 
 3             63            9 
 4             63            9 
 1             64            8 
 2             64            9 
 3             64            8 
 4             64            9 
 1             65            9 
 2             65            6 
 3             65            8 
 4             65            10 
 1             66            10 
 2             66            10 
 3             66            8 
 4             66            8 
 1             67            7 
 2             67            5 
 3             67            9 
 4             67            10 
 1             68            3 
 2             68            10 
 3             68            7 
 4             68            6 
 1             69            8 
 2             69            10 
 3             69            10 
 4             69            10 
 1             70            10 
 2             70            10 
 3             70            10 
 4             70            6 
 1             71            10 
 2             71            10 
 3             71            7 
 4             71            6 
 1             72            9 
 2             72            10 
 3             72            8 
 4             72            10 
 1             73            10 
 2             73            8 
 3             73            5 
 4             73            10 
 1             74            9 
 2             74            10 
 3             74            10 
 4             74            10 
 1             75            6 
 2             75            6 
 3             75            5 
 4             75            7 
 1             76            8 
 2             76            10 
 3             76            7 
 4             76            5 
 1             77            10 
 2             77            5 
 3             77            6 
 4             77            8 
 1             78            7 
 2             78            9 
 3             78            8 
 4             78            8 
 1             79            10 
 2             79            9 
 3             79            10 
 4             79            10 
 1             80            6 
 2             80            7 
 3             80            7 
 4             80            10 
 1             81            8 
 2             81            5 
 3             81            10 
 4             81            9 
 1             82            9 
 2             82            10 
 3             82            10 
 4             82            10 
 1             83            3 
 2             83            10 
 3             83            9 
 4             83            8 
 1             84            9 
 2             84            7 
 3             84            3 
 4             84            10 
 1             85            4 
 2             85            9 
 3             85            7 
 4             85            9 
 1             86            7 
 2             86            10 
 3             86            9 
 4             86            10 
 1             87            8 
 2             87            10 
 3             87            10 
 4             87            8 
 1             88            5 
 2             88            10 
 3             88            5 
 4             88            9 
 1             89            5 
 2             89            8 
 3             89            10 
 4             89            10 
 1             90            7 
 2             90            5 
 3             90            9 
 4             90            8 
 1             91            5 
 2             91            10 
 3             91            6 
 4             91            7 
 1             92            10 
 2             92            5 
 3             92            8 
 4             92            6 
 1             93            7 
 2             93            10 
 3             93            10 
 4             93            7 
 1             94            6 
 2             94            8 
 3             94            9 
 4             94            7 
 1             95            5 
 2             95            10 
 3             95            10 
 4             95            10 
 1             96            10 
 2             96            10 
 3             96            7 
 4             96            8 
 1             97            8 
 2             97            10 
 3             97            10 
 4             97            10 
 1             98            9 
 2             98            6 
 3             98            9 
 4             98            8 
 1             99            8 
 2             99            8 
 3             99            10 
 4             99            8 
 1             100           10 
 2             100           10 
 3             100           8 
 4             100           5 
 1             101           7 
 2             101           7 
 3             101           8 
 4             101           7 
 1             102           10 
 2             102           10 
 3             102           10 
 4             102           10 
 1             103           9 
 2             103           8 
 3             103           7 
 4             103           8 
 1             104           8 
 2             104           10 
 3             104           10 
 4             104           10 
 1             105           10 
 2             105           10 
 3             105           4 
 4             105           6 
 1             106           10 
 2             106           10 
 3             106           8 
 4             106           6 
 1             107           7 
 2             107           10 
 3             107           9 
 4             107           7 
 1             108           8 
 2             108           5 
 3             108           8 
 4             108           6 
 1             109           7 
 2             109           9 
 3             109           8 
 4             109           9 
 1             110           8 
 2             110           3 
 3             110           8 
 4             110           10 
 1             111           9 
 2             111           10 
 3             111           5 
 4             111           9 
 1             112           10 
 2             112           10 
 3             112           10 
 4             112           8 
 1             113           9 
 2             113           9 
 3             113           8 
 4             113           9 
 1             114           10 
 2             114           6 
 3             114           8 
 4             114           10 
 1             115           7 
 2             115           8 
 3             115           7 
 4             115           8 
 1             116           8 
 2             116           10 
 3             116           5 
 4             116           10 
 1             117           10 
 2             117           4 
 3             117           7 
 4             117           9 
 1             118           10 
 2             118           10 
 3             118           10 
 4             118           6 
 1             119           4 
 2             119           10 
 3             119           6 
 4             119           5 
 1             120           7 
 2             120           10 
 3             120           10 
 4             120           10 
 1             121           10 
 2             121           9 
 3             121           7 
 4             121           8 
 1             122           4 
 2             122           8 
 3             122           7 
 4             122           5 
 1             123           6 
 2             123           8 
 3             123           5 
 4             123           8 
 1             124           9 
 2             124           10 
 3             124           8 
 4             124           5 
 1             125           6 
 2             125           10 
 3             125           8 
 4             125           8 
 1             126           9 
 2             126           5 
 3             126           9 
 4             126           8 
 1             127           7 
 2             127           10 
 3             127           10 
 4             127           9 
 1             128           9 
 2             128           7 
 3             128           10 
 4             128           7 
 1             129           10 
 2             129           5 
 3             129           10 
 4             129           6 
 1             130           10 
 2             130           6 
 3             130           8 
 4             130           10 
 1             131           10 
 2             131           7 
 3             131           10 
 4             131           6 
 1             132           6 
 2             132           7 
 3             132           10 
 4             132           10 
 1             133           5 
 2             133           6 
 3             133           10 
 4             133           9 
 1             134           7 
 2             134           5 
 3             134           9 
 4             134           4 
 1             135           3 
 2             135           7 
 3             135           5 
 4             135           9 
 1             136           10 
 2             136           10 
 3             136           7 
 4             136           3 
 1             137           5 
 2             137           8 
 3             137           9 
 4             137           7 
 1             138           6 
 2             138           10 
 3             138           7 
 4             138           5 
 1             139           9 
 2             139           4 
 3             139           10 
 4             139           10 
 1             140           10 
 2             140           10 
 3             140           10 
 4             140           4 
 1             141           9 
 2             141           8 
 3             141           8 
 4             141           6 
 1             142           5 
 2             142           4 
 3             142           8 
 4             142           7 
 1             143           10 
 2             143           10 
 3             143           10 
 4             143           10 
 1             144           10 
 2             144           7 
 3             144           10 
 4             144           4 
 1             145           10 
 2             145           6 
 3             145           10 
 4             145           5 
 1             146           8 
 2             146           7 
 3             146           10 
 4             146           8 
 1             147           9 
 2             147           4 
 3             147           8 
 4             147           6 
 1             148           6 
 2             148           7 
 3             148           10 
 4             148           7 
 1             149           7 
 2             149           5 
 3             149           5 
 4             149           4 
 1             150           5 
 2             150           10 
 3             150           10 
 4             150           10 
 1             151           10 
 2             151           5 
 3             151           10 
 4             151           10 
 1             152           6 
 2             152           10 
 3             152           7 
 4             152           5 
 1             153           7 
 2             153           6 
 3             153           9 
 4             153           10 
 1             154           10 
 2             154           10 
 3             154           10 
 4             154           6 
 1             155           8 
 2             155           10 
 3             155           6 
 4             155           7 
 1             156           10 
 2             156           10 
 3             156           8 
 4             156           5 
 1             157           10 
 2             157           9 
 3             157           7 
 4             157           10 
 1             158           10 
 2             158           10 
 3             158           10 
 4             158           7 
 1             159           9 
 2             159           10 
 3             159           4 
 4             159           10 
 1             160           7 
 2             160           6 
 3             160           8 
 4             160           7 
 1             161           10 
 2             161           10 
 3             161           8 
 4             161           9 
 1             162           9 
 2             162           9 
 3             162           10 
 4             162           6 
 1             163           7 
 2             163           9 
 3             163           10 
 4             163           6 
 1             164           10 
 2             164           10 
 3             164           7 
 4             164           8 
 1             165           10 
 2             165           7 
 3             165           5 
 4             165           4 
 1             166           10 
 2             166           9 
 3             166           7 
 4             166           10 
 1             167           10 
 2             167           7 
 3             167           10 
 4             167           10 
 1             168           9 
 2             168           10 
 3             168           9 
 4             168           6 
 1             169           4 
 2             169           8 
 3             169           10 
 4             169           8 
 1             170           3 
 2             170           8 
 3             170           6 
 4             170           10 
 1             171           9 
 2             171           5 
 3             171           10 
 4             171           10 
 1             172           10 
 2             172           10 
 3             172           7 
 4             172           8 
 1             173           8 
 2             173           10 
 3             173           10 
 4             173           10 
 1             174           9 
 2             174           9 
 3             174           7 
 4             174           10 
 1             175           10 
 2             175           9 
 3             175           8 
 4             175           10 
 1             176           10 
 2             176           7 
 3             176           7 
 4             176           5 
 1             177           9 
 2             177           7 
 3             177           8 
 4             177           10 
 1             178           6 
 2             178           6 
 3             178           7 
 4             178           9 
 1             179           4 
 2             179           8 
 3             179           10 
 4             179           10 
 1             180           7 
 2             180           8 
 3             180           8 
 4             180           8 
 1             181           5 
 2             181           6 
 3             181           7 
 4             181           10 
 1             182           3 
 2             182           5 
 3             182           8 
 4             182           10 
 1             183           8 
 2             183           7 
 3             183           7 
 4             183           10 
 1             184           6 
 2             184           10 
 3             184           3 
 4             184           9 
 1             185           7 
 2             185           2 
 3             185           4 
 4             185           5 
 1             186           7 
 2             186           9 
 3             186           10 
 4             186           8 
 1             187           9 
 2             187           5 
 3             187           10 
 4             187           10 
 1             188           10 
 2             188           10 
 3             188           10 
 4             188           7 
 1             189           10 
 2             189           10 
 3             189           3 
 4             189           10 
 1             190           6 
 2             190           8 
 3             190           8 
 4             190           10 
 1             191           8 
 2             191           7 
 3             191           10 
 4             191           7 
 1             192           7 
 2             192           10 
 3             192           5 
 4             192           9 
 1             193           10 
 2             193           10 
 3             193           10 
 4             193           9 
 1             194           8 
 2             194           10 
 3             194           6 
 4             194           6 
 1             195           10 
 2             195           9 
 3             195           10 
 4             195           8 
 1             196           7 
 2             196           10 
 3             196           10 
 4             196           9 
 1             197           7 
 2             197           9 
 3             197           8 
 4             197           8 
 1             198           9 
 2             198           6 
 3             198           4 
 4             198           7 
 1             199           8 
 2             199           10 
 3             199           7 
 4             199           10 
 1             200           7 
 2             200           9 
 3             200           8 
 4             200           10 
 1             201           4 
 2             201           6 
 3             201           10 
 4             201           7 
 1             202           9 
 2             202           7 
 3             202           9 
 4             202           5 
 1             203           6 
 2             203           9 
 3             203           6 
 4             203           8 
 1             204           6 
 2             204           7 
 3             204           10 
 4             204           7 
 1             205           8 
 2             205           10 
 3             205           10 
 4             205           8 
 1             206           10 
 2             206           10 
 3             206           3 
 4             206           9 
 1             207           8 
 2             207           10 
 3             207           9 
 4             207           10 
 1             208           10 
 2             208           7 
 3             208           6 
 4             208           9 
 1             209           8 
 2             209           10 
 3             209           10 
 4             209           6 
 1             210           9 
 2             210           10 
 3             210           4 
 4             210           10 
 1             211           5 
 2             211           10 
 3             211           10 
 4             211           10 
 1             212           8 
 2             212           10 
 3             212           8 
 4             212           7 
 1             213           8 
 2             213           7 
 3             213           7 
 4             213           5 
 1             214           9 
 2             214           10 
 3             214           10 
 4             214           10 
 1             215           10 
 2             215           9 
 3             215           10 
 4             215           10 
 1             216           6 
 2             216           9 
 3             216           4 
 4             216           10 
 1             217           4 
 2             217           10 
 3             217           10 
 4             217           10 
 1             218           10 
 2             218           8 
 3             218           10 
 4             218           6 
 1             219           10 
 2             219           5 
 3             219           10 
 4             219           8 
 1             220           10 
 2             220           9 
 3             220           5 
 4             220           8 
 1             221           7 
 2             221           6 
 3             221           10 
 4             221           6 
 1             222           8 
 2             222           8 
 3             222           8 
 4             222           8 
 1             223           9 
 2             223           5 
 3             223           7 
 4             223           10 
 1             224           7 
 2             224           2 
 3             224           9 
 4             224           9 
 1             225           9 
 2             225           9 
 3             225           9 
 4             225           8 
 1             226           8 
 2             226           9 
 3             226           6 
 4             226           8 
 1             227           10 
 2             227           4 
 3             227           10 
 4             227           5 
 1             228           10 
 2             228           4 
 3             228           10 
 4             228           4 
 1             229           9 
 2             229           10 
 3             229           8 
 4             229           8 
 1             230           6 
 2             230           7 
 3             230           10 
 4             230           6 
 1             231           10 
 2             231           8 
 3             231           10 
 4             231           10 
 1             232           9 
 2             232           8 
 3             232           10 
 4             232           10 
 1             233           7 
 2             233           3 
 3             233           8 
 4             233           8 
 1             234           8 
 2             234           10 
 3             234           10 
 4             234           10 
 1             235           8 
 2             235           7 
 3             235           8 
 4             235           10 
 1             236           5 
 2             236           10 
 3             236           7 
 4             236           8 
 1             237           8 
 2             237           4 
 3             237           8 
 4             237           7 
 1             238           9 
 2             238           10 
 3             238           10 
 4             238           10 
 1             239           10 
 2             239           10 
 3             239           10 
 4             239           4 
 1             240           9 
 2             240           10 
 3             240           10 
 4             240           8 
 1             241           9 
 2             241           8 
 3             241           7 
 4             241           9 
 1             242           5 
 2             242           9 
 3             242           6 
 4             242           8 
 1             243           8 
 2             243           6 
 3             243           7 
 4             243           7 
 1             244           7 
 2             244           10 
 3             244           5 
 4             244           9 
 1             245           5 
 2             245           6 
 3             245           8 
 4             245           8 
 1             246           7 
 2             246           9 
 3             246           9 
 4             246           6 
 1             247           10 
 2             247           8 
 3             247           10 
 4             247           8 
 1             248           7 
 2             248           9 
 3             248           9 
 4             248           8 
 1             249           8 
 2             249           7 
 3             249           5 
 4             249           10 
 1             250           8 
 2             250           7 
 3             250           7 
 4             250           9 
 1             251           4 
 2             251           10 
 3             251           10 
 4             251           7 
 1             252           10 
 2             252           6 
 3             252           8 
 4             252           10 
 1             253           10 
 2             253           10 
 3             253           10 
 4             253           6 
 1             254           6 
 2             254           10 
 3             254           8 
 4             254           9 
 1             255           9 
 2             255           8 
 3             255           10 
 4             255           10 
 1             256           9 
 2             256           10 
 3             256           5 
 4             256           8 
 1             257           9 
 2             257           5 
 3             257           10 
 4             257           4 
 1             258           6 
 2             258           9 
 3             258           10 
 4             258           8 
 1             259           10 
 2             259           10 
 3             259           6 
 4             259           3 
 1             260           5 
 2             260           9 
 3             260           9 
 4             260           5 
 1             261           9 
 2             261           8 
 3             261           6 
 4             261           7 
 1             262           10 
 2             262           10 
 3             262           5 
 4             262           10 
 1             263           10 
 2             263           6 
 3             263           10 
 4             263           10 
 1             264           10 
 2             264           8 
 3             264           9 
 4             264           8 
 1             265           7 
 2             265           10 
 3             265           6 
 4             265           10 
 1             266           7 
 2             266           10 
 3             266           10 
 4             266           7 
 1             267           10 
 2             267           9 
 3             267           8 
 4             267           8 
 1             268           8 
 2             268           5 
 3             268           10 
 4             268           10 
 1             269           10 
 2             269           6 
 3             269           7 
 4             269           3 
 1             270           8 
 2             270           6 
 3             270           9 
 4             270           9 
 1             271           6 
 2             271           8 
 3             271           6 
 4             271           10 
 1             272           6 
 2             272           5 
 3             272           10 
 4             272           8 
 1             273           10 
 2             273           10 
 3             273           7 
 4             273           9 
 1             274           9 
 2             274           6 
 3             274           8 
 4             274           10 
 1             275           6 
 2             275           10 
 3             275           7 
 4             275           10 
 1             276           7 
 2             276           7 
 3             276           6 
 4             276           8 
 1             277           10 
 2             277           10 
 3             277           7 
 4             277           10 
 1             278           9 
 2             278           3 
 3             278           7 
 4             278           4 
 1             279           9 
 2             279           7 
 3             279           6 
 4             279           6 
 1             280           8 
 2             280           10 
 3             280           6 
 4             280           5 
 1             281           10 
 2             281           10 
 3             281           10 
 4             281           6 
 1             282           10 
 2             282           8 
 3             282           10 
 4             282           10 
 1             283           10 
 2             283           5 
 3             283           6 
 4             283           7 
 1             284           10 
 2             284           9 
 3             284           8 
 4             284           10 
 1             285           7 
 2             285           7 
 3             285           9 
 4             285           8 
 1             286           5 
 2             286           5 
 3             286           8 
 4             286           10 
 1             287           8 
 2             287           9 
 3             287           7 
 4             287           7 
 1             288           10 
 2             288           6 
 3             288           10 
 4             288           6 
 1             289           10 
 2             289           4 
 3             289           7 
 4             289           10 
 1             290           9 
 2             290           6 
 3             290           6 
 4             290           10 
 1             291           9 
 2             291           8 
 3             291           10 
 4             291           9 
 1             292           8 
 2             292           8 
 3             292           10 
 4             292           7 
 1             293           5 
 2             293           9 
 3             293           10 
 4             293           7 
 1             294           8 
 2             294           6 
 3             294           10 
 4             294           6 
 1             295           8 
 2             295           10 
 3             295           6 
 4             295           7 
 1             296           10 
 2             296           5 
 3             296           9 
 4             296           10 
 1             297           6 
 2             297           8 
 3             297           7 
 4             297           9 
 1             298           9 
 2             298           8 
 3             298           10 
 4             298           6 
 1             299           10 
 2             299           9 
 3             299           7 
 4             299           5 
 1             300           10 
 2             300           9 
 3             300           5 
 4             300           10 
 1             301           10 
 2             301           8 
 3             301           8 
 4             301           7 
 1             302           0 
 2             302           0 
 3             302           0 
 4             302           0 
