 1             1             0 
 2             1             0 
 3             1             0 
 4             1             0 
 1             2             2 
 2             2             0 
 3             2             0 
 4             2             0 
 1             3             5 
 2             3             0 
 3             3             0 
 4             3             0 
 1             4             0 
 2             4             0 
 3             4             4 
 4             4             0 
 1             5             8 
 2             5             0 
 3             5             0 
 4             5             0 
 1             6             5 
 2             6             0 
 3             6             0 
 4             6             0 
 1             7             0 
 2             7             0 
 3             7             0 
 4             7             5 
 1             8             0 
 2             8             3 
 3             8             0 
 4             8             0 
 1             9             0 
 2             9             7 
 3             9             0 
 4             9             0 
 1             10            0 
 2             10            0 
 3             10            5 
 4             10            0 
 1             11            0 
 2             11            0 
 3             11            0 
 4             11            3 
 1             12            6 
 2             12            0 
 3             12            0 
 4             12            0 
 1             13            0 
 2             13            0 
 3             13            0 
 4             13            7 
 1             14            5 
 2             14            0 
 3             14            0 
 4             14            0 
 1             15            6 
 2             15            0 
 3             15            0 
 4             15            0 
 1             16            5 
 2             16            0 
 3             16            0 
 4             16            0 
 1             17            0 
 2             17            0 
 3             17            0 
 4             17            5 
 1             18            9 
 2             18            0 
 3             18            0 
 4             18            0 
 1             19            4 
 2             19            0 
 3             19            0 
 4             19            0 
 1             20            4 
 2             20            0 
 3             20            0 
 4             20            0 
 1             21            0 
 2             21            0 
 3             21            0 
 4             21            7 
 1             22            0 
 2             22            9 
 3             22            0 
 4             22            0 
 1             23            0 
 2             23            5 
 3             23            0 
 4             23            0 
 1             24            9 
 2             24            0 
 3             24            0 
 4             24            0 
 1             25            0 
 2             25            0 
 3             25            0 
 4             25            6 
 1             26            0 
 2             26            0 
 3             26            6 
 4             26            0 
 1             27            0 
 2             27            0 
 3             27            0 
 4             27            6 
 1             28            0 
 2             28            0 
 3             28            0 
 4             28            10 
 1             29            7 
 2             29            0 
 3             29            0 
 4             29            0 
 1             30            0 
 2             30            0 
 3             30            4 
 4             30            0 
 1             31            0 
 2             31            0 
 3             31            3 
 4             31            0 
 1             32            0 
 2             32            4 
 3             32            0 
 4             32            0 
 1             33            8 
 2             33            0 
 3             33            0 
 4             33            0 
 1             34            0 
 2             34            0 
 3             34            0 
 4             34            9 
 1             35            4 
 2             35            0 
 3             35            0 
 4             35            0 
 1             36            0 
 2             36            5 
 3             36            0 
 4             36            0 
 1             37            0 
 2             37            0 
 3             37            5 
 4             37            0 
 1             38            0 
 2             38            0 
 3             38            0 
 4             38            10 
 1             39            0 
 2             39            0 
 3             39            0 
 4             39            6 
 1             40            0 
 2             40            7 
 3             40            0 
 4             40            0 
 1             41            0 
 2             41            6 
 3             41            0 
 4             41            0 
 1             42            0 
 2             42            8 
 3             42            0 
 4             42            0 
 1             43            0 
 2             43            0 
 3             43            0 
 4             43            6 
 1             44            0 
 2             44            0 
 3             44            5 
 4             44            0 
 1             45            0 
 2             45            0 
 3             45            0 
 4             45            5 
 1             46            2 
 2             46            0 
 3             46            0 
 4             46            0 
 1             47            0 
 2             47            0 
 3             47            0 
 4             47            6 
 1             48            0 
 2             48            4 
 3             48            0 
 4             48            0 
 1             49            0 
 2             49            4 
 3             49            0 
 4             49            0 
 1             50            0 
 2             50            0 
 3             50            0 
 4             50            7 
 1             51            0 
 2             51            6 
 3             51            0 
 4             51            0 
 1             52            0 
 2             52            0 
 3             52            0 
 4             52            5 
 1             53            0 
 2             53            4 
 3             53            0 
 4             53            0 
 1             54            0 
 2             54            0 
 3             54            0 
 4             54            9 
 1             55            0 
 2             55            0 
 3             55            0 
 4             55            7 
 1             56            0 
 2             56            4 
 3             56            0 
 4             56            0 
 1             57            0 
 2             57            4 
 3             57            0 
 4             57            0 
 1             58            0 
 2             58            0 
 3             58            0 
 4             58            6 
 1             59            0 
 2             59            0 
 3             59            0 
 4             59            6 
 1             60            0 
 2             60            0 
 3             60            6 
 4             60            0 
 1             61            7 
 2             61            0 
 3             61            0 
 4             61            0 
 1             62            0 
 2             62            0 
 3             62            0 
 4             62            6 
 1             63            0 
 2             63            0 
 3             63            0 
 4             63            5 
 1             64            0 
 2             64            0 
 3             64            9 
 4             64            0 
 1             65            0 
 2             65            0 
 3             65            4 
 4             65            0 
 1             66            0 
 2             66            0 
 3             66            6 
 4             66            0 
 1             67            0 
 2             67            0 
 3             67            4 
 4             67            0 
 1             68            0 
 2             68            3 
 3             68            0 
 4             68            0 
 1             69            0 
 2             69            0 
 3             69            0 
 4             69            9 
 1             70            0 
 2             70            0 
 3             70            5 
 4             70            0 
 1             71            0 
 2             71            0 
 3             71            0 
 4             71            7 
 1             72            6 
 2             72            0 
 3             72            0 
 4             72            0 
 1             73            0 
 2             73            9 
 3             73            0 
 4             73            0 
 1             74            0 
 2             74            0 
 3             74            0 
 4             74            5 
 1             75            8 
 2             75            0 
 3             75            0 
 4             75            0 
 1             76            0 
 2             76            0 
 3             76            2 
 4             76            0 
 1             77            0 
 2             77            0 
 3             77            0 
 4             77            5 
 1             78            0 
 2             78            3 
 3             78            0 
 4             78            0 
 1             79            0 
 2             79            0 
 3             79            0 
 4             79            8 
 1             80            7 
 2             80            0 
 3             80            0 
 4             80            0 
 1             81            0 
 2             81            0 
 3             81            0 
 4             81            3 
 1             82            6 
 2             82            0 
 3             82            0 
 4             82            0 
 1             83            0 
 2             83            0 
 3             83            6 
 4             83            0 
 1             84            0 
 2             84            0 
 3             84            0 
 4             84            6 
 1             85            0 
 2             85            0 
 3             85            6 
 4             85            0 
 1             86            8 
 2             86            0 
 3             86            0 
 4             86            0 
 1             87            0 
 2             87            7 
 3             87            0 
 4             87            0 
 1             88            8 
 2             88            0 
 3             88            0 
 4             88            0 
 1             89            0 
 2             89            6 
 3             89            0 
 4             89            0 
 1             90            0 
 2             90            0 
 3             90            0 
 4             90            5 
 1             91            0 
 2             91            2 
 3             91            0 
 4             91            0 
 1             92            0 
 2             92            0 
 3             92            8 
 4             92            0 
 1             93            0 
 2             93            0 
 3             93            6 
 4             93            0 
 1             94            0 
 2             94            6 
 3             94            0 
 4             94            0 
 1             95            2 
 2             95            0 
 3             95            0 
 4             95            0 
 1             96            4 
 2             96            0 
 3             96            0 
 4             96            0 
 1             97            0 
 2             97            0 
 3             97            0 
 4             97            7 
 1             98            0 
 2             98            0 
 3             98            8 
 4             98            0 
 1             99            3 
 2             99            0 
 3             99            0 
 4             99            0 
 1             100           0 
 2             100           8 
 3             100           0 
 4             100           0 
 1             101           9 
 2             101           0 
 3             101           0 
 4             101           0 
 1             102           0 
 2             102           0 
 3             102           6 
 4             102           0 
 1             103           0 
 2             103           0 
 3             103           10 
 4             103           0 
 1             104           0 
 2             104           0 
 3             104           7 
 4             104           0 
 1             105           0 
 2             105           8 
 3             105           0 
 4             105           0 
 1             106           0 
 2             106           4 
 3             106           0 
 4             106           0 
 1             107           0 
 2             107           3 
 3             107           0 
 4             107           0 
 1             108           0 
 2             108           4 
 3             108           0 
 4             108           0 
 1             109           0 
 2             109           0 
 3             109           0 
 4             109           10 
 1             110           0 
 2             110           4 
 3             110           0 
 4             110           0 
 1             111           4 
 2             111           0 
 3             111           0 
 4             111           0 
 1             112           0 
 2             112           0 
 3             112           9 
 4             112           0 
 1             113           0 
 2             113           5 
 3             113           0 
 4             113           0 
 1             114           0 
 2             114           0 
 3             114           5 
 4             114           0 
 1             115           0 
 2             115           0 
 3             115           2 
 4             115           0 
 1             116           0 
 2             116           0 
 3             116           10 
 4             116           0 
 1             117           5 
 2             117           0 
 3             117           0 
 4             117           0 
 1             118           0 
 2             118           5 
 3             118           0 
 4             118           0 
 1             119           0 
 2             119           0 
 3             119           0 
 4             119           8 
 1             120           0 
 2             120           7 
 3             120           0 
 4             120           0 
 1             121           0 
 2             121           6 
 3             121           0 
 4             121           0 
 1             122           0 
 2             122           0 
 3             122           5 
 4             122           0 
 1             123           0 
 2             123           5 
 3             123           0 
 4             123           0 
 1             124           0 
 2             124           0 
 3             124           0 
 4             124           5 
 1             125           4 
 2             125           0 
 3             125           0 
 4             125           0 
 1             126           0 
 2             126           6 
 3             126           0 
 4             126           0 
 1             127           0 
 2             127           0 
 3             127           8 
 4             127           0 
 1             128           0 
 2             128           0 
 3             128           5 
 4             128           0 
 1             129           0 
 2             129           0 
 3             129           0 
 4             129           5 
 1             130           6 
 2             130           0 
 3             130           0 
 4             130           0 
 1             131           0 
 2             131           0 
 3             131           5 
 4             131           0 
 1             132           0 
 2             132           0 
 3             132           0 
 4             132           4 
 1             133           5 
 2             133           0 
 3             133           0 
 4             133           0 
 1             134           0 
 2             134           4 
 3             134           0 
 4             134           0 
 1             135           0 
 2             135           0 
 3             135           5 
 4             135           0 
 1             136           0 
 2             136           0 
 3             136           0 
 4             136           8 
 1             137           5 
 2             137           0 
 3             137           0 
 4             137           0 
 1             138           0 
 2             138           0 
 3             138           0 
 4             138           6 
 1             139           2 
 2             139           0 
 3             139           0 
 4             139           0 
 1             140           0 
 2             140           5 
 3             140           0 
 4             140           0 
 1             141           0 
 2             141           0 
 3             141           0 
 4             141           6 
 1             142           0 
 2             142           10 
 3             142           0 
 4             142           0 
 1             143           6 
 2             143           0 
 3             143           0 
 4             143           0 
 1             144           0 
 2             144           0 
 3             144           0 
 4             144           4 
 1             145           0 
 2             145           0 
 3             145           4 
 4             145           0 
 1             146           6 
 2             146           0 
 3             146           0 
 4             146           0 
 1             147           0 
 2             147           6 
 3             147           0 
 4             147           0 
 1             148           0 
 2             148           0 
 3             148           0 
 4             148           7 
 1             149           1 
 2             149           0 
 3             149           0 
 4             149           0 
 1             150           0 
 2             150           0 
 3             150           0 
 4             150           6 
 1             151           0 
 2             151           0 
 3             151           0 
 4             151           3 
 1             152           0 
 2             152           8 
 3             152           0 
 4             152           0 
 1             153           7 
 2             153           0 
 3             153           0 
 4             153           0 
 1             154           0 
 2             154           0 
 3             154           0 
 4             154           3 
 1             155           7 
 2             155           0 
 3             155           0 
 4             155           0 
 1             156           0 
 2             156           7 
 3             156           0 
 4             156           0 
 1             157           0 
 2             157           5 
 3             157           0 
 4             157           0 
 1             158           0 
 2             158           8 
 3             158           0 
 4             158           0 
 1             159           0 
 2             159           0 
 3             159           5 
 4             159           0 
 1             160           0 
 2             160           0 
 3             160           0 
 4             160           8 
 1             161           0 
 2             161           0 
 3             161           7 
 4             161           0 
 1             162           4 
 2             162           0 
 3             162           0 
 4             162           0 
 1             163           0 
 2             163           0 
 3             163           0 
 4             163           7 
 1             164           0 
 2             164           0 
 3             164           0 
 4             164           4 
 1             165           0 
 2             165           0 
 3             165           0 
 4             165           6 
 1             166           0 
 2             166           0 
 3             166           10 
 4             166           0 
 1             167           0 
 2             167           0 
 3             167           8 
 4             167           0 
 1             168           0 
 2             168           0 
 3             168           8 
 4             168           0 
 1             169           0 
 2             169           0 
 3             169           0 
 4             169           7 
 1             170           0 
 2             170           7 
 3             170           0 
 4             170           0 
 1             171           0 
 2             171           3 
 3             171           0 
 4             171           0 
 1             172           0 
 2             172           10 
 3             172           0 
 4             172           0 
 1             173           0 
 2             173           7 
 3             173           0 
 4             173           0 
 1             174           10 
 2             174           0 
 3             174           0 
 4             174           0 
 1             175           0 
 2             175           0 
 3             175           5 
 4             175           0 
 1             176           0 
 2             176           5 
 3             176           0 
 4             176           0 
 1             177           0 
 2             177           2 
 3             177           0 
 4             177           0 
 1             178           5 
 2             178           0 
 3             178           0 
 4             178           0 
 1             179           0 
 2             179           0 
 3             179           0 
 4             179           4 
 1             180           7 
 2             180           0 
 3             180           0 
 4             180           0 
 1             181           0 
 2             181           5 
 3             181           0 
 4             181           0 
 1             182           9 
 2             182           0 
 3             182           0 
 4             182           0 
 1             183           0 
 2             183           0 
 3             183           0 
 4             183           7 
 1             184           0 
 2             184           0 
 3             184           0 
 4             184           6 
 1             185           0 
 2             185           3 
 3             185           0 
 4             185           0 
 1             186           10 
 2             186           0 
 3             186           0 
 4             186           0 
 1             187           0 
 2             187           2 
 3             187           0 
 4             187           0 
 1             188           0 
 2             188           4 
 3             188           0 
 4             188           0 
 1             189           0 
 2             189           0 
 3             189           0 
 4             189           8 
 1             190           0 
 2             190           4 
 3             190           0 
 4             190           0 
 1             191           0 
 2             191           0 
 3             191           0 
 4             191           6 
 1             192           0 
 2             192           6 
 3             192           0 
 4             192           0 
 1             193           6 
 2             193           0 
 3             193           0 
 4             193           0 
 1             194           6 
 2             194           0 
 3             194           0 
 4             194           0 
 1             195           4 
 2             195           0 
 3             195           0 
 4             195           0 
 1             196           0 
 2             196           0 
 3             196           0 
 4             196           2 
 1             197           0 
 2             197           8 
 3             197           0 
 4             197           0 
 1             198           0 
 2             198           0 
 3             198           0 
 4             198           3 
 1             199           9 
 2             199           0 
 3             199           0 
 4             199           0 
 1             200           8 
 2             200           0 
 3             200           0 
 4             200           0 
 1             201           0 
 2             201           0 
 3             201           3 
 4             201           0 
 1             202           5 
 2             202           0 
 3             202           0 
 4             202           0 
 1             203           0 
 2             203           0 
 3             203           6 
 4             203           0 
 1             204           9 
 2             204           0 
 3             204           0 
 4             204           0 
 1             205           0 
 2             205           7 
 3             205           0 
 4             205           0 
 1             206           0 
 2             206           0 
 3             206           0 
 4             206           6 
 1             207           4 
 2             207           0 
 3             207           0 
 4             207           0 
 1             208           0 
 2             208           0 
 3             208           6 
 4             208           0 
 1             209           0 
 2             209           6 
 3             209           0 
 4             209           0 
 1             210           5 
 2             210           0 
 3             210           0 
 4             210           0 
 1             211           0 
 2             211           0 
 3             211           0 
 4             211           8 
 1             212           0 
 2             212           0 
 3             212           0 
 4             212           8 
 1             213           0 
 2             213           0 
 3             213           0 
 4             213           9 
 1             214           4 
 2             214           0 
 3             214           0 
 4             214           0 
 1             215           0 
 2             215           0 
 3             215           3 
 4             215           0 
 1             216           0 
 2             216           0 
 3             216           0 
 4             216           6 
 1             217           0 
 2             217           0 
 3             217           0 
 4             217           3 
 1             218           0 
 2             218           0 
 3             218           4 
 4             218           0 
 1             219           0 
 2             219           0 
 3             219           6 
 4             219           0 
 1             220           4 
 2             220           0 
 3             220           0 
 4             220           0 
 1             221           0 
 2             221           8 
 3             221           0 
 4             221           0 
 1             222           0 
 2             222           0 
 3             222           0 
 4             222           9 
 1             223           0 
 2             223           10 
 3             223           0 
 4             223           0 
 1             224           6 
 2             224           0 
 3             224           0 
 4             224           0 
 1             225           0 
 2             225           0 
 3             225           0 
 4             225           3 
 1             226           0 
 2             226           0 
 3             226           0 
 4             226           6 
 1             227           0 
 2             227           0 
 3             227           6 
 4             227           0 
 1             228           10 
 2             228           0 
 3             228           0 
 4             228           0 
 1             229           0 
 2             229           10 
 3             229           0 
 4             229           0 
 1             230           10 
 2             230           0 
 3             230           0 
 4             230           0 
 1             231           5 
 2             231           0 
 3             231           0 
 4             231           0 
 1             232           0 
 2             232           0 
 3             232           0 
 4             232           6 
 1             233           8 
 2             233           0 
 3             233           0 
 4             233           0 
 1             234           0 
 2             234           5 
 3             234           0 
 4             234           0 
 1             235           8 
 2             235           0 
 3             235           0 
 4             235           0 
 1             236           0 
 2             236           0 
 3             236           0 
 4             236           4 
 1             237           0 
 2             237           4 
 3             237           0 
 4             237           0 
 1             238           0 
 2             238           0 
 3             238           0 
 4             238           5 
 1             239           8 
 2             239           0 
 3             239           0 
 4             239           0 
 1             240           0 
 2             240           0 
 3             240           0 
 4             240           5 
 1             241           0 
 2             241           0 
 3             241           0 
 4             241           4 
 1             242           0 
 2             242           10 
 3             242           0 
 4             242           0 
 1             243           6 
 2             243           0 
 3             243           0 
 4             243           0 
 1             244           0 
 2             244           0 
 3             244           9 
 4             244           0 
 1             245           0 
 2             245           5 
 3             245           0 
 4             245           0 
 1             246           8 
 2             246           0 
 3             246           0 
 4             246           0 
 1             247           0 
 2             247           0 
 3             247           3 
 4             247           0 
 1             248           0 
 2             248           0 
 3             248           3 
 4             248           0 
 1             249           0 
 2             249           0 
 3             249           0 
 4             249           5 
 1             250           6 
 2             250           0 
 3             250           0 
 4             250           0 
 1             251           0 
 2             251           0 
 3             251           9 
 4             251           0 
 1             252           0 
 2             252           0 
 3             252           7 
 4             252           0 
 1             253           4 
 2             253           0 
 3             253           0 
 4             253           0 
 1             254           0 
 2             254           0 
 3             254           0 
 4             254           5 
 1             255           0 
 2             255           9 
 3             255           0 
 4             255           0 
 1             256           4 
 2             256           0 
 3             256           0 
 4             256           0 
 1             257           0 
 2             257           0 
 3             257           9 
 4             257           0 
 1             258           0 
 2             258           0 
 3             258           7 
 4             258           0 
 1             259           0 
 2             259           10 
 3             259           0 
 4             259           0 
 1             260           0 
 2             260           0 
 3             260           0 
 4             260           6 
 1             261           9 
 2             261           0 
 3             261           0 
 4             261           0 
 1             262           7 
 2             262           0 
 3             262           0 
 4             262           0 
 1             263           0 
 2             263           0 
 3             263           0 
 4             263           4 
 1             264           0 
 2             264           9 
 3             264           0 
 4             264           0 
 1             265           8 
 2             265           0 
 3             265           0 
 4             265           0 
 1             266           0 
 2             266           0 
 3             266           9 
 4             266           0 
 1             267           0 
 2             267           0 
 3             267           0 
 4             267           4 
 1             268           0 
 2             268           0 
 3             268           0 
 4             268           9 
 1             269           0 
 2             269           0 
 3             269           3 
 4             269           0 
 1             270           5 
 2             270           0 
 3             270           0 
 4             270           0 
 1             271           0 
 2             271           8 
 3             271           0 
 4             271           0 
 1             272           0 
 2             272           0 
 3             272           5 
 4             272           0 
 1             273           0 
 2             273           0 
 3             273           0 
 4             273           7 
 1             274           0 
 2             274           6 
 3             274           0 
 4             274           0 
 1             275           0 
 2             275           4 
 3             275           0 
 4             275           0 
 1             276           0 
 2             276           5 
 3             276           0 
 4             276           0 
 1             277           0 
 2             277           0 
 3             277           6 
 4             277           0 
 1             278           0 
 2             278           0 
 3             278           0 
 4             278           7 
 1             279           0 
 2             279           0 
 3             279           6 
 4             279           0 
 1             280           5 
 2             280           0 
 3             280           0 
 4             280           0 
 1             281           0 
 2             281           0 
 3             281           10 
 4             281           0 
 1             282           0 
 2             282           10 
 3             282           0 
 4             282           0 
 1             283           0 
 2             283           9 
 3             283           0 
 4             283           0 
 1             284           0 
 2             284           0 
 3             284           0 
 4             284           5 
 1             285           0 
 2             285           6 
 3             285           0 
 4             285           0 
 1             286           0 
 2             286           9 
 3             286           0 
 4             286           0 
 1             287           0 
 2             287           0 
 3             287           5 
 4             287           0 
 1             288           0 
 2             288           0 
 3             288           8 
 4             288           0 
 1             289           0 
 2             289           9 
 3             289           0 
 4             289           0 
 1             290           0 
 2             290           0 
 3             290           5 
 4             290           0 
 1             291           3 
 2             291           0 
 3             291           0 
 4             291           0 
 1             292           0 
 2             292           3 
 3             292           0 
 4             292           0 
 1             293           0 
 2             293           0 
 3             293           7 
 4             293           0 
 1             294           0 
 2             294           0 
 3             294           9 
 4             294           0 
 1             295           0 
 2             295           0 
 3             295           0 
 4             295           5 
 1             296           6 
 2             296           0 
 3             296           0 
 4             296           0 
 1             297           0 
 2             297           6 
 3             297           0 
 4             297           0 
 1             298           0 
 2             298           0 
 3             298           0 
 4             298           7 
 1             299           0 
 2             299           0 
 3             299           8 
 4             299           0 
 1             300           0 
 2             300           0 
 3             300           2 
 4             300           0 
 1             301           0 
 2             301           0 
 3             301           0 
 4             301           6 
 1             302           0 
 2             302           0 
 3             302           0 
 4             302           0 
