 1             1             0 
 2             1             0 
 3             1             0 
 4             1             0 
 1             2             0 
 2             2             5 
 3             2             6 
 4             2             6 
 1             3             8 
 2             3             0 
 3             3             5 
 4             3             5 
 1             4             9 
 2             4             10 
 3             4             0 
 4             4             7 
 1             5             7 
 2             5             7 
 3             5             8 
 4             5             0 
 1             6             9 
 2             6             10 
 3             6             0 
 4             6             8 
 1             7             0 
 2             7             8 
 3             7             8 
 4             7             6 
 1             8             9 
 2             8             10 
 3             8             10 
 4             8             0 
 1             9             8 
 2             9             0 
 3             9             10 
 4             9             6 
 1             10            7 
 2             10            0 
 3             10            10 
 4             10            8 
 1             11            0 
 2             11            7 
 3             11            10 
 4             11            5 
 1             12            10 
 2             12            0 
 3             12            10 
 4             12            8 
 1             13            0 
 2             13            5 
 3             13            5 
 4             13            9 
 1             14            0 
 2             14            4 
 3             14            10 
 4             14            8 
 1             15            10 
 2             15            0 
 3             15            8 
 4             15            10 
 1             16            10 
 2             16            0 
 3             16            9 
 4             16            10 
 1             17            5 
 2             17            3 
 3             17            0 
 4             17            8 
 1             18            6 
 2             18            9 
 3             18            8 
 4             18            0 
 1             19            5 
 2             19            0 
 3             19            9 
 4             19            4 
 1             20            8 
 2             20            0 
 3             20            10 
 4             20            9 
 1             21            10 
 2             21            0 
 3             21            7 
 4             21            7 
 1             22            10 
 2             22            6 
 3             22            9 
 4             22            0 
 1             23            10 
 2             23            9 
 3             23            8 
 4             23            0 
 1             24            9 
 2             24            0 
 3             24            10 
 4             24            9 
 1             25            7 
 2             25            3 
 3             25            5 
 4             25            0 
 1             26            5 
 2             26            5 
 3             26            0 
 4             26            7 
 1             27            8 
 2             27            0 
 3             27            10 
 4             27            10 
 1             28            0 
 2             28            9 
 3             28            5 
 4             28            4 
 1             29            10 
 2             29            10 
 3             29            10 
 4             29            0 
 1             30            0 
 2             30            10 
 3             30            10 
 4             30            10 
 1             31            0 
 2             31            7 
 3             31            10 
 4             31            6 
 1             32            10 
 2             32            0 
 3             32            4 
 4             32            8 
 1             33            0 
 2             33            10 
 3             33            8 
 4             33            8 
 1             34            10 
 2             34            10 
 3             34            8 
 4             34            0 
 1             35            9 
 2             35            10 
 3             35            7 
 4             35            0 
 1             36            0 
 2             36            8 
 3             36            7 
 4             36            10 
 1             37            0 
 2             37            8 
 3             37            8 
 4             37            10 
 1             38            9 
 2             38            5 
 3             38            0 
 4             38            7 
 1             39            0 
 2             39            10 
 3             39            8 
 4             39            8 
 1             40            7 
 2             40            0 
 3             40            10 
 4             40            9 
 1             41            0 
 2             41            8 
 3             41            7 
 4             41            8 
 1             42            10 
 2             42            7 
 3             42            8 
 4             42            0 
 1             43            0 
 2             43            7 
 3             43            9 
 4             43            9 
 1             44            0 
 2             44            10 
 3             44            7 
 4             44            9 
 1             45            0 
 2             45            6 
 3             45            10 
 4             45            4 
 1             46            8 
 2             46            0 
 3             46            7 
 4             46            10 
 1             47            7 
 2             47            4 
 3             47            10 
 4             47            0 
 1             48            10 
 2             48            10 
 3             48            0 
 4             48            5 
 1             49            10 
 2             49            8 
 3             49            0 
 4             49            9 
 1             50            8 
 2             50            7 
 3             50            0 
 4             50            9 
 1             51            10 
 2             51            8 
 3             51            0 
 4             51            6 
 1             52            10 
 2             52            0 
 3             52            10 
 4             52            3 
 1             53            9 
 2             53            6 
 3             53            0 
 4             53            10 
 1             54            6 
 2             54            9 
 3             54            0 
 4             54            9 
 1             55            0 
 2             55            10 
 3             55            9 
 4             55            10 
 1             56            0 
 2             56            10 
 3             56            6 
 4             56            9 
 1             57            9 
 2             57            0 
 3             57            9 
 4             57            10 
 1             58            10 
 2             58            0 
 3             58            6 
 4             58            10 
 1             59            10 
 2             59            0 
 3             59            7 
 4             59            7 
 1             60            0 
 2             60            9 
 3             60            10 
 4             60            2 
 1             61            6 
 2             61            0 
 3             61            8 
 4             61            7 
 1             62            0 
 2             62            7 
 3             62            10 
 4             62            10 
 1             63            10 
 2             63            10 
 3             63            8 
 4             63            0 
 1             64            5 
 2             64            4 
 3             64            3 
 4             64            0 
 1             65            9 
 2             65            0 
 3             65            7 
 4             65            10 
 1             66            7 
 2             66            0 
 3             66            7 
 4             66            10 
 1             67            10 
 2             67            0 
 3             67            7 
 4             67            10 
 1             68            5 
 2             68            4 
 3             68            0 
 4             68            7 
 1             69            10 
 2             69            8 
 3             69            0 
 4             69            8 
 1             70            4 
 2             70            0 
 3             70            10 
 4             70            10 
 1             71            4 
 2             71            10 
 3             71            0 
 4             71            4 
 1             72            8 
 2             72            0 
 3             72            10 
 4             72            6 
 1             73            4 
 2             73            10 
 3             73            0 
 4             73            6 
 1             74            0 
 2             74            10 
 3             74            10 
 4             74            9 
 1             75            6 
 2             75            8 
 3             75            8 
 4             75            0 
 1             76            9 
 2             76            10 
 3             76            0 
 4             76            9 
 1             77            3 
 2             77            0 
 3             77            6 
 4             77            10 
 1             78            10 
 2             78            8 
 3             78            0 
 4             78            6 
 1             79            7 
 2             79            10 
 3             79            10 
 4             79            0 
 1             80            6 
 2             80            0 
 3             80            8 
 4             80            9 
 1             81            6 
 2             81            0 
 3             81            10 
 4             81            7 
 1             82            5 
 2             82            10 
 3             82            7 
 4             82            0 
 1             83            0 
 2             83            7 
 3             83            10 
 4             83            7 
 1             84            5 
 2             84            0 
 3             84            7 
 4             84            10 
 1             85            6 
 2             85            0 
 3             85            4 
 4             85            10 
 1             86            0 
 2             86            10 
 3             86            3 
 4             86            6 
 1             87            0 
 2             87            10 
 3             87            8 
 4             87            9 
 1             88            0 
 2             88            8 
 3             88            9 
 4             88            7 
 1             89            7 
 2             89            7 
 3             89            8 
 4             89            0 
 1             90            8 
 2             90            9 
 3             90            0 
 4             90            8 
 1             91            0 
 2             91            10 
 3             91            9 
 4             91            10 
 1             92            10 
 2             92            7 
 3             92            7 
 4             92            0 
 1             93            10 
 2             93            8 
 3             93            0 
 4             93            8 
 1             94            10 
 2             94            10 
 3             94            0 
 4             94            10 
 1             95            10 
 2             95            7 
 3             95            8 
 4             95            0 
 1             96            9 
 2             96            2 
 3             96            10 
 4             96            0 
 1             97            10 
 2             97            0 
 3             97            5 
 4             97            7 
 1             98            10 
 2             98            10 
 3             98            0 
 4             98            10 
 1             99            10 
 2             99            10 
 3             99            10 
 4             99            0 
 1             100           10 
 2             100           8 
 3             100           0 
 4             100           10 
 1             101           0 
 2             101           7 
 3             101           9 
 4             101           10 
 1             102           10 
 2             102           7 
 3             102           0 
 4             102           10 
 1             103           7 
 2             103           10 
 3             103           0 
 4             103           10 
 1             104           6 
 2             104           7 
 3             104           0 
 4             104           10 
 1             105           10 
 2             105           9 
 3             105           0 
 4             105           9 
 1             106           0 
 2             106           6 
 3             106           5 
 4             106           8 
 1             107           0 
 2             107           10 
 3             107           8 
 4             107           5 
 1             108           10 
 2             108           0 
 3             108           8 
 4             108           10 
 1             109           9 
 2             109           3 
 3             109           5 
 4             109           0 
 1             110           10 
 2             110           10 
 3             110           0 
 4             110           10 
 1             111           10 
 2             111           10 
 3             111           0 
 4             111           5 
 1             112           7 
 2             112           0 
 3             112           10 
 4             112           10 
 1             113           7 
 2             113           10 
 3             113           0 
 4             113           6 
 1             114           0 
 2             114           7 
 3             114           7 
 4             114           10 
 1             115           6 
 2             115           10 
 3             115           9 
 4             115           0 
 1             116           5 
 2             116           9 
 3             116           0 
 4             116           4 
 1             117           7 
 2             117           0 
 3             117           6 
 4             117           8 
 1             118           7 
 2             118           8 
 3             118           10 
 4             118           0 
 1             119           6 
 2             119           10 
 3             119           7 
 4             119           0 
 1             120           6 
 2             120           0 
 3             120           8 
 4             120           8 
 1             121           8 
 2             121           0 
 3             121           8 
 4             121           7 
 1             122           0 
 2             122           6 
 3             122           8 
 4             122           8 
 1             123           4 
 2             123           9 
 3             123           0 
 4             123           10 
 1             124           9 
 2             124           0 
 3             124           9 
 4             124           5 
 1             125           10 
 2             125           9 
 3             125           6 
 4             125           0 
 1             126           5 
 2             126           6 
 3             126           0 
 4             126           6 
 1             127           0 
 2             127           9 
 3             127           9 
 4             127           5 
 1             128           10 
 2             128           0 
 3             128           10 
 4             128           8 
 1             129           8 
 2             129           4 
 3             129           8 
 4             129           0 
 1             130           10 
 2             130           10 
 3             130           5 
 4             130           0 
 1             131           10 
 2             131           7 
 3             131           0 
 4             131           10 
 1             132           6 
 2             132           0 
 3             132           10 
 4             132           5 
 1             133           0 
 2             133           10 
 3             133           5 
 4             133           8 
 1             134           10 
 2             134           0 
 3             134           8 
 4             134           10 
 1             135           0 
 2             135           4 
 3             135           8 
 4             135           10 
 1             136           8 
 2             136           7 
 3             136           0 
 4             136           8 
 1             137           8 
 2             137           0 
 3             137           10 
 4             137           7 
 1             138           10 
 2             138           10 
 3             138           10 
 4             138           0 
 1             139           8 
 2             139           9 
 3             139           7 
 4             139           0 
 1             140           7 
 2             140           0 
 3             140           7 
 4             140           8 
 1             141           0 
 2             141           9 
 3             141           7 
 4             141           8 
 1             142           7 
 2             142           5 
 3             142           0 
 4             142           10 
 1             143           8 
 2             143           5 
 3             143           10 
 4             143           0 
 1             144           10 
 2             144           0 
 3             144           10 
 4             144           7 
 1             145           10 
 2             145           0 
 3             145           7 
 4             145           7 
 1             146           10 
 2             146           7 
 3             146           10 
 4             146           0 
 1             147           10 
 2             147           0 
 3             147           7 
 4             147           10 
 1             148           10 
 2             148           10 
 3             148           0 
 4             148           9 
 1             149           9 
 2             149           8 
 3             149           7 
 4             149           0 
 1             150           6 
 2             150           7 
 3             150           10 
 4             150           0 
 1             151           0 
 2             151           9 
 3             151           7 
 4             151           5 
 1             152           8 
 2             152           7 
 3             152           9 
 4             152           0 
 1             153           9 
 2             153           0 
 3             153           10 
 4             153           10 
 1             154           8 
 2             154           10 
 3             154           10 
 4             154           0 
 1             155           0 
 2             155           10 
 3             155           10 
 4             155           9 
 1             156           8 
 2             156           7 
 3             156           0 
 4             156           6 
 1             157           6 
 2             157           0 
 3             157           10 
 4             157           10 
 1             158           0 
 2             158           10 
 3             158           10 
 4             158           9 
 1             159           6 
 2             159           0 
 3             159           9 
 4             159           9 
 1             160           0 
 2             160           8 
 3             160           3 
 4             160           10 
 1             161           5 
 2             161           10 
 3             161           0 
 4             161           9 
 1             162           10 
 2             162           6 
 3             162           0 
 4             162           7 
 1             163           10 
 2             163           7 
 3             163           0 
 4             163           10 
 1             164           0 
 2             164           10 
 3             164           8 
 4             164           4 
 1             165           3 
 2             165           10 
 3             165           0 
 4             165           10 
 1             166           9 
 2             166           10 
 3             166           10 
 4             166           0 
 1             167           8 
 2             167           0 
 3             167           7 
 4             167           9 
 1             168           0 
 2             168           10 
 3             168           10 
 4             168           6 
 1             169           9 
 2             169           10 
 3             169           0 
 4             169           6 
 1             170           7 
 2             170           10 
 3             170           7 
 4             170           0 
 1             171           5 
 2             171           9 
 3             171           3 
 4             171           0 
 1             172           0 
 2             172           10 
 3             172           10 
 4             172           10 
 1             173           10 
 2             173           4 
 3             173           5 
 4             173           0 
 1             174           10 
 2             174           0 
 3             174           10 
 4             174           10 
 1             175           6 
 2             175           9 
 3             175           8 
 4             175           0 
 1             176           10 
 2             176           7 
 3             176           10 
 4             176           0 
 1             177           0 
 2             177           10 
 3             177           9 
 4             177           10 
 1             178           7 
 2             178           6 
 3             178           10 
 4             178           0 
 1             179           4 
 2             179           7 
 3             179           10 
 4             179           0 
 1             180           0 
 2             180           10 
 3             180           8 
 4             180           8 
 1             181           7 
 2             181           8 
 3             181           0 
 4             181           5 
 1             182           0 
 2             182           10 
 3             182           9 
 4             182           10 
 1             183           10 
 2             183           5 
 3             183           0 
 4             183           10 
 1             184           10 
 2             184           0 
 3             184           10 
 4             184           9 
 1             185           7 
 2             185           8 
 3             185           9 
 4             185           0 
 1             186           5 
 2             186           0 
 3             186           6 
 4             186           5 
 1             187           0 
 2             187           9 
 3             187           10 
 4             187           9 
 1             188           0 
 2             188           6 
 3             188           10 
 4             188           9 
 1             189           8 
 2             189           0 
 3             189           3 
 4             189           9 
 1             190           10 
 2             190           6 
 3             190           8 
 4             190           0 
 1             191           7 
 2             191           7 
 3             191           8 
 4             191           0 
 1             192           9 
 2             192           0 
 3             192           6 
 4             192           8 
 1             193           0 
 2             193           10 
 3             193           6 
 4             193           4 
 1             194           6 
 2             194           9 
 3             194           6 
 4             194           0 
 1             195           10 
 2             195           0 
 3             195           8 
 4             195           4 
 1             196           6 
 2             196           0 
 3             196           9 
 4             196           10 
 1             197           8 
 2             197           0 
 3             197           10 
 4             197           6 
 1             198           0 
 2             198           9 
 3             198           10 
 4             198           9 
 1             199           10 
 2             199           5 
 3             199           8 
 4             199           0 
 1             200           8 
 2             200           0 
 3             200           8 
 4             200           8 
 1             201           7 
 2             201           8 
 3             201           6 
 4             201           0 
 1             202           7 
 2             202           9 
 3             202           10 
 4             202           0 
 1             203           8 
 2             203           0 
 3             203           9 
 4             203           9 
 1             204           0 
 2             204           8 
 3             204           10 
 4             204           8 
 1             205           9 
 2             205           8 
 3             205           0 
 4             205           7 
 1             206           7 
 2             206           0 
 3             206           7 
 4             206           7 
 1             207           9 
 2             207           0 
 3             207           8 
 4             207           8 
 1             208           8 
 2             208           10 
 3             208           10 
 4             208           0 
 1             209           0 
 2             209           9 
 3             209           5 
 4             209           10 
 1             210           0 
 2             210           9 
 3             210           5 
 4             210           8 
 1             211           10 
 2             211           8 
 3             211           0 
 4             211           9 
 1             212           10 
 2             212           6 
 3             212           0 
 4             212           7 
 1             213           5 
 2             213           4 
 3             213           6 
 4             213           0 
 1             214           7 
 2             214           8 
 3             214           10 
 4             214           0 
 1             215           0 
 2             215           10 
 3             215           9 
 4             215           6 
 1             216           0 
 2             216           8 
 3             216           8 
 4             216           7 
 1             217           10 
 2             217           10 
 3             217           0 
 4             217           10 
 1             218           0 
 2             218           10 
 3             218           10 
 4             218           9 
 1             219           6 
 2             219           0 
 3             219           5 
 4             219           9 
 1             220           8 
 2             220           8 
 3             220           10 
 4             220           0 
 1             221           4 
 2             221           8 
 3             221           0 
 4             221           9 
 1             222           10 
 2             222           8 
 3             222           0 
 4             222           5 
 1             223           0 
 2             223           10 
 3             223           10 
 4             223           9 
 1             224           9 
 2             224           10 
 3             224           10 
 4             224           0 
 1             225           8 
 2             225           6 
 3             225           0 
 4             225           10 
 1             226           8 
 2             226           7 
 3             226           8 
 4             226           0 
 1             227           10 
 2             227           6 
 3             227           0 
 4             227           8 
 1             228           8 
 2             228           7 
 3             228           0 
 4             228           10 
 1             229           10 
 2             229           8 
 3             229           7 
 4             229           0 
 1             230           9 
 2             230           10 
 3             230           0 
 4             230           10 
 1             231           0 
 2             231           6 
 3             231           7 
 4             231           9 
 1             232           8 
 2             232           5 
 3             232           0 
 4             232           8 
 1             233           0 
 2             233           9 
 3             233           9 
 4             233           10 
 1             234           0 
 2             234           7 
 3             234           5 
 4             234           9 
 1             235           5 
 2             235           9 
 3             235           0 
 4             235           9 
 1             236           0 
 2             236           8 
 3             236           7 
 4             236           5 
 1             237           0 
 2             237           6 
 3             237           10 
 4             237           6 
 1             238           0 
 2             238           9 
 3             238           9 
 4             238           3 
 1             239           10 
 2             239           7 
 3             239           9 
 4             239           0 
 1             240           0 
 2             240           8 
 3             240           9 
 4             240           5 
 1             241           0 
 2             241           9 
 3             241           7 
 4             241           10 
 1             242           9 
 2             242           0 
 3             242           7 
 4             242           10 
 1             243           8 
 2             243           10 
 3             243           0 
 4             243           6 
 1             244           5 
 2             244           10 
 3             244           0 
 4             244           5 
 1             245           0 
 2             245           8 
 3             245           10 
 4             245           6 
 1             246           10 
 2             246           10 
 3             246           0 
 4             246           7 
 1             247           10 
 2             247           7 
 3             247           0 
 4             247           9 
 1             248           0 
 2             248           5 
 3             248           5 
 4             248           9 
 1             249           7 
 2             249           0 
 3             249           8 
 4             249           9 
 1             250           10 
 2             250           7 
 3             250           0 
 4             250           7 
 1             251           4 
 2             251           6 
 3             251           0 
 4             251           7 
 1             252           10 
 2             252           8 
 3             252           5 
 4             252           0 
 1             253           5 
 2             253           0 
 3             253           4 
 4             253           10 
 1             254           5 
 2             254           10 
 3             254           0 
 4             254           9 
 1             255           0 
 2             255           10 
 3             255           4 
 4             255           10 
 1             256           10 
 2             256           0 
 3             256           10 
 4             256           6 
 1             257           7 
 2             257           10 
 3             257           0 
 4             257           8 
 1             258           0 
 2             258           5 
 3             258           7 
 4             258           10 
 1             259           8 
 2             259           7 
 3             259           0 
 4             259           7 
 1             260           10 
 2             260           7 
 3             260           0 
 4             260           9 
 1             261           7 
 2             261           0 
 3             261           9 
 4             261           5 
 1             262           10 
 2             262           8 
 3             262           9 
 4             262           0 
 1             263           6 
 2             263           5 
 3             263           7 
 4             263           0 
 1             264           6 
 2             264           6 
 3             264           0 
 4             264           7 
 1             265           6 
 2             265           0 
 3             265           5 
 4             265           7 
 1             266           10 
 2             266           6 
 3             266           0 
 4             266           10 
 1             267           0 
 2             267           10 
 3             267           9 
 4             267           10 
 1             268           7 
 2             268           7 
 3             268           10 
 4             268           0 
 1             269           0 
 2             269           10 
 3             269           6 
 4             269           10 
 1             270           5 
 2             270           10 
 3             270           0 
 4             270           10 
 1             271           10 
 2             271           0 
 3             271           10 
 4             271           8 
 1             272           0 
 2             272           10 
 3             272           10 
 4             272           8 
 1             273           6 
 2             273           3 
 3             273           4 
 4             273           0 
 1             274           9 
 2             274           10 
 3             274           8 
 4             274           0 
 1             275           10 
 2             275           10 
 3             275           7 
 4             275           0 
 1             276           5 
 2             276           0 
 3             276           4 
 4             276           6 
 1             277           7 
 2             277           0 
 3             277           10 
 4             277           9 
 1             278           6 
 2             278           10 
 3             278           6 
 4             278           0 
 1             279           0 
 2             279           6 
 3             279           9 
 4             279           9 
 1             280           10 
 2             280           10 
 3             280           0 
 4             280           8 
 1             281           8 
 2             281           0 
 3             281           7 
 4             281           10 
 1             282           10 
 2             282           0 
 3             282           8 
 4             282           8 
 1             283           10 
 2             283           0 
 3             283           7 
 4             283           8 
 1             284           0 
 2             284           6 
 3             284           8 
 4             284           9 
 1             285           10 
 2             285           0 
 3             285           8 
 4             285           8 
 1             286           7 
 2             286           6 
 3             286           0 
 4             286           9 
 1             287           6 
 2             287           10 
 3             287           0 
 4             287           9 
 1             288           9 
 2             288           5 
 3             288           8 
 4             288           0 
 1             289           8 
 2             289           4 
 3             289           0 
 4             289           6 
 1             290           0 
 2             290           9 
 3             290           5 
 4             290           5 
 1             291           9 
 2             291           0 
 3             291           3 
 4             291           3 
 1             292           10 
 2             292           8 
 3             292           0 
 4             292           10 
 1             293           0 
 2             293           8 
 3             293           7 
 4             293           8 
 1             294           0 
 2             294           8 
 3             294           7 
 4             294           7 
 1             295           7 
 2             295           0 
 3             295           10 
 4             295           10 
 1             296           4 
 2             296           0 
 3             296           10 
 4             296           7 
 1             297           0 
 2             297           8 
 3             297           9 
 4             297           10 
 1             298           10 
 2             298           8 
 3             298           6 
 4             298           0 
 1             299           8 
 2             299           8 
 3             299           10 
 4             299           0 
 1             300           6 
 2             300           10 
 3             300           10 
 4             300           0 
 1             301           10 
 2             301           0 
 3             301           10 
 4             301           5 
 1             302           0 
 2             302           0 
 3             302           0 
 4             302           0 
