 1             1             0 
 2             1             0 
 3             1             0 
 4             1             0 
 1             2             0 
 2             2             6 
 3             2             0 
 4             2             7 
 1             3             0 
 2             3             8 
 3             3             10 
 4             3             0 
 1             4             0 
 2             4             8 
 3             4             0 
 4             4             5 
 1             5             0 
 2             5             0 
 3             5             10 
 4             5             5 
 1             6             0 
 2             6             6 
 3             6             9 
 4             6             0 
 1             7             5 
 2             7             0 
 3             7             0 
 4             7             10 
 1             8             0 
 2             8             5 
 3             8             0 
 4             8             8 
 1             9             0 
 2             9             9 
 3             9             0 
 4             9             6 
 1             10            0 
 2             10            8 
 3             10            6 
 4             10            0 
 1             11            4 
 2             11            10 
 3             11            0 
 4             11            0 
 1             12            0 
 2             12            9 
 3             12            0 
 4             12            10 
 1             13            0 
 2             13            0 
 3             13            6 
 4             13            9 
 1             14            9 
 2             14            0 
 3             14            0 
 4             14            9 
 1             15            9 
 2             15            0 
 3             15            10 
 4             15            0 
 1             16            0 
 2             16            10 
 3             16            10 
 4             16            0 
 1             17            10 
 2             17            0 
 3             17            0 
 4             17            9 
 1             18            6 
 2             18            0 
 3             18            0 
 4             18            10 
 1             19            5 
 2             19            0 
 3             19            7 
 4             19            0 
 1             20            0 
 2             20            0 
 3             20            8 
 4             20            5 
 1             21            9 
 2             21            0 
 3             21            6 
 4             21            0 
 1             22            0 
 2             22            7 
 3             22            0 
 4             22            3 
 1             23            6 
 2             23            9 
 3             23            0 
 4             23            0 
 1             24            7 
 2             24            6 
 3             24            0 
 4             24            0 
 1             25            9 
 2             25            0 
 3             25            0 
 4             25            10 
 1             26            0 
 2             26            6 
 3             26            0 
 4             26            9 
 1             27            0 
 2             27            0 
 3             27            10 
 4             27            10 
 1             28            0 
 2             28            6 
 3             28            0 
 4             28            5 
 1             29            3 
 2             29            0 
 3             29            0 
 4             29            10 
 1             30            8 
 2             30            0 
 3             30            8 
 4             30            0 
 1             31            9 
 2             31            0 
 3             31            0 
 4             31            10 
 1             32            0 
 2             32            0 
 3             32            10 
 4             32            6 
 1             33            9 
 2             33            7 
 3             33            0 
 4             33            0 
 1             34            0 
 2             34            0 
 3             34            9 
 4             34            10 
 1             35            6 
 2             35            0 
 3             35            10 
 4             35            0 
 1             36            6 
 2             36            0 
 3             36            0 
 4             36            9 
 1             37            0 
 2             37            0 
 3             37            10 
 4             37            5 
 1             38            0 
 2             38            10 
 3             38            0 
 4             38            7 
 1             39            7 
 2             39            5 
 3             39            0 
 4             39            0 
 1             40            9 
 2             40            0 
 3             40            0 
 4             40            8 
 1             41            0 
 2             41            0 
 3             41            8 
 4             41            7 
 1             42            10 
 2             42            0 
 3             42            0 
 4             42            10 
 1             43            0 
 2             43            3 
 3             43            6 
 4             43            0 
 1             44            0 
 2             44            0 
 3             44            3 
 4             44            4 
 1             45            9 
 2             45            10 
 3             45            0 
 4             45            0 
 1             46            0 
 2             46            10 
 3             46            4 
 4             46            0 
 1             47            7 
 2             47            0 
 3             47            0 
 4             47            5 
 1             48            4 
 2             48            0 
 3             48            9 
 4             48            0 
 1             49            0 
 2             49            0 
 3             49            9 
 4             49            10 
 1             50            7 
 2             50            0 
 3             50            0 
 4             50            7 
 1             51            10 
 2             51            0 
 3             51            9 
 4             51            0 
 1             52            0 
 2             52            9 
 3             52            7 
 4             52            0 
 1             53            10 
 2             53            0 
 3             53            0 
 4             53            5 
 1             54            0 
 2             54            6 
 3             54            0 
 4             54            10 
 1             55            10 
 2             55            0 
 3             55            10 
 4             55            0 
 1             56            0 
 2             56            10 
 3             56            7 
 4             56            0 
 1             57            0 
 2             57            10 
 3             57            0 
 4             57            5 
 1             58            0 
 2             58            9 
 3             58            8 
 4             58            0 
 1             59            0 
 2             59            0 
 3             59            8 
 4             59            4 
 1             60            10 
 2             60            0 
 3             60            9 
 4             60            0 
 1             61            0 
 2             61            10 
 3             61            8 
 4             61            0 
 1             62            9 
 2             62            0 
 3             62            6 
 4             62            0 
 1             63            8 
 2             63            0 
 3             63            0 
 4             63            10 
 1             64            0 
 2             64            0 
 3             64            10 
 4             64            9 
 1             65            0 
 2             65            0 
 3             65            3 
 4             65            10 
 1             66            0 
 2             66            8 
 3             66            0 
 4             66            10 
 1             67            0 
 2             67            8 
 3             67            10 
 4             67            0 
 1             68            0 
 2             68            7 
 3             68            9 
 4             68            0 
 1             69            10 
 2             69            0 
 3             69            10 
 4             69            0 
 1             70            0 
 2             70            10 
 3             70            0 
 4             70            10 
 1             71            9 
 2             71            5 
 3             71            0 
 4             71            0 
 1             72            7 
 2             72            0 
 3             72            0 
 4             72            7 
 1             73            0 
 2             73            6 
 3             73            0 
 4             73            10 
 1             74            0 
 2             74            10 
 3             74            9 
 4             74            0 
 1             75            7 
 2             75            0 
 3             75            0 
 4             75            7 
 1             76            0 
 2             76            10 
 3             76            7 
 4             76            0 
 1             77            10 
 2             77            0 
 3             77            9 
 4             77            0 
 1             78            0 
 2             78            0 
 3             78            6 
 4             78            10 
 1             79            0 
 2             79            2 
 3             79            8 
 4             79            0 
 1             80            0 
 2             80            0 
 3             80            8 
 4             80            10 
 1             81            0 
 2             81            0 
 3             81            10 
 4             81            6 
 1             82            0 
 2             82            6 
 3             82            0 
 4             82            6 
 1             83            0 
 2             83            0 
 3             83            5 
 4             83            10 
 1             84            0 
 2             84            0 
 3             84            10 
 4             84            6 
 1             85            0 
 2             85            8 
 3             85            4 
 4             85            0 
 1             86            9 
 2             86            0 
 3             86            0 
 4             86            10 
 1             87            0 
 2             87            10 
 3             87            7 
 4             87            0 
 1             88            9 
 2             88            0 
 3             88            0 
 4             88            8 
 1             89            0 
 2             89            0 
 3             89            4 
 4             89            7 
 1             90            10 
 2             90            0 
 3             90            0 
 4             90            8 
 1             91            0 
 2             91            0 
 3             91            9 
 4             91            10 
 1             92            0 
 2             92            9 
 3             92            0 
 4             92            10 
 1             93            9 
 2             93            0 
 3             93            4 
 4             93            0 
 1             94            0 
 2             94            10 
 3             94            0 
 4             94            10 
 1             95            0 
 2             95            0 
 3             95            10 
 4             95            6 
 1             96            0 
 2             96            10 
 3             96            0 
 4             96            6 
 1             97            10 
 2             97            7 
 3             97            0 
 4             97            0 
 1             98            5 
 2             98            0 
 3             98            0 
 4             98            10 
 1             99            10 
 2             99            9 
 3             99            0 
 4             99            0 
 1             100           0 
 2             100           8 
 3             100           0 
 4             100           5 
 1             101           0 
 2             101           8 
 3             101           0 
 4             101           5 
 1             102           10 
 2             102           0 
 3             102           10 
 4             102           0 
 1             103           0 
 2             103           10 
 3             103           7 
 4             103           0 
 1             104           7 
 2             104           0 
 3             104           10 
 4             104           0 
 1             105           0 
 2             105           6 
 3             105           6 
 4             105           0 
 1             106           10 
 2             106           10 
 3             106           0 
 4             106           0 
 1             107           9 
 2             107           10 
 3             107           0 
 4             107           0 
 1             108           0 
 2             108           10 
 3             108           4 
 4             108           0 
 1             109           10 
 2             109           0 
 3             109           0 
 4             109           8 
 1             110           0 
 2             110           7 
 3             110           0 
 4             110           10 
 1             111           0 
 2             111           0 
 3             111           5 
 4             111           8 
 1             112           10 
 2             112           0 
 3             112           9 
 4             112           0 
 1             113           10 
 2             113           0 
 3             113           0 
 4             113           7 
 1             114           9 
 2             114           0 
 3             114           10 
 4             114           0 
 1             115           6 
 2             115           10 
 3             115           0 
 4             115           0 
 1             116           6 
 2             116           9 
 3             116           0 
 4             116           0 
 1             117           0 
 2             117           9 
 3             117           0 
 4             117           10 
 1             118           0 
 2             118           7 
 3             118           9 
 4             118           0 
 1             119           0 
 2             119           0 
 3             119           9 
 4             119           2 
 1             120           9 
 2             120           10 
 3             120           0 
 4             120           0 
 1             121           4 
 2             121           8 
 3             121           0 
 4             121           0 
 1             122           5 
 2             122           10 
 3             122           0 
 4             122           0 
 1             123           0 
 2             123           8 
 3             123           0 
 4             123           10 
 1             124           0 
 2             124           9 
 3             124           0 
 4             124           10 
 1             125           8 
 2             125           8 
 3             125           0 
 4             125           0 
 1             126           8 
 2             126           0 
 3             126           0 
 4             126           6 
 1             127           0 
 2             127           10 
 3             127           0 
 4             127           10 
 1             128           10 
 2             128           0 
 3             128           6 
 4             128           0 
 1             129           8 
 2             129           0 
 3             129           9 
 4             129           0 
 1             130           0 
 2             130           8 
 3             130           10 
 4             130           0 
 1             131           0 
 2             131           9 
 3             131           0 
 4             131           5 
 1             132           0 
 2             132           0 
 3             132           10 
 4             132           8 
 1             133           0 
 2             133           5 
 3             133           9 
 4             133           0 
 1             134           0 
 2             134           5 
 3             134           10 
 4             134           0 
 1             135           7 
 2             135           8 
 3             135           0 
 4             135           0 
 1             136           9 
 2             136           0 
 3             136           10 
 4             136           0 
 1             137           0 
 2             137           9 
 3             137           0 
 4             137           10 
 1             138           8 
 2             138           0 
 3             138           9 
 4             138           0 
 1             139           4 
 2             139           0 
 3             139           6 
 4             139           0 
 1             140           6 
 2             140           0 
 3             140           0 
 4             140           10 
 1             141           9 
 2             141           10 
 3             141           0 
 4             141           0 
 1             142           0 
 2             142           0 
 3             142           7 
 4             142           8 
 1             143           0 
 2             143           0 
 3             143           10 
 4             143           7 
 1             144           0 
 2             144           6 
 3             144           10 
 4             144           0 
 1             145           0 
 2             145           9 
 3             145           0 
 4             145           10 
 1             146           0 
 2             146           9 
 3             146           8 
 4             146           0 
 1             147           7 
 2             147           0 
 3             147           0 
 4             147           8 
 1             148           8 
 2             148           0 
 3             148           0 
 4             148           4 
 1             149           0 
 2             149           0 
 3             149           10 
 4             149           10 
 1             150           6 
 2             150           6 
 3             150           0 
 4             150           0 
 1             151           8 
 2             151           0 
 3             151           10 
 4             151           0 
 1             152           9 
 2             152           0 
 3             152           9 
 4             152           0 
 1             153           10 
 2             153           0 
 3             153           10 
 4             153           0 
 1             154           0 
 2             154           9 
 3             154           9 
 4             154           0 
 1             155           0 
 2             155           10 
 3             155           0 
 4             155           10 
 1             156           0 
 2             156           10 
 3             156           0 
 4             156           7 
 1             157           10 
 2             157           0 
 3             157           0 
 4             157           8 
 1             158           10 
 2             158           0 
 3             158           10 
 4             158           0 
 1             159           0 
 2             159           4 
 3             159           9 
 4             159           0 
 1             160           0 
 2             160           5 
 3             160           0 
 4             160           10 
 1             161           0 
 2             161           10 
 3             161           0 
 4             161           7 
 1             162           6 
 2             162           0 
 3             162           0 
 4             162           5 
 1             163           8 
 2             163           0 
 3             163           8 
 4             163           0 
 1             164           0 
 2             164           6 
 3             164           0 
 4             164           10 
 1             165           0 
 2             165           7 
 3             165           10 
 4             165           0 
 1             166           10 
 2             166           10 
 3             166           0 
 4             166           0 
 1             167           0 
 2             167           0 
 3             167           10 
 4             167           9 
 1             168           9 
 2             168           0 
 3             168           4 
 4             168           0 
 1             169           7 
 2             169           0 
 3             169           10 
 4             169           0 
 1             170           0 
 2             170           5 
 3             170           0 
 4             170           9 
 1             171           0 
 2             171           0 
 3             171           10 
 4             171           9 
 1             172           0 
 2             172           10 
 3             172           8 
 4             172           0 
 1             173           3 
 2             173           0 
 3             173           0 
 4             173           10 
 1             174           0 
 2             174           8 
 3             174           10 
 4             174           0 
 1             175           0 
 2             175           7 
 3             175           0 
 4             175           8 
 1             176           0 
 2             176           10 
 3             176           0 
 4             176           6 
 1             177           0 
 2             177           0 
 3             177           6 
 4             177           6 
 1             178           7 
 2             178           0 
 3             178           0 
 4             178           7 
 1             179           0 
 2             179           10 
 3             179           8 
 4             179           0 
 1             180           0 
 2             180           0 
 3             180           8 
 4             180           10 
 1             181           0 
 2             181           5 
 3             181           7 
 4             181           0 
 1             182           0 
 2             182           9 
 3             182           0 
 4             182           8 
 1             183           7 
 2             183           0 
 3             183           0 
 4             183           9 
 1             184           7 
 2             184           6 
 3             184           0 
 4             184           0 
 1             185           0 
 2             185           8 
 3             185           10 
 4             185           0 
 1             186           0 
 2             186           10 
 3             186           9 
 4             186           0 
 1             187           10 
 2             187           0 
 3             187           0 
 4             187           10 
 1             188           0 
 2             188           0 
 3             188           7 
 4             188           10 
 1             189           10 
 2             189           0 
 3             189           7 
 4             189           0 
 1             190           0 
 2             190           0 
 3             190           8 
 4             190           7 
 1             191           0 
 2             191           0 
 3             191           10 
 4             191           6 
 1             192           9 
 2             192           0 
 3             192           0 
 4             192           6 
 1             193           0 
 2             193           0 
 3             193           6 
 4             193           10 
 1             194           6 
 2             194           0 
 3             194           9 
 4             194           0 
 1             195           0 
 2             195           9 
 3             195           0 
 4             195           10 
 1             196           10 
 2             196           0 
 3             196           5 
 4             196           0 
 1             197           0 
 2             197           9 
 3             197           8 
 4             197           0 
 1             198           0 
 2             198           10 
 3             198           7 
 4             198           0 
 1             199           7 
 2             199           10 
 3             199           0 
 4             199           0 
 1             200           0 
 2             200           9 
 3             200           0 
 4             200           7 
 1             201           0 
 2             201           7 
 3             201           10 
 4             201           0 
 1             202           10 
 2             202           0 
 3             202           0 
 4             202           10 
 1             203           9 
 2             203           7 
 3             203           0 
 4             203           0 
 1             204           0 
 2             204           0 
 3             204           4 
 4             204           10 
 1             205           10 
 2             205           0 
 3             205           10 
 4             205           0 
 1             206           0 
 2             206           6 
 3             206           8 
 4             206           0 
 1             207           5 
 2             207           5 
 3             207           0 
 4             207           0 
 1             208           0 
 2             208           8 
 3             208           0 
 4             208           5 
 1             209           10 
 2             209           1 
 3             209           0 
 4             209           0 
 1             210           10 
 2             210           0 
 3             210           0 
 4             210           5 
 1             211           0 
 2             211           9 
 3             211           8 
 4             211           0 
 1             212           0 
 2             212           10 
 3             212           8 
 4             212           0 
 1             213           0 
 2             213           5 
 3             213           4 
 4             213           0 
 1             214           10 
 2             214           0 
 3             214           8 
 4             214           0 
 1             215           0 
 2             215           0 
 3             215           5 
 4             215           8 
 1             216           10 
 2             216           0 
 3             216           10 
 4             216           0 
 1             217           0 
 2             217           0 
 3             217           10 
 4             217           7 
 1             218           7 
 2             218           0 
 3             218           10 
 4             218           0 
 1             219           9 
 2             219           0 
 3             219           8 
 4             219           0 
 1             220           0 
 2             220           4 
 3             220           10 
 4             220           0 
 1             221           0 
 2             221           0 
 3             221           6 
 4             221           10 
 1             222           0 
 2             222           0 
 3             222           10 
 4             222           5 
 1             223           0 
 2             223           10 
 3             223           0 
 4             223           5 
 1             224           0 
 2             224           0 
 3             224           9 
 4             224           10 
 1             225           10 
 2             225           0 
 3             225           0 
 4             225           10 
 1             226           0 
 2             226           0 
 3             226           9 
 4             226           8 
 1             227           0 
 2             227           10 
 3             227           7 
 4             227           0 
 1             228           10 
 2             228           0 
 3             228           0 
 4             228           10 
 1             229           0 
 2             229           6 
 3             229           0 
 4             229           10 
 1             230           0 
 2             230           0 
 3             230           9 
 4             230           6 
 1             231           0 
 2             231           10 
 3             231           10 
 4             231           0 
 1             232           9 
 2             232           0 
 3             232           9 
 4             232           0 
 1             233           7 
 2             233           0 
 3             233           9 
 4             233           0 
 1             234           0 
 2             234           5 
 3             234           0 
 4             234           10 
 1             235           9 
 2             235           1 
 3             235           0 
 4             235           0 
 1             236           8 
 2             236           0 
 3             236           7 
 4             236           0 
 1             237           7 
 2             237           0 
 3             237           8 
 4             237           0 
 1             238           0 
 2             238           10 
 3             238           7 
 4             238           0 
 1             239           0 
 2             239           7 
 3             239           0 
 4             239           8 
 1             240           0 
 2             240           7 
 3             240           0 
 4             240           8 
 1             241           10 
 2             241           0 
 3             241           10 
 4             241           0 
 1             242           0 
 2             242           9 
 3             242           8 
 4             242           0 
 1             243           10 
 2             243           0 
 3             243           7 
 4             243           0 
 1             244           6 
 2             244           0 
 3             244           10 
 4             244           0 
 1             245           0 
 2             245           8 
 3             245           0 
 4             245           10 
 1             246           0 
 2             246           8 
 3             246           0 
 4             246           8 
 1             247           0 
 2             247           10 
 3             247           0 
 4             247           9 
 1             248           5 
 2             248           10 
 3             248           0 
 4             248           0 
 1             249           0 
 2             249           0 
 3             249           3 
 4             249           8 
 1             250           0 
 2             250           0 
 3             250           10 
 4             250           9 
 1             251           0 
 2             251           10 
 3             251           0 
 4             251           10 
 1             252           0 
 2             252           5 
 3             252           8 
 4             252           0 
 1             253           8 
 2             253           10 
 3             253           0 
 4             253           0 
 1             254           10 
 2             254           0 
 3             254           0 
 4             254           8 
 1             255           8 
 2             255           0 
 3             255           2 
 4             255           0 
 1             256           0 
 2             256           0 
 3             256           9 
 4             256           4 
 1             257           8 
 2             257           0 
 3             257           0 
 4             257           10 
 1             258           9 
 2             258           10 
 3             258           0 
 4             258           0 
 1             259           5 
 2             259           10 
 3             259           0 
 4             259           0 
 1             260           6 
 2             260           0 
 3             260           0 
 4             260           7 
 1             261           9 
 2             261           0 
 3             261           0 
 4             261           10 
 1             262           0 
 2             262           3 
 3             262           0 
 4             262           10 
 1             263           0 
 2             263           6 
 3             263           0 
 4             263           8 
 1             264           0 
 2             264           0 
 3             264           6 
 4             264           6 
 1             265           10 
 2             265           0 
 3             265           0 
 4             265           10 
 1             266           9 
 2             266           0 
 3             266           0 
 4             266           8 
 1             267           0 
 2             267           0 
 3             267           9 
 4             267           7 
 1             268           0 
 2             268           10 
 3             268           0 
 4             268           4 
 1             269           0 
 2             269           10 
 3             269           0 
 4             269           10 
 1             270           0 
 2             270           0 
 3             270           9 
 4             270           10 
 1             271           6 
 2             271           0 
 3             271           7 
 4             271           0 
 1             272           9 
 2             272           0 
 3             272           6 
 4             272           0 
 1             273           0 
 2             273           4 
 3             273           0 
 4             273           7 
 1             274           0 
 2             274           7 
 3             274           0 
 4             274           5 
 1             275           10 
 2             275           0 
 3             275           0 
 4             275           9 
 1             276           3 
 2             276           0 
 3             276           7 
 4             276           0 
 1             277           10 
 2             277           10 
 3             277           0 
 4             277           0 
 1             278           0 
 2             278           10 
 3             278           7 
 4             278           0 
 1             279           0 
 2             279           8 
 3             279           0 
 4             279           5 
 1             280           4 
 2             280           0 
 3             280           0 
 4             280           9 
 1             281           7 
 2             281           0 
 3             281           8 
 4             281           0 
 1             282           6 
 2             282           0 
 3             282           10 
 4             282           0 
 1             283           6 
 2             283           0 
 3             283           8 
 4             283           0 
 1             284           0 
 2             284           6 
 3             284           0 
 4             284           8 
 1             285           0 
 2             285           8 
 3             285           9 
 4             285           0 
 1             286           0 
 2             286           0 
 3             286           10 
 4             286           9 
 1             287           0 
 2             287           10 
 3             287           3 
 4             287           0 
 1             288           4 
 2             288           0 
 3             288           0 
 4             288           10 
 1             289           0 
 2             289           10 
 3             289           8 
 4             289           0 
 1             290           10 
 2             290           0 
 3             290           6 
 4             290           0 
 1             291           0 
 2             291           10 
 3             291           0 
 4             291           10 
 1             292           0 
 2             292           0 
 3             292           4 
 4             292           10 
 1             293           0 
 2             293           8 
 3             293           0 
 4             293           4 
 1             294           10 
 2             294           0 
 3             294           0 
 4             294           8 
 1             295           7 
 2             295           0 
 3             295           0 
 4             295           6 
 1             296           5 
 2             296           0 
 3             296           10 
 4             296           0 
 1             297           10 
 2             297           10 
 3             297           0 
 4             297           0 
 1             298           0 
 2             298           0 
 3             298           4 
 4             298           5 
 1             299           9 
 2             299           0 
 3             299           0 
 4             299           7 
 1             300           0 
 2             300           8 
 3             300           0 
 4             300           10 
 1             301           0 
 2             301           0 
 3             301           6 
 4             301           10 
 1             302           0 
 2             302           0 
 3             302           0 
 4             302           0 
