 1             1             0 
 2             1             0 
 3             1             0 
 4             1             0 
 1             2             4 
 2             2             0 
 3             2             7 
 4             2             5 
 1             3             9 
 2             3             0 
 3             3             8 
 4             3             9 
 1             4             9 
 2             4             3 
 3             4             9 
 4             4             0 
 1             5             5 
 2             5             5 
 3             5             9 
 4             5             0 
 1             6             10 
 2             6             10 
 3             6             10 
 4             6             0 
 1             7             5 
 2             7             4 
 3             7             9 
 4             7             0 
 1             8             7 
 2             8             7 
 3             8             9 
 4             8             0 
 1             9             0 
 2             9             8 
 3             9             8 
 4             9             10 
 1             10            0 
 2             10            10 
 3             10            10 
 4             10            6 
 1             11            10 
 2             11            0 
 3             11            6 
 4             11            4 
 1             12            0 
 2             12            10 
 3             12            10 
 4             12            7 
 1             13            2 
 2             13            10 
 3             13            9 
 4             13            0 
 1             14            10 
 2             14            6 
 3             14            0 
 4             14            9 
 1             15            4 
 2             15            0 
 3             15            10 
 4             15            6 
 1             16            0 
 2             16            6 
 3             16            7 
 4             16            10 
 1             17            9 
 2             17            0 
 3             17            5 
 4             17            4 
 1             18            0 
 2             18            10 
 3             18            7 
 4             18            7 
 1             19            7 
 2             19            0 
 3             19            10 
 4             19            10 
 1             20            0 
 2             20            5 
 3             20            5 
 4             20            9 
 1             21            0 
 2             21            10 
 3             21            7 
 4             21            7 
 1             22            7 
 2             22            10 
 3             22            9 
 4             22            0 
 1             23            0 
 2             23            10 
 3             23            9 
 4             23            8 
 1             24            0 
 2             24            10 
 3             24            8 
 4             24            8 
 1             25            0 
 2             25            10 
 3             25            6 
 4             25            9 
 1             26            0 
 2             26            5 
 3             26            9 
 4             26            6 
 1             27            0 
 2             27            8 
 3             27            3 
 4             27            10 
 1             28            10 
 2             28            6 
 3             28            8 
 4             28            0 
 1             29            5 
 2             29            0 
 3             29            4 
 4             29            4 
 1             30            0 
 2             30            10 
 3             30            10 
 4             30            10 
 1             31            10 
 2             31            0 
 3             31            6 
 4             31            4 
 1             32            7 
 2             32            9 
 3             32            0 
 4             32            7 
 1             33            4 
 2             33            7 
 3             33            0 
 4             33            10 
 1             34            6 
 2             34            0 
 3             34            10 
 4             34            8 
 1             35            10 
 2             35            0 
 3             35            10 
 4             35            5 
 1             36            10 
 2             36            0 
 3             36            6 
 4             36            9 
 1             37            8 
 2             37            8 
 3             37            0 
 4             37            10 
 1             38            6 
 2             38            10 
 3             38            0 
 4             38            6 
 1             39            6 
 2             39            9 
 3             39            0 
 4             39            8 
 1             40            6 
 2             40            0 
 3             40            10 
 4             40            6 
 1             41            10 
 2             41            8 
 3             41            9 
 4             41            0 
 1             42            0 
 2             42            10 
 3             42            7 
 4             42            10 
 1             43            9 
 2             43            9 
 3             43            7 
 4             43            0 
 1             44            0 
 2             44            10 
 3             44            5 
 4             44            9 
 1             45            0 
 2             45            9 
 3             45            8 
 4             45            8 
 1             46            3 
 2             46            0 
 3             46            10 
 4             46            10 
 1             47            9 
 2             47            9 
 3             47            0 
 4             47            10 
 1             48            9 
 2             48            0 
 3             48            6 
 4             48            5 
 1             49            8 
 2             49            0 
 3             49            5 
 4             49            8 
 1             50            4 
 2             50            7 
 3             50            0 
 4             50            7 
 1             51            8 
 2             51            5 
 3             51            9 
 4             51            0 
 1             52            6 
 2             52            0 
 3             52            10 
 4             52            10 
 1             53            0 
 2             53            10 
 3             53            10 
 4             53            8 
 1             54            8 
 2             54            0 
 3             54            8 
 4             54            10 
 1             55            5 
 2             55            0 
 3             55            9 
 4             55            10 
 1             56            8 
 2             56            7 
 3             56            4 
 4             56            0 
 1             57            5 
 2             57            9 
 3             57            0 
 4             57            5 
 1             58            7 
 2             58            9 
 3             58            7 
 4             58            0 
 1             59            9 
 2             59            7 
 3             59            0 
 4             59            9 
 1             60            6 
 2             60            10 
 3             60            7 
 4             60            0 
 1             61            10 
 2             61            0 
 3             61            10 
 4             61            8 
 1             62            9 
 2             62            10 
 3             62            0 
 4             62            10 
 1             63            9 
 2             63            7 
 3             63            0 
 4             63            10 
 1             64            9 
 2             64            0 
 3             64            9 
 4             64            8 
 1             65            6 
 2             65            0 
 3             65            8 
 4             65            7 
 1             66            9 
 2             66            0 
 3             66            10 
 4             66            7 
 1             67            8 
 2             67            0 
 3             67            8 
 4             67            7 
 1             68            7 
 2             68            8 
 3             68            0 
 4             68            9 
 1             69            7 
 2             69            9 
 3             69            0 
 4             69            7 
 1             70            10 
 2             70            5 
 3             70            6 
 4             70            0 
 1             71            7 
 2             71            6 
 3             71            0 
 4             71            7 
 1             72            0 
 2             72            10 
 3             72            7 
 4             72            10 
 1             73            10 
 2             73            10 
 3             73            0 
 4             73            10 
 1             74            9 
 2             74            4 
 3             74            8 
 4             74            0 
 1             75            10 
 2             75            6 
 3             75            0 
 4             75            10 
 1             76            5 
 2             76            0 
 3             76            10 
 4             76            9 
 1             77            8 
 2             77            10 
 3             77            0 
 4             77            10 
 1             78            8 
 2             78            0 
 3             78            10 
 4             78            6 
 1             79            10 
 2             79            10 
 3             79            0 
 4             79            10 
 1             80            8 
 2             80            10 
 3             80            0 
 4             80            8 
 1             81            9 
 2             81            9 
 3             81            6 
 4             81            0 
 1             82            9 
 2             82            9 
 3             82            10 
 4             82            0 
 1             83            0 
 2             83            5 
 3             83            6 
 4             83            10 
 1             84            9 
 2             84            9 
 3             84            0 
 4             84            10 
 1             85            10 
 2             85            10 
 3             85            0 
 4             85            7 
 1             86            0 
 2             86            9 
 3             86            10 
 4             86            6 
 1             87            7 
 2             87            0 
 3             87            9 
 4             87            8 
 1             88            10 
 2             88            10 
 3             88            8 
 4             88            0 
 1             89            0 
 2             89            7 
 3             89            9 
 4             89            8 
 1             90            5 
 2             90            7 
 3             90            0 
 4             90            10 
 1             91            7 
 2             91            0 
 3             91            9 
 4             91            7 
 1             92            9 
 2             92            10 
 3             92            0 
 4             92            5 
 1             93            10 
 2             93            8 
 3             93            4 
 4             93            0 
 1             94            9 
 2             94            0 
 3             94            6 
 4             94            10 
 1             95            0 
 2             95            8 
 3             95            9 
 4             95            9 
 1             96            10 
 2             96            0 
 3             96            4 
 4             96            8 
 1             97            4 
 2             97            9 
 3             97            10 
 4             97            0 
 1             98            10 
 2             98            0 
 3             98            10 
 4             98            10 
 1             99            10 
 2             99            0 
 3             99            10 
 4             99            10 
 1             100           9 
 2             100           0 
 3             100           10 
 4             100           8 
 1             101           0 
 2             101           6 
 3             101           8 
 4             101           8 
 1             102           0 
 2             102           8 
 3             102           10 
 4             102           10 
 1             103           10 
 2             103           7 
 3             103           0 
 4             103           4 
 1             104           0 
 2             104           10 
 3             104           5 
 4             104           8 
 1             105           9 
 2             105           8 
 3             105           10 
 4             105           0 
 1             106           10 
 2             106           6 
 3             106           0 
 4             106           6 
 1             107           0 
 2             107           9 
 3             107           6 
 4             107           8 
 1             108           0 
 2             108           8 
 3             108           9 
 4             108           6 
 1             109           9 
 2             109           7 
 3             109           0 
 4             109           10 
 1             110           9 
 2             110           0 
 3             110           10 
 4             110           6 
 1             111           6 
 2             111           0 
 3             111           10 
 4             111           10 
 1             112           2 
 2             112           10 
 3             112           0 
 4             112           6 
 1             113           9 
 2             113           8 
 3             113           10 
 4             113           0 
 1             114           10 
 2             114           10 
 3             114           7 
 4             114           0 
 1             115           10 
 2             115           7 
 3             115           6 
 4             115           0 
 1             116           0 
 2             116           10 
 3             116           8 
 4             116           10 
 1             117           0 
 2             117           10 
 3             117           9 
 4             117           9 
 1             118           10 
 2             118           8 
 3             118           0 
 4             118           7 
 1             119           10 
 2             119           10 
 3             119           0 
 4             119           7 
 1             120           8 
 2             120           0 
 3             120           10 
 4             120           9 
 1             121           9 
 2             121           3 
 3             121           0 
 4             121           4 
 1             122           8 
 2             122           7 
 3             122           6 
 4             122           0 
 1             123           6 
 2             123           6 
 3             123           0 
 4             123           6 
 1             124           0 
 2             124           4 
 3             124           5 
 4             124           10 
 1             125           10 
 2             125           0 
 3             125           7 
 4             125           5 
 1             126           0 
 2             126           10 
 3             126           8 
 4             126           6 
 1             127           0 
 2             127           7 
 3             127           9 
 4             127           8 
 1             128           9 
 2             128           6 
 3             128           0 
 4             128           10 
 1             129           9 
 2             129           10 
 3             129           5 
 4             129           0 
 1             130           10 
 2             130           7 
 3             130           0 
 4             130           10 
 1             131           9 
 2             131           0 
 3             131           10 
 4             131           9 
 1             132           0 
 2             132           10 
 3             132           3 
 4             132           10 
 1             133           9 
 2             133           0 
 3             133           7 
 4             133           10 
 1             134           5 
 2             134           10 
 3             134           10 
 4             134           0 
 1             135           5 
 2             135           2 
 3             135           10 
 4             135           0 
 1             136           9 
 2             136           9 
 3             136           10 
 4             136           0 
 1             137           5 
 2             137           8 
 3             137           0 
 4             137           4 
 1             138           0 
 2             138           9 
 3             138           7 
 4             138           10 
 1             139           10 
 2             139           8 
 3             139           0 
 4             139           9 
 1             140           8 
 2             140           9 
 3             140           4 
 4             140           0 
 1             141           8 
 2             141           9 
 3             141           6 
 4             141           0 
 1             142           0 
 2             142           6 
 3             142           6 
 4             142           8 
 1             143           0 
 2             143           10 
 3             143           7 
 4             143           10 
 1             144           7 
 2             144           0 
 3             144           8 
 4             144           10 
 1             145           10 
 2             145           0 
 3             145           10 
 4             145           10 
 1             146           7 
 2             146           9 
 3             146           7 
 4             146           0 
 1             147           0 
 2             147           10 
 3             147           10 
 4             147           3 
 1             148           0 
 2             148           8 
 3             148           8 
 4             148           8 
 1             149           8 
 2             149           9 
 3             149           0 
 4             149           6 
 1             150           8 
 2             150           6 
 3             150           10 
 4             150           0 
 1             151           0 
 2             151           10 
 3             151           8 
 4             151           7 
 1             152           6 
 2             152           7 
 3             152           0 
 4             152           8 
 1             153           10 
 2             153           8 
 3             153           0 
 4             153           6 
 1             154           10 
 2             154           0 
 3             154           7 
 4             154           10 
 1             155           7 
 2             155           0 
 3             155           6 
 4             155           9 
 1             156           10 
 2             156           9 
 3             156           0 
 4             156           10 
 1             157           10 
 2             157           10 
 3             157           10 
 4             157           0 
 1             158           7 
 2             158           5 
 3             158           0 
 4             158           8 
 1             159           9 
 2             159           6 
 3             159           8 
 4             159           0 
 1             160           7 
 2             160           0 
 3             160           9 
 4             160           7 
 1             161           7 
 2             161           9 
 3             161           7 
 4             161           0 
 1             162           0 
 2             162           8 
 3             162           10 
 4             162           4 
 1             163           10 
 2             163           0 
 3             163           10 
 4             163           7 
 1             164           10 
 2             164           0 
 3             164           8 
 4             164           4 
 1             165           10 
 2             165           5 
 3             165           0 
 4             165           7 
 1             166           10 
 2             166           8 
 3             166           7 
 4             166           0 
 1             167           0 
 2             167           6 
 3             167           9 
 4             167           5 
 1             168           8 
 2             168           8 
 3             168           0 
 4             168           8 
 1             169           6 
 2             169           10 
 3             169           0 
 4             169           10 
 1             170           9 
 2             170           0 
 3             170           8 
 4             170           7 
 1             171           10 
 2             171           5 
 3             171           10 
 4             171           0 
 1             172           0 
 2             172           8 
 3             172           8 
 4             172           8 
 1             173           7 
 2             173           10 
 3             173           8 
 4             173           0 
 1             174           6 
 2             174           9 
 3             174           0 
 4             174           6 
 1             175           10 
 2             175           0 
 3             175           10 
 4             175           8 
 1             176           10 
 2             176           10 
 3             176           10 
 4             176           0 
 1             177           10 
 2             177           9 
 3             177           0 
 4             177           10 
 1             178           10 
 2             178           0 
 3             178           8 
 4             178           10 
 1             179           0 
 2             179           10 
 3             179           10 
 4             179           7 
 1             180           9 
 2             180           6 
 3             180           0 
 4             180           10 
 1             181           8 
 2             181           9 
 3             181           8 
 4             181           0 
 1             182           10 
 2             182           10 
 3             182           9 
 4             182           0 
 1             183           10 
 2             183           7 
 3             183           0 
 4             183           9 
 1             184           0 
 2             184           6 
 3             184           10 
 4             184           9 
 1             185           7 
 2             185           0 
 3             185           4 
 4             185           6 
 1             186           10 
 2             186           9 
 3             186           0 
 4             186           6 
 1             187           0 
 2             187           9 
 3             187           8 
 4             187           10 
 1             188           0 
 2             188           7 
 3             188           6 
 4             188           8 
 1             189           10 
 2             189           9 
 3             189           0 
 4             189           7 
 1             190           6 
 2             190           0 
 3             190           10 
 4             190           8 
 1             191           6 
 2             191           6 
 3             191           8 
 4             191           0 
 1             192           0 
 2             192           5 
 3             192           9 
 4             192           10 
 1             193           10 
 2             193           0 
 3             193           5 
 4             193           6 
 1             194           9 
 2             194           7 
 3             194           6 
 4             194           0 
 1             195           9 
 2             195           0 
 3             195           6 
 4             195           10 
 1             196           10 
 2             196           5 
 3             196           0 
 4             196           8 
 1             197           10 
 2             197           8 
 3             197           3 
 4             197           0 
 1             198           10 
 2             198           0 
 3             198           7 
 4             198           10 
 1             199           0 
 2             199           7 
 3             199           4 
 4             199           10 
 1             200           8 
 2             200           8 
 3             200           0 
 4             200           6 
 1             201           9 
 2             201           10 
 3             201           0 
 4             201           8 
 1             202           8 
 2             202           0 
 3             202           8 
 4             202           7 
 1             203           0 
 2             203           9 
 3             203           9 
 4             203           10 
 1             204           10 
 2             204           0 
 3             204           8 
 4             204           10 
 1             205           9 
 2             205           10 
 3             205           8 
 4             205           0 
 1             206           4 
 2             206           8 
 3             206           0 
 4             206           10 
 1             207           0 
 2             207           10 
 3             207           10 
 4             207           10 
 1             208           9 
 2             208           10 
 3             208           0 
 4             208           7 
 1             209           5 
 2             209           0 
 3             209           6 
 4             209           6 
 1             210           8 
 2             210           8 
 3             210           0 
 4             210           7 
 1             211           5 
 2             211           8 
 3             211           10 
 4             211           0 
 1             212           7 
 2             212           0 
 3             212           7 
 4             212           10 
 1             213           0 
 2             213           5 
 3             213           6 
 4             213           10 
 1             214           5 
 2             214           8 
 3             214           0 
 4             214           9 
 1             215           0 
 2             215           7 
 3             215           8 
 4             215           7 
 1             216           10 
 2             216           0 
 3             216           7 
 4             216           10 
 1             217           10 
 2             217           10 
 3             217           9 
 4             217           0 
 1             218           9 
 2             218           10 
 3             218           9 
 4             218           0 
 1             219           10 
 2             219           6 
 3             219           0 
 4             219           6 
 1             220           10 
 2             220           10 
 3             220           0 
 4             220           5 
 1             221           0 
 2             221           10 
 3             221           10 
 4             221           10 
 1             222           6 
 2             222           0 
 3             222           10 
 4             222           6 
 1             223           0 
 2             223           9 
 3             223           10 
 4             223           5 
 1             224           5 
 2             224           0 
 3             224           10 
 4             224           7 
 1             225           10 
 2             225           8 
 3             225           0 
 4             225           7 
 1             226           0 
 2             226           9 
 3             226           5 
 4             226           5 
 1             227           9 
 2             227           9 
 3             227           10 
 4             227           0 
 1             228           3 
 2             228           0 
 3             228           9 
 4             228           7 
 1             229           6 
 2             229           10 
 3             229           9 
 4             229           0 
 1             230           0 
 2             230           10 
 3             230           10 
 4             230           9 
 1             231           0 
 2             231           6 
 3             231           10 
 4             231           10 
 1             232           7 
 2             232           7 
 3             232           0 
 4             232           10 
 1             233           10 
 2             233           10 
 3             233           0 
 4             233           10 
 1             234           10 
 2             234           0 
 3             234           7 
 4             234           7 
 1             235           10 
 2             235           9 
 3             235           7 
 4             235           0 
 1             236           4 
 2             236           5 
 3             236           0 
 4             236           10 
 1             237           10 
 2             237           10 
 3             237           7 
 4             237           0 
 1             238           6 
 2             238           0 
 3             238           5 
 4             238           10 
 1             239           8 
 2             239           0 
 3             239           10 
 4             239           6 
 1             240           0 
 2             240           10 
 3             240           8 
 4             240           5 
 1             241           0 
 2             241           8 
 3             241           4 
 4             241           10 
 1             242           9 
 2             242           9 
 3             242           10 
 4             242           0 
 1             243           7 
 2             243           8 
 3             243           0 
 4             243           7 
 1             244           4 
 2             244           0 
 3             244           9 
 4             244           10 
 1             245           10 
 2             245           7 
 3             245           0 
 4             245           10 
 1             246           10 
 2             246           0 
 3             246           10 
 4             246           10 
 1             247           10 
 2             247           8 
 3             247           6 
 4             247           0 
 1             248           0 
 2             248           7 
 3             248           10 
 4             248           9 
 1             249           0 
 2             249           7 
 3             249           9 
 4             249           10 
 1             250           6 
 2             250           7 
 3             250           0 
 4             250           5 
 1             251           0 
 2             251           4 
 3             251           4 
 4             251           9 
 1             252           0 
 2             252           6 
 3             252           8 
 4             252           10 
 1             253           0 
 2             253           7 
 3             253           10 
 4             253           8 
 1             254           5 
 2             254           0 
 3             254           10 
 4             254           10 
 1             255           10 
 2             255           9 
 3             255           10 
 4             255           0 
 1             256           5 
 2             256           6 
 3             256           4 
 4             256           0 
 1             257           10 
 2             257           6 
 3             257           0 
 4             257           10 
 1             258           2 
 2             258           6 
 3             258           0 
 4             258           9 
 1             259           6 
 2             259           0 
 3             259           10 
 4             259           8 
 1             260           0 
 2             260           8 
 3             260           9 
 4             260           5 
 1             261           7 
 2             261           0 
 3             261           7 
 4             261           8 
 1             262           0 
 2             262           5 
 3             262           10 
 4             262           6 
 1             263           7 
 2             263           7 
 3             263           9 
 4             263           0 
 1             264           10 
 2             264           6 
 3             264           7 
 4             264           0 
 1             265           6 
 2             265           0 
 3             265           9 
 4             265           10 
 1             266           10 
 2             266           6 
 3             266           10 
 4             266           0 
 1             267           7 
 2             267           10 
 3             267           0 
 4             267           10 
 1             268           0 
 2             268           9 
 3             268           9 
 4             268           9 
 1             269           9 
 2             269           0 
 3             269           7 
 4             269           9 
 1             270           10 
 2             270           7 
 3             270           0 
 4             270           8 
 1             271           6 
 2             271           9 
 3             271           0 
 4             271           8 
 1             272           0 
 2             272           8 
 3             272           3 
 4             272           10 
 1             273           10 
 2             273           9 
 3             273           0 
 4             273           10 
 1             274           10 
 2             274           10 
 3             274           9 
 4             274           0 
 1             275           7 
 2             275           0 
 3             275           10 
 4             275           10 
 1             276           6 
 2             276           0 
 3             276           10 
 4             276           10 
 1             277           9 
 2             277           6 
 3             277           0 
 4             277           9 
 1             278           7 
 2             278           7 
 3             278           7 
 4             278           0 
 1             279           8 
 2             279           0 
 3             279           6 
 4             279           7 
 1             280           7 
 2             280           0 
 3             280           10 
 4             280           7 
 1             281           5 
 2             281           5 
 3             281           0 
 4             281           6 
 1             282           0 
 2             282           10 
 3             282           10 
 4             282           9 
 1             283           8 
 2             283           6 
 3             283           0 
 4             283           8 
 1             284           6 
 2             284           5 
 3             284           8 
 4             284           0 
 1             285           10 
 2             285           8 
 3             285           0 
 4             285           4 
 1             286           0 
 2             286           8 
 3             286           8 
 4             286           6 
 1             287           0 
 2             287           8 
 3             287           10 
 4             287           8 
 1             288           4 
 2             288           10 
 3             288           4 
 4             288           0 
 1             289           0 
 2             289           6 
 3             289           10 
 4             289           10 
 1             290           0 
 2             290           10 
 3             290           8 
 4             290           4 
 1             291           8 
 2             291           10 
 3             291           0 
 4             291           2 
 1             292           5 
 2             292           0 
 3             292           10 
 4             292           3 
 1             293           7 
 2             293           10 
 3             293           10 
 4             293           0 
 1             294           0 
 2             294           9 
 3             294           6 
 4             294           10 
 1             295           10 
 2             295           0 
 3             295           4 
 4             295           9 
 1             296           9 
 2             296           0 
 3             296           9 
 4             296           6 
 1             297           7 
 2             297           7 
 3             297           6 
 4             297           0 
 1             298           9 
 2             298           7 
 3             298           0 
 4             298           9 
 1             299           10 
 2             299           10 
 3             299           8 
 4             299           0 
 1             300           10 
 2             300           0 
 3             300           5 
 4             300           9 
 1             301           10 
 2             301           4 
 3             301           7 
 4             301           0 
 1             302           0 
 2             302           0 
 3             302           0 
 4             302           0 
