 1             1             0 
 2             1             0 
 3             1             0 
 4             1             0 
 1             2             1 
 2             2             1 
 3             2             1 
 4             2             1 
 1             3             1 
 2             3             2 
 3             3             5 
 4             3             2 
 1             4             1 
 2             4             1 
 3             4             1 
 4             4             2 
 1             5             3 
 2             5             1 
 3             5             2 
 4             5             1 
 1             6             1 
 2             6             1 
 3             6             2 
 4             6             3 
 1             7             3 
 2             7             1 
 3             7             3 
 4             7             1 
 1             8             1 
 2             8             1 
 3             8             1 
 4             8             4 
 1             9             1 
 2             9             2 
 3             9             3 
 4             9             1 
 1             10            1 
 2             10            3 
 3             10            1 
 4             10            4 
 1             11            2 
 2             11            1 
 3             11            2 
 4             11            2 
 1             12            2 
 2             12            2 
 3             12            1 
 4             12            1 
 1             13            3 
 2             13            2 
 3             13            2 
 4             13            2 
 1             14            4 
 2             14            1 
 3             14            1 
 4             14            1 
 1             15            2 
 2             15            3 
 3             15            2 
 4             15            1 
 1             16            3 
 2             16            2 
 3             16            1 
 4             16            1 
 1             17            2 
 2             17            4 
 3             17            6 
 4             17            2 
 1             18            1 
 2             18            2 
 3             18            1 
 4             18            2 
 1             19            2 
 2             19            5 
 3             19            1 
 4             19            1 
 1             20            2 
 2             20            1 
 3             20            3 
 4             20            1 
 1             21            1 
 2             21            1 
 3             21            3 
 4             21            2 
 1             22            2 
 2             22            3 
 3             22            2 
 4             22            1 
 1             23            1 
 2             23            2 
 3             23            4 
 4             23            1 
 1             24            5 
 2             24            3 
 3             24            1 
 4             24            1 
 1             25            3 
 2             25            5 
 3             25            1 
 4             25            2 
 1             26            1 
 2             26            1 
 3             26            1 
 4             26            1 
 1             27            1 
 2             27            1 
 3             27            3 
 4             27            1 
 1             28            3 
 2             28            1 
 3             28            2 
 4             28            1 
 1             29            1 
 2             29            2 
 3             29            4 
 4             29            3 
 1             30            4 
 2             30            2 
 3             30            1 
 4             30            3 
 1             31            1 
 2             31            4 
 3             31            1 
 4             31            2 
 1             32            3 
 2             32            1 
 3             32            1 
 4             32            1 
 1             33            2 
 2             33            2 
 3             33            4 
 4             33            2 
 1             34            1 
 2             34            1 
 3             34            1 
 4             34            3 
 1             35            2 
 2             35            2 
 3             35            2 
 4             35            3 
 1             36            4 
 2             36            1 
 3             36            1 
 4             36            1 
 1             37            1 
 2             37            2 
 3             37            1 
 4             37            1 
 1             38            1 
 2             38            1 
 3             38            2 
 4             38            3 
 1             39            4 
 2             39            1 
 3             39            3 
 4             39            1 
 1             40            3 
 2             40            3 
 3             40            2 
 4             40            1 
 1             41            1 
 2             41            3 
 3             41            1 
 4             41            2 
 1             42            2 
 2             42            2 
 3             42            4 
 4             42            4 
 1             43            4 
 2             43            2 
 3             43            1 
 4             43            2 
 1             44            1 
 2             44            4 
 3             44            5 
 4             44            2 
 1             45            3 
 2             45            1 
 3             45            3 
 4             45            2 
 1             46            3 
 2             46            3 
 3             46            2 
 4             46            3 
 1             47            2 
 2             47            2 
 3             47            4 
 4             47            2 
 1             48            1 
 2             48            2 
 3             48            3 
 4             48            1 
 1             49            1 
 2             49            1 
 3             49            1 
 4             49            1 
 1             50            2 
 2             50            3 
 3             50            3 
 4             50            3 
 1             51            2 
 2             51            1 
 3             51            2 
 4             51            3 
 1             52            3 
 2             52            2 
 3             52            1 
 4             52            1 
 1             53            2 
 2             53            2 
 3             53            1 
 4             53            4 
 1             54            4 
 2             54            2 
 3             54            1 
 4             54            3 
 1             55            2 
 2             55            4 
 3             55            3 
 4             55            3 
 1             56            1 
 2             56            3 
 3             56            2 
 4             56            1 
 1             57            1 
 2             57            2 
 3             57            3 
 4             57            1 
 1             58            2 
 2             58            3 
 3             58            3 
 4             58            2 
 1             59            2 
 2             59            1 
 3             59            1 
 4             59            2 
 1             60            2 
 2             60            3 
 3             60            2 
 4             60            2 
 1             61            3 
 2             61            1 
 3             61            1 
 4             61            1 
 1             62            3 
 2             62            3 
 3             62            2 
 4             62            2 
 1             63            2 
 2             63            2 
 3             63            2 
 4             63            2 
 1             64            3 
 2             64            1 
 3             64            2 
 4             64            3 
 1             65            1 
 2             65            3 
 3             65            3 
 4             65            1 
 1             66            3 
 2             66            4 
 3             66            4 
 4             66            1 
 1             67            1 
 2             67            3 
 3             67            2 
 4             67            4 
 1             68            1 
 2             68            1 
 3             68            2 
 4             68            2 
 1             69            3 
 2             69            1 
 3             69            3 
 4             69            5 
 1             70            3 
 2             70            2 
 3             70            2 
 4             70            1 
 1             71            1 
 2             71            2 
 3             71            2 
 4             71            1 
 1             72            1 
 2             72            2 
 3             72            1 
 4             72            3 
 1             73            2 
 2             73            1 
 3             73            2 
 4             73            2 
 1             74            3 
 2             74            1 
 3             74            4 
 4             74            1 
 1             75            3 
 2             75            2 
 3             75            2 
 4             75            1 
 1             76            1 
 2             76            1 
 3             76            5 
 4             76            1 
 1             77            3 
 2             77            1 
 3             77            1 
 4             77            2 
 1             78            1 
 2             78            1 
 3             78            2 
 4             78            1 
 1             79            3 
 2             79            1 
 3             79            2 
 4             79            1 
 1             80            2 
 2             80            2 
 3             80            1 
 4             80            3 
 1             81            1 
 2             81            4 
 3             81            1 
 4             81            4 
 1             82            2 
 2             82            2 
 3             82            1 
 4             82            2 
 1             83            1 
 2             83            2 
 3             83            1 
 4             83            2 
 1             84            1 
 2             84            2 
 3             84            3 
 4             84            2 
 1             85            1 
 2             85            4 
 3             85            2 
 4             85            2 
 1             86            4 
 2             86            1 
 3             86            3 
 4             86            3 
 1             87            2 
 2             87            2 
 3             87            1 
 4             87            1 
 1             88            2 
 2             88            2 
 3             88            1 
 4             88            1 
 1             89            5 
 2             89            3 
 3             89            2 
 4             89            1 
 1             90            1 
 2             90            2 
 3             90            2 
 4             90            1 
 1             91            3 
 2             91            1 
 3             91            3 
 4             91            1 
 1             92            2 
 2             92            2 
 3             92            2 
 4             92            2 
 1             93            2 
 2             93            3 
 3             93            2 
 4             93            1 
 1             94            1 
 2             94            1 
 3             94            2 
 4             94            2 
 1             95            3 
 2             95            2 
 3             95            1 
 4             95            4 
 1             96            2 
 2             96            1 
 3             96            1 
 4             96            2 
 1             97            1 
 2             97            1 
 3             97            2 
 4             97            1 
 1             98            1 
 2             98            4 
 3             98            2 
 4             98            4 
 1             99            2 
 2             99            1 
 3             99            3 
 4             99            1 
 1             100           4 
 2             100           1 
 3             100           2 
 4             100           3 
 1             101           1 
 2             101           2 
 3             101           1 
 4             101           2 
 1             102           2 
 2             102           3 
 3             102           2 
 4             102           3 
 1             103           2 
 2             103           3 
 3             103           2 
 4             103           2 
 1             104           2 
 2             104           3 
 3             104           4 
 4             104           1 
 1             105           2 
 2             105           2 
 3             105           1 
 4             105           3 
 1             106           3 
 2             106           1 
 3             106           2 
 4             106           1 
 1             107           2 
 2             107           2 
 3             107           3 
 4             107           1 
 1             108           1 
 2             108           3 
 3             108           1 
 4             108           1 
 1             109           5 
 2             109           1 
 3             109           1 
 4             109           2 
 1             110           2 
 2             110           2 
 3             110           3 
 4             110           3 
 1             111           3 
 2             111           1 
 3             111           2 
 4             111           1 
 1             112           2 
 2             112           2 
 3             112           2 
 4             112           3 
 1             113           2 
 2             113           2 
 3             113           1 
 4             113           3 
 1             114           3 
 2             114           4 
 3             114           3 
 4             114           2 
 1             115           2 
 2             115           3 
 3             115           5 
 4             115           2 
 1             116           2 
 2             116           1 
 3             116           1 
 4             116           3 
 1             117           1 
 2             117           2 
 3             117           2 
 4             117           2 
 1             118           4 
 2             118           1 
 3             118           3 
 4             118           1 
 1             119           3 
 2             119           3 
 3             119           2 
 4             119           3 
 1             120           2 
 2             120           2 
 3             120           4 
 4             120           2 
 1             121           2 
 2             121           1 
 3             121           2 
 4             121           1 
 1             122           3 
 2             122           1 
 3             122           1 
 4             122           1 
 1             123           1 
 2             123           1 
 3             123           1 
 4             123           4 
 1             124           1 
 2             124           2 
 3             124           1 
 4             124           3 
 1             125           3 
 2             125           1 
 3             125           2 
 4             125           2 
 1             126           1 
 2             126           2 
 3             126           2 
 4             126           1 
 1             127           2 
 2             127           3 
 3             127           2 
 4             127           2 
 1             128           1 
 2             128           4 
 3             128           3 
 4             128           1 
 1             129           1 
 2             129           1 
 3             129           1 
 4             129           1 
 1             130           2 
 2             130           1 
 3             130           1 
 4             130           1 
 1             131           3 
 2             131           2 
 3             131           2 
 4             131           4 
 1             132           1 
 2             132           1 
 3             132           2 
 4             132           1 
 1             133           3 
 2             133           1 
 3             133           1 
 4             133           4 
 1             134           3 
 2             134           1 
 3             134           1 
 4             134           3 
 1             135           2 
 2             135           2 
 3             135           1 
 4             135           2 
 1             136           3 
 2             136           1 
 3             136           2 
 4             136           1 
 1             137           2 
 2             137           3 
 3             137           2 
 4             137           1 
 1             138           2 
 2             138           2 
 3             138           2 
 4             138           3 
 1             139           2 
 2             139           2 
 3             139           1 
 4             139           3 
 1             140           2 
 2             140           1 
 3             140           2 
 4             140           1 
 1             141           4 
 2             141           3 
 3             141           1 
 4             141           1 
 1             142           2 
 2             142           1 
 3             142           1 
 4             142           2 
 1             143           1 
 2             143           3 
 3             143           1 
 4             143           2 
 1             144           1 
 2             144           2 
 3             144           3 
 4             144           1 
 1             145           4 
 2             145           3 
 3             145           1 
 4             145           1 
 1             146           1 
 2             146           1 
 3             146           2 
 4             146           2 
 1             147           4 
 2             147           2 
 3             147           3 
 4             147           3 
 1             148           2 
 2             148           1 
 3             148           5 
 4             148           4 
 1             149           1 
 2             149           2 
 3             149           2 
 4             149           2 
 1             150           2 
 2             150           1 
 3             150           2 
 4             150           2 
 1             151           1 
 2             151           2 
 3             151           2 
 4             151           4 
 1             152           2 
 2             152           1 
 3             152           3 
 4             152           2 
 1             153           4 
 2             153           1 
 3             153           2 
 4             153           2 
 1             154           1 
 2             154           2 
 3             154           1 
 4             154           4 
 1             155           3 
 2             155           3 
 3             155           3 
 4             155           2 
 1             156           1 
 2             156           4 
 3             156           2 
 4             156           1 
 1             157           2 
 2             157           1 
 3             157           2 
 4             157           6 
 1             158           2 
 2             158           2 
 3             158           2 
 4             158           1 
 1             159           1 
 2             159           1 
 3             159           1 
 4             159           1 
 1             160           2 
 2             160           1 
 3             160           1 
 4             160           1 
 1             161           2 
 2             161           1 
 3             161           1 
 4             161           3 
 1             162           3 
 2             162           3 
 3             162           3 
 4             162           4 
 1             163           1 
 2             163           2 
 3             163           1 
 4             163           2 
 1             164           1 
 2             164           1 
 3             164           1 
 4             164           2 
 1             165           2 
 2             165           2 
 3             165           1 
 4             165           5 
 1             166           2 
 2             166           1 
 3             166           2 
 4             166           4 
 1             167           2 
 2             167           1 
 3             167           2 
 4             167           2 
 1             168           3 
 2             168           1 
 3             168           1 
 4             168           3 
 1             169           1 
 2             169           1 
 3             169           1 
 4             169           1 
 1             170           2 
 2             170           2 
 3             170           1 
 4             170           2 
 1             171           3 
 2             171           2 
 3             171           3 
 4             171           2 
 1             172           1 
 2             172           1 
 3             172           1 
 4             172           2 
 1             173           2 
 2             173           1 
 3             173           1 
 4             173           2 
 1             174           3 
 2             174           2 
 3             174           1 
 4             174           2 
 1             175           2 
 2             175           1 
 3             175           3 
 4             175           4 
 1             176           3 
 2             176           2 
 3             176           1 
 4             176           2 
 1             177           2 
 2             177           1 
 3             177           3 
 4             177           2 
 1             178           1 
 2             178           2 
 3             178           2 
 4             178           1 
 1             179           2 
 2             179           3 
 3             179           3 
 4             179           2 
 1             180           3 
 2             180           2 
 3             180           1 
 4             180           2 
 1             181           3 
 2             181           1 
 3             181           3 
 4             181           2 
 1             182           2 
 2             182           4 
 3             182           2 
 4             182           1 
 1             183           4 
 2             183           2 
 3             183           5 
 4             183           1 
 1             184           1 
 2             184           1 
 3             184           2 
 4             184           2 
 1             185           1 
 2             185           1 
 3             185           2 
 4             185           1 
 1             186           1 
 2             186           3 
 3             186           1 
 4             186           2 
 1             187           1 
 2             187           1 
 3             187           1 
 4             187           3 
 1             188           1 
 2             188           5 
 3             188           2 
 4             188           1 
 1             189           1 
 2             189           2 
 3             189           2 
 4             189           6 
 1             190           2 
 2             190           3 
 3             190           2 
 4             190           3 
 1             191           2 
 2             191           3 
 3             191           5 
 4             191           2 
 1             192           1 
 2             192           3 
 3             192           3 
 4             192           3 
 1             193           2 
 2             193           3 
 3             193           1 
 4             193           1 
 1             194           4 
 2             194           1 
 3             194           1 
 4             194           4 
 1             195           1 
 2             195           3 
 3             195           2 
 4             195           2 
 1             196           3 
 2             196           1 
 3             196           1 
 4             196           1 
 1             197           2 
 2             197           1 
 3             197           3 
 4             197           1 
 1             198           3 
 2             198           2 
 3             198           2 
 4             198           1 
 1             199           1 
 2             199           2 
 3             199           1 
 4             199           2 
 1             200           3 
 2             200           2 
 3             200           1 
 4             200           1 
 1             201           1 
 2             201           2 
 3             201           1 
 4             201           1 
 1             202           1 
 2             202           2 
 3             202           2 
 4             202           4 
 1             203           2 
 2             203           3 
 3             203           2 
 4             203           1 
 1             204           1 
 2             204           2 
 3             204           1 
 4             204           3 
 1             205           3 
 2             205           3 
 3             205           1 
 4             205           3 
 1             206           2 
 2             206           4 
 3             206           1 
 4             206           3 
 1             207           2 
 2             207           3 
 3             207           3 
 4             207           1 
 1             208           1 
 2             208           2 
 3             208           4 
 4             208           1 
 1             209           1 
 2             209           2 
 3             209           1 
 4             209           2 
 1             210           2 
 2             210           4 
 3             210           1 
 4             210           1 
 1             211           3 
 2             211           1 
 3             211           2 
 4             211           1 
 1             212           3 
 2             212           3 
 3             212           2 
 4             212           1 
 1             213           1 
 2             213           1 
 3             213           1 
 4             213           2 
 1             214           1 
 2             214           4 
 3             214           1 
 4             214           1 
 1             215           2 
 2             215           1 
 3             215           2 
 4             215           1 
 1             216           1 
 2             216           1 
 3             216           1 
 4             216           2 
 1             217           3 
 2             217           2 
 3             217           3 
 4             217           1 
 1             218           1 
 2             218           2 
 3             218           2 
 4             218           2 
 1             219           3 
 2             219           1 
 3             219           3 
 4             219           2 
 1             220           1 
 2             220           2 
 3             220           2 
 4             220           2 
 1             221           2 
 2             221           1 
 3             221           2 
 4             221           1 
 1             222           4 
 2             222           1 
 3             222           2 
 4             222           2 
 1             223           1 
 2             223           3 
 3             223           1 
 4             223           4 
 1             224           2 
 2             224           1 
 3             224           2 
 4             224           1 
 1             225           1 
 2             225           1 
 3             225           2 
 4             225           3 
 1             226           1 
 2             226           3 
 3             226           1 
 4             226           1 
 1             227           1 
 2             227           1 
 3             227           2 
 4             227           2 
 1             228           2 
 2             228           1 
 3             228           1 
 4             228           1 
 1             229           3 
 2             229           2 
 3             229           1 
 4             229           2 
 1             230           3 
 2             230           3 
 3             230           2 
 4             230           4 
 1             231           2 
 2             231           2 
 3             231           1 
 4             231           1 
 1             232           3 
 2             232           2 
 3             232           3 
 4             232           2 
 1             233           1 
 2             233           3 
 3             233           2 
 4             233           1 
 1             234           2 
 2             234           2 
 3             234           3 
 4             234           4 
 1             235           2 
 2             235           2 
 3             235           2 
 4             235           2 
 1             236           1 
 2             236           3 
 3             236           3 
 4             236           1 
 1             237           2 
 2             237           1 
 3             237           4 
 4             237           3 
 1             238           3 
 2             238           2 
 3             238           3 
 4             238           2 
 1             239           1 
 2             239           4 
 3             239           3 
 4             239           1 
 1             240           2 
 2             240           3 
 3             240           2 
 4             240           1 
 1             241           2 
 2             241           3 
 3             241           2 
 4             241           1 
 1             242           2 
 2             242           4 
 3             242           2 
 4             242           1 
 1             243           2 
 2             243           2 
 3             243           6 
 4             243           1 
 1             244           2 
 2             244           2 
 3             244           1 
 4             244           2 
 1             245           1 
 2             245           4 
 3             245           3 
 4             245           3 
 1             246           1 
 2             246           1 
 3             246           3 
 4             246           4 
 1             247           1 
 2             247           3 
 3             247           4 
 4             247           2 
 1             248           3 
 2             248           1 
 3             248           2 
 4             248           1 
 1             249           2 
 2             249           1 
 3             249           2 
 4             249           1 
 1             250           2 
 2             250           4 
 3             250           1 
 4             250           2 
 1             251           1 
 2             251           3 
 3             251           1 
 4             251           1 
 1             252           2 
 2             252           3 
 3             252           2 
 4             252           2 
 1             253           3 
 2             253           1 
 3             253           2 
 4             253           4 
 1             254           2 
 2             254           1 
 3             254           1 
 4             254           1 
 1             255           1 
 2             255           2 
 3             255           1 
 4             255           1 
 1             256           2 
 2             256           2 
 3             256           1 
 4             256           1 
 1             257           2 
 2             257           4 
 3             257           1 
 4             257           2 
 1             258           2 
 2             258           2 
 3             258           1 
 4             258           1 
 1             259           3 
 2             259           4 
 3             259           2 
 4             259           3 
 1             260           3 
 2             260           2 
 3             260           4 
 4             260           1 
 1             261           2 
 2             261           1 
 3             261           1 
 4             261           2 
 1             262           2 
 2             262           3 
 3             262           1 
 4             262           4 
 1             263           2 
 2             263           1 
 3             263           2 
 4             263           2 
 1             264           2 
 2             264           1 
 3             264           2 
 4             264           3 
 1             265           1 
 2             265           1 
 3             265           3 
 4             265           1 
 1             266           1 
 2             266           3 
 3             266           6 
 4             266           2 
 1             267           3 
 2             267           3 
 3             267           1 
 4             267           3 
 1             268           1 
 2             268           2 
 3             268           2 
 4             268           2 
 1             269           1 
 2             269           1 
 3             269           1 
 4             269           1 
 1             270           2 
 2             270           1 
 3             270           1 
 4             270           2 
 1             271           1 
 2             271           2 
 3             271           3 
 4             271           1 
 1             272           3 
 2             272           4 
 3             272           2 
 4             272           1 
 1             273           3 
 2             273           2 
 3             273           2 
 4             273           3 
 1             274           1 
 2             274           2 
 3             274           2 
 4             274           3 
 1             275           2 
 2             275           2 
 3             275           2 
 4             275           2 
 1             276           2 
 2             276           1 
 3             276           1 
 4             276           2 
 1             277           3 
 2             277           3 
 3             277           1 
 4             277           3 
 1             278           1 
 2             278           2 
 3             278           1 
 4             278           1 
 1             279           1 
 2             279           2 
 3             279           1 
 4             279           2 
 1             280           2 
 2             280           2 
 3             280           4 
 4             280           1 
 1             281           1 
 2             281           2 
 3             281           3 
 4             281           2 
 1             282           1 
 2             282           1 
 3             282           2 
 4             282           1 
 1             283           3 
 2             283           2 
 3             283           2 
 4             283           2 
 1             284           2 
 2             284           3 
 3             284           1 
 4             284           2 
 1             285           4 
 2             285           1 
 3             285           1 
 4             285           5 
 1             286           2 
 2             286           3 
 3             286           2 
 4             286           2 
 1             287           2 
 2             287           1 
 3             287           1 
 4             287           2 
 1             288           2 
 2             288           2 
 3             288           4 
 4             288           3 
 1             289           2 
 2             289           2 
 3             289           5 
 4             289           2 
 1             290           2 
 2             290           2 
 3             290           2 
 4             290           2 
 1             291           1 
 2             291           1 
 3             291           1 
 4             291           1 
 1             292           1 
 2             292           2 
 3             292           1 
 4             292           1 
 1             293           2 
 2             293           1 
 3             293           2 
 4             293           2 
 1             294           1 
 2             294           1 
 3             294           2 
 4             294           2 
 1             295           1 
 2             295           1 
 3             295           2 
 4             295           2 
 1             296           1 
 2             296           3 
 3             296           1 
 4             296           5 
 1             297           2 
 2             297           4 
 3             297           1 
 4             297           1 
 1             298           1 
 2             298           1 
 3             298           1 
 4             298           2 
 1             299           4 
 2             299           4 
 3             299           5 
 4             299           2 
 1             300           3 
 2             300           1 
 3             300           2 
 4             300           3 
 1             301           1 
 2             301           2 
 3             301           1 
 4             301           3 
 1             302           0 
 2             302           0 
 3             302           0 
 4             302           0 
