 1             1             0 
 2             1             0 
 3             1             0 
 4             1             0 
 1             2             1 
 2             2             0 
 3             2             1 
 4             2             0 
 1             3             1 
 2             3             0 
 3             3             0 
 4             3             1 
 1             4             0 
 2             4             0 
 3             4             1 
 4             4             2 
 1             5             3 
 2             5             0 
 3             5             0 
 4             5             1 
 1             6             0 
 2             6             1 
 3             6             0 
 4             6             2 
 1             7             1 
 2             7             2 
 3             7             0 
 4             7             0 
 1             8             0 
 2             8             0 
 3             8             4 
 4             8             2 
 1             9             1 
 2             9             0 
 3             9             1 
 4             9             0 
 1             10            1 
 2             10            0 
 3             10            1 
 4             10            0 
 1             11            0 
 2             11            1 
 3             11            0 
 4             11            3 
 1             12            1 
 2             12            2 
 3             12            0 
 4             12            0 
 1             13            0 
 2             13            1 
 3             13            2 
 4             13            0 
 1             14            0 
 2             14            3 
 3             14            1 
 4             14            0 
 1             15            1 
 2             15            2 
 3             15            0 
 4             15            0 
 1             16            5 
 2             16            2 
 3             16            0 
 4             16            0 
 1             17            0 
 2             17            0 
 3             17            3 
 4             17            3 
 1             18            2 
 2             18            2 
 3             18            0 
 4             18            0 
 1             19            2 
 2             19            0 
 3             19            3 
 4             19            0 
 1             20            0 
 2             20            2 
 3             20            0 
 4             20            1 
 1             21            0 
 2             21            1 
 3             21            0 
 4             21            2 
 1             22            2 
 2             22            0 
 3             22            1 
 4             22            0 
 1             23            0 
 2             23            0 
 3             23            2 
 4             23            3 
 1             24            0 
 2             24            0 
 3             24            2 
 4             24            3 
 1             25            0 
 2             25            2 
 3             25            0 
 4             25            3 
 1             26            2 
 2             26            0 
 3             26            2 
 4             26            0 
 1             27            0 
 2             27            2 
 3             27            4 
 4             27            0 
 1             28            0 
 2             28            0 
 3             28            3 
 4             28            2 
 1             29            0 
 2             29            0 
 3             29            5 
 4             29            2 
 1             30            1 
 2             30            0 
 3             30            2 
 4             30            0 
 1             31            1 
 2             31            0 
 3             31            0 
 4             31            2 
 1             32            1 
 2             32            0 
 3             32            0 
 4             32            3 
 1             33            2 
 2             33            1 
 3             33            0 
 4             33            0 
 1             34            2 
 2             34            0 
 3             34            3 
 4             34            0 
 1             35            1 
 2             35            0 
 3             35            3 
 4             35            0 
 1             36            1 
 2             36            0 
 3             36            2 
 4             36            0 
 1             37            0 
 2             37            5 
 3             37            1 
 4             37            0 
 1             38            0 
 2             38            3 
 3             38            0 
 4             38            2 
 1             39            1 
 2             39            0 
 3             39            0 
 4             39            1 
 1             40            1 
 2             40            0 
 3             40            3 
 4             40            0 
 1             41            0 
 2             41            2 
 3             41            0 
 4             41            2 
 1             42            2 
 2             42            0 
 3             42            0 
 4             42            2 
 1             43            2 
 2             43            5 
 3             43            0 
 4             43            0 
 1             44            1 
 2             44            0 
 3             44            0 
 4             44            1 
 1             45            3 
 2             45            0 
 3             45            2 
 4             45            0 
 1             46            0 
 2             46            3 
 3             46            1 
 4             46            0 
 1             47            0 
 2             47            1 
 3             47            0 
 4             47            3 
 1             48            5 
 2             48            0 
 3             48            1 
 4             48            0 
 1             49            1 
 2             49            1 
 3             49            0 
 4             49            0 
 1             50            0 
 2             50            3 
 3             50            0 
 4             50            1 
 1             51            0 
 2             51            0 
 3             51            2 
 4             51            4 
 1             52            0 
 2             52            1 
 3             52            0 
 4             52            2 
 1             53            2 
 2             53            2 
 3             53            0 
 4             53            0 
 1             54            0 
 2             54            2 
 3             54            1 
 4             54            0 
 1             55            0 
 2             55            1 
 3             55            1 
 4             55            0 
 1             56            2 
 2             56            0 
 3             56            1 
 4             56            0 
 1             57            0 
 2             57            0 
 3             57            1 
 4             57            3 
 1             58            0 
 2             58            0 
 3             58            1 
 4             58            4 
 1             59            1 
 2             59            2 
 3             59            0 
 4             59            0 
 1             60            0 
 2             60            0 
 3             60            3 
 4             60            1 
 1             61            1 
 2             61            1 
 3             61            0 
 4             61            0 
 1             62            2 
 2             62            0 
 3             62            0 
 4             62            1 
 1             63            2 
 2             63            0 
 3             63            0 
 4             63            1 
 1             64            0 
 2             64            3 
 3             64            0 
 4             64            3 
 1             65            2 
 2             65            0 
 3             65            3 
 4             65            0 
 1             66            2 
 2             66            1 
 3             66            0 
 4             66            0 
 1             67            0 
 2             67            3 
 3             67            0 
 4             67            2 
 1             68            0 
 2             68            4 
 3             68            2 
 4             68            0 
 1             69            0 
 2             69            2 
 3             69            2 
 4             69            0 
 1             70            0 
 2             70            0 
 3             70            3 
 4             70            2 
 1             71            0 
 2             71            2 
 3             71            0 
 4             71            1 
 1             72            0 
 2             72            2 
 3             72            1 
 4             72            0 
 1             73            1 
 2             73            1 
 3             73            0 
 4             73            0 
 1             74            2 
 2             74            1 
 3             74            0 
 4             74            0 
 1             75            3 
 2             75            0 
 3             75            0 
 4             75            2 
 1             76            0 
 2             76            2 
 3             76            1 
 4             76            0 
 1             77            1 
 2             77            0 
 3             77            1 
 4             77            0 
 1             78            0 
 2             78            0 
 3             78            2 
 4             78            3 
 1             79            0 
 2             79            2 
 3             79            0 
 4             79            1 
 1             80            3 
 2             80            2 
 3             80            0 
 4             80            0 
 1             81            0 
 2             81            4 
 3             81            0 
 4             81            2 
 1             82            0 
 2             82            1 
 3             82            0 
 4             82            1 
 1             83            0 
 2             83            0 
 3             83            2 
 4             83            3 
 1             84            0 
 2             84            1 
 3             84            2 
 4             84            0 
 1             85            2 
 2             85            0 
 3             85            0 
 4             85            2 
 1             86            3 
 2             86            0 
 3             86            1 
 4             86            0 
 1             87            1 
 2             87            0 
 3             87            3 
 4             87            0 
 1             88            2 
 2             88            3 
 3             88            0 
 4             88            0 
 1             89            0 
 2             89            2 
 3             89            2 
 4             89            0 
 1             90            0 
 2             90            3 
 3             90            4 
 4             90            0 
 1             91            0 
 2             91            2 
 3             91            3 
 4             91            0 
 1             92            2 
 2             92            0 
 3             92            1 
 4             92            0 
 1             93            0 
 2             93            3 
 3             93            2 
 4             93            0 
 1             94            0 
 2             94            3 
 3             94            2 
 4             94            0 
 1             95            0 
 2             95            0 
 3             95            1 
 4             95            3 
 1             96            2 
 2             96            0 
 3             96            1 
 4             96            0 
 1             97            1 
 2             97            1 
 3             97            0 
 4             97            0 
 1             98            3 
 2             98            0 
 3             98            3 
 4             98            0 
 1             99            2 
 2             99            2 
 3             99            0 
 4             99            0 
 1             100           0 
 2             100           2 
 3             100           0 
 4             100           1 
 1             101           0 
 2             101           3 
 3             101           0 
 4             101           2 
 1             102           3 
 2             102           3 
 3             102           0 
 4             102           0 
 1             103           3 
 2             103           0 
 3             103           0 
 4             103           1 
 1             104           2 
 2             104           0 
 3             104           1 
 4             104           0 
 1             105           0 
 2             105           0 
 3             105           4 
 4             105           4 
 1             106           2 
 2             106           0 
 3             106           0 
 4             106           2 
 1             107           0 
 2             107           0 
 3             107           1 
 4             107           2 
 1             108           0 
 2             108           1 
 3             108           0 
 4             108           2 
 1             109           1 
 2             109           0 
 3             109           2 
 4             109           0 
 1             110           2 
 2             110           0 
 3             110           0 
 4             110           3 
 1             111           2 
 2             111           0 
 3             111           1 
 4             111           0 
 1             112           2 
 2             112           0 
 3             112           0 
 4             112           2 
 1             113           1 
 2             113           0 
 3             113           0 
 4             113           2 
 1             114           2 
 2             114           0 
 3             114           0 
 4             114           1 
 1             115           0 
 2             115           1 
 3             115           0 
 4             115           1 
 1             116           0 
 2             116           2 
 3             116           0 
 4             116           2 
 1             117           0 
 2             117           1 
 3             117           3 
 4             117           0 
 1             118           1 
 2             118           0 
 3             118           1 
 4             118           0 
 1             119           3 
 2             119           0 
 3             119           0 
 4             119           3 
 1             120           0 
 2             120           0 
 3             120           3 
 4             120           2 
 1             121           1 
 2             121           0 
 3             121           0 
 4             121           2 
 1             122           2 
 2             122           2 
 3             122           0 
 4             122           0 
 1             123           0 
 2             123           3 
 3             123           4 
 4             123           0 
 1             124           0 
 2             124           3 
 3             124           3 
 4             124           0 
 1             125           0 
 2             125           1 
 3             125           1 
 4             125           0 
 1             126           0 
 2             126           1 
 3             126           2 
 4             126           0 
 1             127           0 
 2             127           1 
 3             127           2 
 4             127           0 
 1             128           2 
 2             128           2 
 3             128           0 
 4             128           0 
 1             129           0 
 2             129           0 
 3             129           4 
 4             129           1 
 1             130           0 
 2             130           1 
 3             130           0 
 4             130           2 
 1             131           1 
 2             131           0 
 3             131           2 
 4             131           0 
 1             132           2 
 2             132           2 
 3             132           0 
 4             132           0 
 1             133           2 
 2             133           0 
 3             133           1 
 4             133           0 
 1             134           2 
 2             134           0 
 3             134           0 
 4             134           2 
 1             135           4 
 2             135           1 
 3             135           0 
 4             135           0 
 1             136           0 
 2             136           3 
 3             136           4 
 4             136           0 
 1             137           2 
 2             137           0 
 3             137           1 
 4             137           0 
 1             138           0 
 2             138           0 
 3             138           1 
 4             138           2 
 1             139           0 
 2             139           0 
 3             139           1 
 4             139           1 
 1             140           4 
 2             140           0 
 3             140           1 
 4             140           0 
 1             141           0 
 2             141           0 
 3             141           2 
 4             141           2 
 1             142           2 
 2             142           0 
 3             142           0 
 4             142           2 
 1             143           2 
 2             143           0 
 3             143           0 
 4             143           1 
 1             144           0 
 2             144           2 
 3             144           0 
 4             144           1 
 1             145           1 
 2             145           0 
 3             145           3 
 4             145           0 
 1             146           2 
 2             146           0 
 3             146           0 
 4             146           3 
 1             147           0 
 2             147           1 
 3             147           0 
 4             147           2 
 1             148           0 
 2             148           2 
 3             148           0 
 4             148           1 
 1             149           1 
 2             149           0 
 3             149           1 
 4             149           0 
 1             150           2 
 2             150           1 
 3             150           0 
 4             150           0 
 1             151           2 
 2             151           0 
 3             151           0 
 4             151           5 
 1             152           0 
 2             152           0 
 3             152           2 
 4             152           4 
 1             153           0 
 2             153           1 
 3             153           0 
 4             153           2 
 1             154           3 
 2             154           3 
 3             154           0 
 4             154           0 
 1             155           0 
 2             155           3 
 3             155           3 
 4             155           0 
 1             156           0 
 2             156           2 
 3             156           1 
 4             156           0 
 1             157           0 
 2             157           0 
 3             157           3 
 4             157           1 
 1             158           0 
 2             158           0 
 3             158           2 
 4             158           2 
 1             159           0 
 2             159           0 
 3             159           1 
 4             159           2 
 1             160           0 
 2             160           3 
 3             160           0 
 4             160           1 
 1             161           0 
 2             161           2 
 3             161           0 
 4             161           3 
 1             162           1 
 2             162           0 
 3             162           2 
 4             162           0 
 1             163           0 
 2             163           3 
 3             163           1 
 4             163           0 
 1             164           1 
 2             164           0 
 3             164           1 
 4             164           0 
 1             165           0 
 2             165           1 
 3             165           0 
 4             165           2 
 1             166           0 
 2             166           1 
 3             166           0 
 4             166           1 
 1             167           1 
 2             167           1 
 3             167           0 
 4             167           0 
 1             168           1 
 2             168           0 
 3             168           0 
 4             168           1 
 1             169           1 
 2             169           0 
 3             169           0 
 4             169           3 
 1             170           0 
 2             170           1 
 3             170           2 
 4             170           0 
 1             171           0 
 2             171           1 
 3             171           4 
 4             171           0 
 1             172           1 
 2             172           0 
 3             172           0 
 4             172           1 
 1             173           0 
 2             173           5 
 3             173           0 
 4             173           2 
 1             174           1 
 2             174           0 
 3             174           2 
 4             174           0 
 1             175           0 
 2             175           4 
 3             175           1 
 4             175           0 
 1             176           0 
 2             176           2 
 3             176           0 
 4             176           1 
 1             177           0 
 2             177           0 
 3             177           2 
 4             177           1 
 1             178           1 
 2             178           0 
 3             178           0 
 4             178           1 
 1             179           5 
 2             179           2 
 3             179           0 
 4             179           0 
 1             180           0 
 2             180           3 
 3             180           3 
 4             180           0 
 1             181           3 
 2             181           0 
 3             181           3 
 4             181           0 
 1             182           4 
 2             182           0 
 3             182           0 
 4             182           2 
 1             183           2 
 2             183           2 
 3             183           0 
 4             183           0 
 1             184           1 
 2             184           1 
 3             184           0 
 4             184           0 
 1             185           0 
 2             185           0 
 3             185           1 
 4             185           3 
 1             186           1 
 2             186           0 
 3             186           0 
 4             186           3 
 1             187           0 
 2             187           0 
 3             187           2 
 4             187           2 
 1             188           1 
 2             188           0 
 3             188           0 
 4             188           4 
 1             189           0 
 2             189           0 
 3             189           4 
 4             189           2 
 1             190           0 
 2             190           1 
 3             190           0 
 4             190           2 
 1             191           0 
 2             191           0 
 3             191           1 
 4             191           2 
 1             192           4 
 2             192           0 
 3             192           0 
 4             192           2 
 1             193           0 
 2             193           1 
 3             193           0 
 4             193           2 
 1             194           0 
 2             194           3 
 3             194           0 
 4             194           1 
 1             195           0 
 2             195           1 
 3             195           1 
 4             195           0 
 1             196           2 
 2             196           0 
 3             196           1 
 4             196           0 
 1             197           1 
 2             197           0 
 3             197           1 
 4             197           0 
 1             198           0 
 2             198           0 
 3             198           2 
 4             198           5 
 1             199           1 
 2             199           0 
 3             199           0 
 4             199           2 
 1             200           0 
 2             200           2 
 3             200           0 
 4             200           6 
 1             201           3 
 2             201           2 
 3             201           0 
 4             201           0 
 1             202           3 
 2             202           0 
 3             202           1 
 4             202           0 
 1             203           0 
 2             203           0 
 3             203           2 
 4             203           2 
 1             204           0 
 2             204           1 
 3             204           0 
 4             204           2 
 1             205           0 
 2             205           7 
 3             205           1 
 4             205           0 
 1             206           0 
 2             206           3 
 3             206           2 
 4             206           0 
 1             207           0 
 2             207           4 
 3             207           0 
 4             207           3 
 1             208           0 
 2             208           0 
 3             208           1 
 4             208           2 
 1             209           1 
 2             209           0 
 3             209           0 
 4             209           1 
 1             210           2 
 2             210           0 
 3             210           2 
 4             210           0 
 1             211           0 
 2             211           0 
 3             211           4 
 4             211           5 
 1             212           3 
 2             212           0 
 3             212           3 
 4             212           0 
 1             213           2 
 2             213           0 
 3             213           0 
 4             213           2 
 1             214           0 
 2             214           1 
 3             214           0 
 4             214           2 
 1             215           0 
 2             215           3 
 3             215           0 
 4             215           1 
 1             216           0 
 2             216           1 
 3             216           0 
 4             216           3 
 1             217           4 
 2             217           1 
 3             217           0 
 4             217           0 
 1             218           0 
 2             218           2 
 3             218           0 
 4             218           3 
 1             219           4 
 2             219           0 
 3             219           1 
 4             219           0 
 1             220           0 
 2             220           2 
 3             220           0 
 4             220           2 
 1             221           0 
 2             221           3 
 3             221           1 
 4             221           0 
 1             222           3 
 2             222           0 
 3             222           0 
 4             222           2 
 1             223           2 
 2             223           2 
 3             223           0 
 4             223           0 
 1             224           0 
 2             224           2 
 3             224           2 
 4             224           0 
 1             225           0 
 2             225           1 
 3             225           2 
 4             225           0 
 1             226           0 
 2             226           1 
 3             226           5 
 4             226           0 
 1             227           1 
 2             227           0 
 3             227           1 
 4             227           0 
 1             228           4 
 2             228           2 
 3             228           0 
 4             228           0 
 1             229           1 
 2             229           0 
 3             229           2 
 4             229           0 
 1             230           0 
 2             230           1 
 3             230           4 
 4             230           0 
 1             231           2 
 2             231           0 
 3             231           0 
 4             231           1 
 1             232           2 
 2             232           3 
 3             232           0 
 4             232           0 
 1             233           1 
 2             233           3 
 3             233           0 
 4             233           0 
 1             234           0 
 2             234           2 
 3             234           3 
 4             234           0 
 1             235           2 
 2             235           4 
 3             235           0 
 4             235           0 
 1             236           0 
 2             236           2 
 3             236           0 
 4             236           2 
 1             237           1 
 2             237           0 
 3             237           0 
 4             237           2 
 1             238           2 
 2             238           0 
 3             238           0 
 4             238           1 
 1             239           3 
 2             239           2 
 3             239           0 
 4             239           0 
 1             240           0 
 2             240           2 
 3             240           0 
 4             240           1 
 1             241           3 
 2             241           0 
 3             241           0 
 4             241           1 
 1             242           0 
 2             242           0 
 3             242           2 
 4             242           3 
 1             243           0 
 2             243           2 
 3             243           0 
 4             243           2 
 1             244           0 
 2             244           2 
 3             244           0 
 4             244           1 
 1             245           1 
 2             245           0 
 3             245           0 
 4             245           1 
 1             246           4 
 2             246           0 
 3             246           0 
 4             246           1 
 1             247           3 
 2             247           0 
 3             247           2 
 4             247           0 
 1             248           0 
 2             248           0 
 3             248           2 
 4             248           2 
 1             249           2 
 2             249           0 
 3             249           0 
 4             249           1 
 1             250           0 
 2             250           1 
 3             250           0 
 4             250           3 
 1             251           3 
 2             251           0 
 3             251           1 
 4             251           0 
 1             252           5 
 2             252           0 
 3             252           0 
 4             252           1 
 1             253           0 
 2             253           0 
 3             253           2 
 4             253           1 
 1             254           0 
 2             254           3 
 3             254           4 
 4             254           0 
 1             255           1 
 2             255           0 
 3             255           2 
 4             255           0 
 1             256           1 
 2             256           3 
 3             256           0 
 4             256           0 
 1             257           1 
 2             257           0 
 3             257           0 
 4             257           1 
 1             258           0 
 2             258           2 
 3             258           0 
 4             258           4 
 1             259           1 
 2             259           2 
 3             259           0 
 4             259           0 
 1             260           4 
 2             260           2 
 3             260           0 
 4             260           0 
 1             261           2 
 2             261           0 
 3             261           0 
 4             261           1 
 1             262           5 
 2             262           0 
 3             262           0 
 4             262           1 
 1             263           1 
 2             263           0 
 3             263           1 
 4             263           0 
 1             264           0 
 2             264           1 
 3             264           1 
 4             264           0 
 1             265           0 
 2             265           0 
 3             265           3 
 4             265           2 
 1             266           3 
 2             266           0 
 3             266           3 
 4             266           0 
 1             267           0 
 2             267           0 
 3             267           2 
 4             267           2 
 1             268           0 
 2             268           0 
 3             268           1 
 4             268           2 
 1             269           0 
 2             269           0 
 3             269           4 
 4             269           1 
 1             270           2 
 2             270           0 
 3             270           0 
 4             270           1 
 1             271           0 
 2             271           1 
 3             271           0 
 4             271           1 
 1             272           0 
 2             272           1 
 3             272           0 
 4             272           2 
 1             273           0 
 2             273           0 
 3             273           1 
 4             273           1 
 1             274           0 
 2             274           0 
 3             274           3 
 4             274           1 
 1             275           0 
 2             275           0 
 3             275           2 
 4             275           1 
 1             276           1 
 2             276           1 
 3             276           0 
 4             276           0 
 1             277           2 
 2             277           1 
 3             277           0 
 4             277           0 
 1             278           0 
 2             278           3 
 3             278           5 
 4             278           0 
 1             279           1 
 2             279           0 
 3             279           1 
 4             279           0 
 1             280           0 
 2             280           3 
 3             280           1 
 4             280           0 
 1             281           1 
 2             281           2 
 3             281           0 
 4             281           0 
 1             282           0 
 2             282           4 
 3             282           0 
 4             282           3 
 1             283           0 
 2             283           1 
 3             283           1 
 4             283           0 
 1             284           1 
 2             284           0 
 3             284           1 
 4             284           0 
 1             285           2 
 2             285           0 
 3             285           2 
 4             285           0 
 1             286           0 
 2             286           0 
 3             286           1 
 4             286           2 
 1             287           2 
 2             287           0 
 3             287           2 
 4             287           0 
 1             288           0 
 2             288           1 
 3             288           1 
 4             288           0 
 1             289           2 
 2             289           1 
 3             289           0 
 4             289           0 
 1             290           2 
 2             290           2 
 3             290           0 
 4             290           0 
 1             291           2 
 2             291           0 
 3             291           0 
 4             291           2 
 1             292           6 
 2             292           0 
 3             292           0 
 4             292           3 
 1             293           2 
 2             293           2 
 3             293           0 
 4             293           0 
 1             294           1 
 2             294           2 
 3             294           0 
 4             294           0 
 1             295           0 
 2             295           0 
 3             295           2 
 4             295           3 
 1             296           3 
 2             296           0 
 3             296           0 
 4             296           3 
 1             297           3 
 2             297           1 
 3             297           0 
 4             297           0 
 1             298           0 
 2             298           0 
 3             298           1 
 4             298           1 
 1             299           2 
 2             299           1 
 3             299           0 
 4             299           0 
 1             300           1 
 2             300           1 
 3             300           0 
 4             300           0 
 1             301           0 
 2             301           1 
 3             301           0 
 4             301           1 
 1             302           0 
 2             302           0 
 3             302           0 
 4             302           0 
