 1             1             0 
 2             1             0 
 3             1             0 
 4             1             0 
 1             2             0 
 2             2             1 
 3             2             1 
 4             2             0 
 1             3             1 
 2             3             7 
 3             3             0 
 4             3             0 
 1             4             2 
 2             4             4 
 3             4             0 
 4             4             0 
 1             5             0 
 2             5             3 
 3             5             1 
 4             5             0 
 1             6             5 
 2             6             8 
 3             6             0 
 4             6             0 
 1             7             0 
 2             7             4 
 3             7             6 
 4             7             0 
 1             8             0 
 2             8             3 
 3             8             4 
 4             8             0 
 1             9             0 
 2             9             0 
 3             9             3 
 4             9             1 
 1             10            4 
 2             10            0 
 3             10            6 
 4             10            0 
 1             11            0 
 2             11            0 
 3             11            6 
 4             11            3 
 1             12            0 
 2             12            0 
 3             12            5 
 4             12            3 
 1             13            0 
 2             13            0 
 3             13            3 
 4             13            5 
 1             14            5 
 2             14            0 
 3             14            3 
 4             14            0 
 1             15            0 
 2             15            0 
 3             15            4 
 4             15            9 
 1             16            0 
 2             16            2 
 3             16            3 
 4             16            0 
 1             17            7 
 2             17            0 
 3             17            4 
 4             17            0 
 1             18            3 
 2             18            0 
 3             18            0 
 4             18            6 
 1             19            0 
 2             19            0 
 3             19            4 
 4             19            3 
 1             20            3 
 2             20            0 
 3             20            0 
 4             20            3 
 1             21            0 
 2             21            3 
 3             21            0 
 4             21            2 
 1             22            3 
 2             22            0 
 3             22            0 
 4             22            6 
 1             23            0 
 2             23            4 
 3             23            3 
 4             23            0 
 1             24            4 
 2             24            0 
 3             24            0 
 4             24            1 
 1             25            0 
 2             25            2 
 3             25            4 
 4             25            0 
 1             26            3 
 2             26            5 
 3             26            0 
 4             26            0 
 1             27            0 
 2             27            0 
 3             27            3 
 4             27            4 
 1             28            4 
 2             28            0 
 3             28            6 
 4             28            0 
 1             29            0 
 2             29            2 
 3             29            4 
 4             29            0 
 1             30            3 
 2             30            3 
 3             30            0 
 4             30            0 
 1             31            0 
 2             31            0 
 3             31            4 
 4             31            2 
 1             32            0 
 2             32            7 
 3             32            5 
 4             32            0 
 1             33            7 
 2             33            0 
 3             33            3 
 4             33            0 
 1             34            0 
 2             34            0 
 3             34            7 
 4             34            4 
 1             35            6 
 2             35            0 
 3             35            3 
 4             35            0 
 1             36            4 
 2             36            0 
 3             36            5 
 4             36            0 
 1             37            2 
 2             37            0 
 3             37            0 
 4             37            4 
 1             38            0 
 2             38            1 
 3             38            3 
 4             38            0 
 1             39            4 
 2             39            4 
 3             39            0 
 4             39            0 
 1             40            3 
 2             40            0 
 3             40            0 
 4             40            5 
 1             41            0 
 2             41            0 
 3             41            3 
 4             41            5 
 1             42            0 
 2             42            3 
 3             42            0 
 4             42            1 
 1             43            0 
 2             43            3 
 3             43            0 
 4             43            2 
 1             44            5 
 2             44            0 
 3             44            5 
 4             44            0 
 1             45            6 
 2             45            4 
 3             45            0 
 4             45            0 
 1             46            0 
 2             46            7 
 3             46            0 
 4             46            5 
 1             47            5 
 2             47            0 
 3             47            0 
 4             47            3 
 1             48            0 
 2             48            0 
 3             48            1 
 4             48            2 
 1             49            0 
 2             49            6 
 3             49            0 
 4             49            4 
 1             50            0 
 2             50            0 
 3             50            5 
 4             50            7 
 1             51            2 
 2             51            0 
 3             51            0 
 4             51            2 
 1             52            5 
 2             52            0 
 3             52            2 
 4             52            0 
 1             53            5 
 2             53            4 
 3             53            0 
 4             53            0 
 1             54            4 
 2             54            0 
 3             54            0 
 4             54            3 
 1             55            5 
 2             55            0 
 3             55            0 
 4             55            2 
 1             56            0 
 2             56            2 
 3             56            4 
 4             56            0 
 1             57            0 
 2             57            4 
 3             57            0 
 4             57            5 
 1             58            0 
 2             58            6 
 3             58            0 
 4             58            4 
 1             59            2 
 2             59            0 
 3             59            4 
 4             59            0 
 1             60            3 
 2             60            0 
 3             60            0 
 4             60            7 
 1             61            5 
 2             61            0 
 3             61            7 
 4             61            0 
 1             62            0 
 2             62            0 
 3             62            2 
 4             62            2 
 1             63            5 
 2             63            0 
 3             63            2 
 4             63            0 
 1             64            0 
 2             64            0 
 3             64            1 
 4             64            6 
 1             65            0 
 2             65            5 
 3             65            0 
 4             65            3 
 1             66            0 
 2             66            5 
 3             66            0 
 4             66            3 
 1             67            0 
 2             67            0 
 3             67            3 
 4             67            5 
 1             68            0 
 2             68            4 
 3             68            2 
 4             68            0 
 1             69            0 
 2             69            1 
 3             69            0 
 4             69            3 
 1             70            5 
 2             70            0 
 3             70            3 
 4             70            0 
 1             71            2 
 2             71            2 
 3             71            0 
 4             71            0 
 1             72            0 
 2             72            3 
 3             72            3 
 4             72            0 
 1             73            0 
 2             73            3 
 3             73            3 
 4             73            0 
 1             74            0 
 2             74            0 
 3             74            6 
 4             74            4 
 1             75            0 
 2             75            0 
 3             75            2 
 4             75            4 
 1             76            4 
 2             76            3 
 3             76            0 
 4             76            0 
 1             77            2 
 2             77            3 
 3             77            0 
 4             77            0 
 1             78            5 
 2             78            0 
 3             78            0 
 4             78            3 
 1             79            3 
 2             79            5 
 3             79            0 
 4             79            0 
 1             80            0 
 2             80            0 
 3             80            4 
 4             80            6 
 1             81            0 
 2             81            0 
 3             81            3 
 4             81            6 
 1             82            0 
 2             82            0 
 3             82            2 
 4             82            3 
 1             83            0 
 2             83            7 
 3             83            5 
 4             83            0 
 1             84            0 
 2             84            6 
 3             84            0 
 4             84            4 
 1             85            8 
 2             85            0 
 3             85            5 
 4             85            0 
 1             86            1 
 2             86            0 
 3             86            6 
 4             86            0 
 1             87            5 
 2             87            5 
 3             87            0 
 4             87            0 
 1             88            0 
 2             88            0 
 3             88            8 
 4             88            2 
 1             89            0 
 2             89            0 
 3             89            5 
 4             89            3 
 1             90            0 
 2             90            2 
 3             90            3 
 4             90            0 
 1             91            7 
 2             91            0 
 3             91            4 
 4             91            0 
 1             92            0 
 2             92            4 
 3             92            3 
 4             92            0 
 1             93            2 
 2             93            0 
 3             93            0 
 4             93            3 
 1             94            4 
 2             94            0 
 3             94            4 
 4             94            0 
 1             95            0 
 2             95            0 
 3             95            3 
 4             95            8 
 1             96            4 
 2             96            0 
 3             96            0 
 4             96            6 
 1             97            3 
 2             97            0 
 3             97            4 
 4             97            0 
 1             98            0 
 2             98            5 
 3             98            5 
 4             98            0 
 1             99            0 
 2             99            3 
 3             99            0 
 4             99            6 
 1             100           4 
 2             100           0 
 3             100           0 
 4             100           3 
 1             101           0 
 2             101           2 
 3             101           3 
 4             101           0 
 1             102           5 
 2             102           4 
 3             102           0 
 4             102           0 
 1             103           2 
 2             103           0 
 3             103           8 
 4             103           0 
 1             104           2 
 2             104           0 
 3             104           3 
 4             104           0 
 1             105           2 
 2             105           0 
 3             105           5 
 4             105           0 
 1             106           3 
 2             106           5 
 3             106           0 
 4             106           0 
 1             107           0 
 2             107           7 
 3             107           0 
 4             107           1 
 1             108           6 
 2             108           0 
 3             108           8 
 4             108           0 
 1             109           0 
 2             109           0 
 3             109           1 
 4             109           1 
 1             110           2 
 2             110           8 
 3             110           0 
 4             110           0 
 1             111           7 
 2             111           0 
 3             111           3 
 4             111           0 
 1             112           3 
 2             112           2 
 3             112           0 
 4             112           0 
 1             113           0 
 2             113           0 
 3             113           1 
 4             113           2 
 1             114           3 
 2             114           6 
 3             114           0 
 4             114           0 
 1             115           5 
 2             115           0 
 3             115           0 
 4             115           2 
 1             116           0 
 2             116           4 
 3             116           0 
 4             116           3 
 1             117           0 
 2             117           5 
 3             117           8 
 4             117           0 
 1             118           0 
 2             118           0 
 3             118           4 
 4             118           5 
 1             119           0 
 2             119           5 
 3             119           0 
 4             119           6 
 1             120           4 
 2             120           0 
 3             120           3 
 4             120           0 
 1             121           0 
 2             121           0 
 3             121           2 
 4             121           8 
 1             122           0 
 2             122           7 
 3             122           0 
 4             122           2 
 1             123           0 
 2             123           4 
 3             123           0 
 4             123           3 
 1             124           0 
 2             124           5 
 3             124           4 
 4             124           0 
 1             125           4 
 2             125           2 
 3             125           0 
 4             125           0 
 1             126           2 
 2             126           4 
 3             126           0 
 4             126           0 
 1             127           0 
 2             127           0 
 3             127           7 
 4             127           6 
 1             128           0 
 2             128           4 
 3             128           0 
 4             128           4 
 1             129           0 
 2             129           4 
 3             129           0 
 4             129           8 
 1             130           6 
 2             130           0 
 3             130           0 
 4             130           3 
 1             131           0 
 2             131           3 
 3             131           0 
 4             131           2 
 1             132           0 
 2             132           2 
 3             132           6 
 4             132           0 
 1             133           4 
 2             133           0 
 3             133           2 
 4             133           0 
 1             134           6 
 2             134           0 
 3             134           4 
 4             134           0 
 1             135           3 
 2             135           0 
 3             135           0 
 4             135           3 
 1             136           0 
 2             136           4 
 3             136           3 
 4             136           0 
 1             137           0 
 2             137           3 
 3             137           2 
 4             137           0 
 1             138           3 
 2             138           0 
 3             138           4 
 4             138           0 
 1             139           0 
 2             139           8 
 3             139           0 
 4             139           7 
 1             140           1 
 2             140           0 
 3             140           0 
 4             140           9 
 1             141           4 
 2             141           0 
 3             141           4 
 4             141           0 
 1             142           3 
 2             142           3 
 3             142           0 
 4             142           0 
 1             143           0 
 2             143           0 
 3             143           5 
 4             143           3 
 1             144           0 
 2             144           0 
 3             144           3 
 4             144           3 
 1             145           0 
 2             145           4 
 3             145           0 
 4             145           3 
 1             146           5 
 2             146           7 
 3             146           0 
 4             146           0 
 1             147           6 
 2             147           0 
 3             147           4 
 4             147           0 
 1             148           3 
 2             148           0 
 3             148           0 
 4             148           1 
 1             149           0 
 2             149           5 
 3             149           0 
 4             149           2 
 1             150           0 
 2             150           0 
 3             150           4 
 4             150           5 
 1             151           0 
 2             151           3 
 3             151           2 
 4             151           0 
 1             152           2 
 2             152           0 
 3             152           5 
 4             152           0 
 1             153           0 
 2             153           4 
 3             153           6 
 4             153           0 
 1             154           5 
 2             154           0 
 3             154           4 
 4             154           0 
 1             155           5 
 2             155           0 
 3             155           2 
 4             155           0 
 1             156           5 
 2             156           3 
 3             156           0 
 4             156           0 
 1             157           0 
 2             157           6 
 3             157           0 
 4             157           2 
 1             158           4 
 2             158           0 
 3             158           0 
 4             158           3 
 1             159           0 
 2             159           3 
 3             159           4 
 4             159           0 
 1             160           4 
 2             160           0 
 3             160           0 
 4             160           1 
 1             161           3 
 2             161           0 
 3             161           0 
 4             161           5 
 1             162           4 
 2             162           3 
 3             162           0 
 4             162           0 
 1             163           4 
 2             163           0 
 3             163           0 
 4             163           5 
 1             164           4 
 2             164           0 
 3             164           3 
 4             164           0 
 1             165           5 
 2             165           0 
 3             165           8 
 4             165           0 
 1             166           0 
 2             166           0 
 3             166           4 
 4             166           1 
 1             167           0 
 2             167           0 
 3             167           4 
 4             167           5 
 1             168           3 
 2             168           0 
 3             168           0 
 4             168           6 
 1             169           0 
 2             169           3 
 3             169           2 
 4             169           0 
 1             170           0 
 2             170           0 
 3             170           2 
 4             170           4 
 1             171           0 
 2             171           3 
 3             171           2 
 4             171           0 
 1             172           3 
 2             172           0 
 3             172           0 
 4             172           5 
 1             173           0 
 2             173           8 
 3             173           2 
 4             173           0 
 1             174           0 
 2             174           0 
 3             174           3 
 4             174           3 
 1             175           0 
 2             175           4 
 3             175           0 
 4             175           4 
 1             176           6 
 2             176           0 
 3             176           0 
 4             176           2 
 1             177           3 
 2             177           0 
 3             177           3 
 4             177           0 
 1             178           2 
 2             178           5 
 3             178           0 
 4             178           0 
 1             179           0 
 2             179           0 
 3             179           4 
 4             179           2 
 1             180           0 
 2             180           7 
 3             180           6 
 4             180           0 
 1             181           1 
 2             181           3 
 3             181           0 
 4             181           0 
 1             182           3 
 2             182           0 
 3             182           6 
 4             182           0 
 1             183           0 
 2             183           0 
 3             183           6 
 4             183           4 
 1             184           0 
 2             184           0 
 3             184           5 
 4             184           2 
 1             185           0 
 2             185           3 
 3             185           7 
 4             185           0 
 1             186           8 
 2             186           0 
 3             186           5 
 4             186           0 
 1             187           4 
 2             187           0 
 3             187           0 
 4             187           2 
 1             188           0 
 2             188           2 
 3             188           0 
 4             188           7 
 1             189           0 
 2             189           0 
 3             189           5 
 4             189           5 
 1             190           6 
 2             190           0 
 3             190           0 
 4             190           2 
 1             191           0 
 2             191           7 
 3             191           3 
 4             191           0 
 1             192           5 
 2             192           0 
 3             192           0 
 4             192           3 
 1             193           0 
 2             193           0 
 3             193           6 
 4             193           5 
 1             194           4 
 2             194           0 
 3             194           4 
 4             194           0 
 1             195           0 
 2             195           3 
 3             195           3 
 4             195           0 
 1             196           0 
 2             196           4 
 3             196           0 
 4             196           6 
 1             197           5 
 2             197           0 
 3             197           4 
 4             197           0 
 1             198           5 
 2             198           4 
 3             198           0 
 4             198           0 
 1             199           0 
 2             199           0 
 3             199           7 
 4             199           8 
 1             200           3 
 2             200           0 
 3             200           0 
 4             200           3 
 1             201           0 
 2             201           0 
 3             201           3 
 4             201           3 
 1             202           0 
 2             202           0 
 3             202           3 
 4             202           3 
 1             203           4 
 2             203           6 
 3             203           0 
 4             203           0 
 1             204           3 
 2             204           0 
 3             204           0 
 4             204           3 
 1             205           0 
 2             205           5 
 3             205           0 
 4             205           4 
 1             206           3 
 2             206           0 
 3             206           0 
 4             206           4 
 1             207           0 
 2             207           5 
 3             207           0 
 4             207           6 
 1             208           5 
 2             208           0 
 3             208           0 
 4             208           7 
 1             209           0 
 2             209           6 
 3             209           3 
 4             209           0 
 1             210           5 
 2             210           0 
 3             210           0 
 4             210           1 
 1             211           7 
 2             211           0 
 3             211           4 
 4             211           0 
 1             212           0 
 2             212           2 
 3             212           0 
 4             212           7 
 1             213           0 
 2             213           1 
 3             213           7 
 4             213           0 
 1             214           0 
 2             214           0 
 3             214           5 
 4             214           6 
 1             215           0 
 2             215           4 
 3             215           0 
 4             215           8 
 1             216           6 
 2             216           0 
 3             216           0 
 4             216           6 
 1             217           0 
 2             217           0 
 3             217           3 
 4             217           5 
 1             218           1 
 2             218           2 
 3             218           0 
 4             218           0 
 1             219           5 
 2             219           2 
 3             219           0 
 4             219           0 
 1             220           0 
 2             220           0 
 3             220           8 
 4             220           4 
 1             221           0 
 2             221           0 
 3             221           6 
 4             221           4 
 1             222           7 
 2             222           0 
 3             222           7 
 4             222           0 
 1             223           4 
 2             223           0 
 3             223           3 
 4             223           0 
 1             224           0 
 2             224           0 
 3             224           3 
 4             224           3 
 1             225           0 
 2             225           4 
 3             225           0 
 4             225           3 
 1             226           5 
 2             226           5 
 3             226           0 
 4             226           0 
 1             227           0 
 2             227           4 
 3             227           1 
 4             227           0 
 1             228           0 
 2             228           4 
 3             228           0 
 4             228           3 
 1             229           2 
 2             229           7 
 3             229           0 
 4             229           0 
 1             230           0 
 2             230           0 
 3             230           4 
 4             230           5 
 1             231           3 
 2             231           0 
 3             231           0 
 4             231           3 
 1             232           3 
 2             232           0 
 3             232           3 
 4             232           0 
 1             233           4 
 2             233           3 
 3             233           0 
 4             233           0 
 1             234           5 
 2             234           0 
 3             234           0 
 4             234           5 
 1             235           3 
 2             235           4 
 3             235           0 
 4             235           0 
 1             236           5 
 2             236           5 
 3             236           0 
 4             236           0 
 1             237           0 
 2             237           2 
 3             237           0 
 4             237           1 
 1             238           0 
 2             238           3 
 3             238           3 
 4             238           0 
 1             239           0 
 2             239           0 
 3             239           2 
 4             239           2 
 1             240           3 
 2             240           4 
 3             240           0 
 4             240           0 
 1             241           6 
 2             241           6 
 3             241           0 
 4             241           0 
 1             242           4 
 2             242           2 
 3             242           0 
 4             242           0 
 1             243           0 
 2             243           6 
 3             243           5 
 4             243           0 
 1             244           4 
 2             244           2 
 3             244           0 
 4             244           0 
 1             245           4 
 2             245           0 
 3             245           2 
 4             245           0 
 1             246           0 
 2             246           6 
 3             246           5 
 4             246           0 
 1             247           0 
 2             247           0 
 3             247           3 
 4             247           5 
 1             248           0 
 2             248           6 
 3             248           3 
 4             248           0 
 1             249           0 
 2             249           2 
 3             249           0 
 4             249           8 
 1             250           4 
 2             250           0 
 3             250           0 
 4             250           4 
 1             251           5 
 2             251           5 
 3             251           0 
 4             251           0 
 1             252           0 
 2             252           2 
 3             252           0 
 4             252           1 
 1             253           0 
 2             253           0 
 3             253           3 
 4             253           9 
 1             254           3 
 2             254           3 
 3             254           0 
 4             254           0 
 1             255           0 
 2             255           6 
 3             255           0 
 4             255           5 
 1             256           0 
 2             256           3 
 3             256           0 
 4             256           3 
 1             257           5 
 2             257           0 
 3             257           2 
 4             257           0 
 1             258           0 
 2             258           0 
 3             258           5 
 4             258           6 
 1             259           3 
 2             259           0 
 3             259           0 
 4             259           6 
 1             260           5 
 2             260           0 
 3             260           4 
 4             260           0 
 1             261           4 
 2             261           4 
 3             261           0 
 4             261           0 
 1             262           0 
 2             262           4 
 3             262           4 
 4             262           0 
 1             263           4 
 2             263           0 
 3             263           0 
 4             263           4 
 1             264           4 
 2             264           4 
 3             264           0 
 4             264           0 
 1             265           8 
 2             265           4 
 3             265           0 
 4             265           0 
 1             266           4 
 2             266           0 
 3             266           2 
 4             266           0 
 1             267           0 
 2             267           3 
 3             267           5 
 4             267           0 
 1             268           0 
 2             268           5 
 3             268           0 
 4             268           4 
 1             269           0 
 2             269           0 
 3             269           4 
 4             269           4 
 1             270           0 
 2             270           5 
 3             270           0 
 4             270           2 
 1             271           3 
 2             271           0 
 3             271           0 
 4             271           2 
 1             272           0 
 2             272           2 
 3             272           4 
 4             272           0 
 1             273           2 
 2             273           0 
 3             273           0 
 4             273           7 
 1             274           0 
 2             274           2 
 3             274           3 
 4             274           0 
 1             275           0 
 2             275           0 
 3             275           4 
 4             275           5 
 1             276           0 
 2             276           0 
 3             276           4 
 4             276           7 
 1             277           0 
 2             277           0 
 3             277           5 
 4             277           3 
 1             278           0 
 2             278           0 
 3             278           6 
 4             278           4 
 1             279           4 
 2             279           0 
 3             279           5 
 4             279           0 
 1             280           0 
 2             280           2 
 3             280           3 
 4             280           0 
 1             281           5 
 2             281           0 
 3             281           5 
 4             281           0 
 1             282           0 
 2             282           2 
 3             282           0 
 4             282           3 
 1             283           0 
 2             283           0 
 3             283           3 
 4             283           5 
 1             284           0 
 2             284           4 
 3             284           0 
 4             284           4 
 1             285           0 
 2             285           0 
 3             285           4 
 4             285           2 
 1             286           0 
 2             286           0 
 3             286           2 
 4             286           5 
 1             287           0 
 2             287           3 
 3             287           0 
 4             287           2 
 1             288           3 
 2             288           0 
 3             288           0 
 4             288           3 
 1             289           0 
 2             289           0 
 3             289           4 
 4             289           5 
 1             290           0 
 2             290           6 
 3             290           6 
 4             290           0 
 1             291           0 
 2             291           3 
 3             291           0 
 4             291           2 
 1             292           0 
 2             292           3 
 3             292           0 
 4             292           3 
 1             293           3 
 2             293           0 
 3             293           0 
 4             293           4 
 1             294           0 
 2             294           1 
 3             294           2 
 4             294           0 
 1             295           3 
 2             295           4 
 3             295           0 
 4             295           0 
 1             296           3 
 2             296           0 
 3             296           0 
 4             296           5 
 1             297           0 
 2             297           4 
 3             297           0 
 4             297           4 
 1             298           0 
 2             298           5 
 3             298           8 
 4             298           0 
 1             299           0 
 2             299           3 
 3             299           0 
 4             299           5 
 1             300           0 
 2             300           3 
 3             300           8 
 4             300           0 
 1             301           0 
 2             301           6 
 3             301           0 
 4             301           4 
 1             302           0 
 2             302           0 
 3             302           0 
 4             302           0 
