 1             1             0 
 2             1             0 
 3             1             0 
 4             1             0 
 1             2             2 
 2             2             2 
 3             2             3 
 4             2             5 
 1             3             5 
 2             3             3 
 3             3             2 
 4             3             3 
 1             4             5 
 2             4             7 
 3             4             8 
 4             4             7 
 1             5             7 
 2             5             9 
 3             5             3 
 4             5             7 
 1             6             6 
 2             6             3 
 3             6             8 
 4             6             7 
 1             7             10 
 2             7             8 
 3             7             6 
 4             7             9 
 1             8             5 
 2             8             4 
 3             8             8 
 4             8             7 
 1             9             6 
 2             9             3 
 3             9             3 
 4             9             4 
 1             10            6 
 2             10            2 
 3             10            5 
 4             10            6 
 1             11            7 
 2             11            7 
 3             11            6 
 4             11            8 
 1             12            5 
 2             12            6 
 3             12            4 
 4             12            9 
 1             13            2 
 2             13            5 
 3             13            8 
 4             13            7 
 1             14            5 
 2             14            5 
 3             14            5 
 4             14            7 
 1             15            6 
 2             15            5 
 3             15            8 
 4             15            5 
 1             16            3 
 2             16            10 
 3             16            5 
 4             16            3 
 1             17            10 
 2             17            4 
 3             17            3 
 4             17            5 
 1             18            6 
 2             18            4 
 3             18            7 
 4             18            7 
 1             19            9 
 2             19            7 
 3             19            5 
 4             19            2 
 1             20            6 
 2             20            6 
 3             20            5 
 4             20            7 
 1             21            8 
 2             21            5 
 3             21            2 
 4             21            8 
 1             22            7 
 2             22            5 
 3             22            6 
 4             22            7 
 1             23            5 
 2             23            5 
 3             23            7 
 4             23            7 
 1             24            9 
 2             24            7 
 3             24            3 
 4             24            8 
 1             25            8 
 2             25            7 
 3             25            7 
 4             25            6 
 1             26            6 
 2             26            10 
 3             26            4 
 4             26            6 
 1             27            9 
 2             27            4 
 3             27            7 
 4             27            3 
 1             28            6 
 2             28            4 
 3             28            6 
 4             28            6 
 1             29            7 
 2             29            7 
 3             29            5 
 4             29            5 
 1             30            3 
 2             30            6 
 3             30            5 
 4             30            6 
 1             31            7 
 2             31            9 
 3             31            3 
 4             31            5 
 1             32            9 
 2             32            5 
 3             32            5 
 4             32            10 
 1             33            9 
 2             33            7 
 3             33            6 
 4             33            4 
 1             34            6 
 2             34            7 
 3             34            4 
 4             34            7 
 1             35            8 
 2             35            5 
 3             35            4 
 4             35            5 
 1             36            5 
 2             36            4 
 3             36            6 
 4             36            6 
 1             37            4 
 2             37            9 
 3             37            4 
 4             37            7 
 1             38            3 
 2             38            5 
 3             38            7 
 4             38            10 
 1             39            5 
 2             39            6 
 3             39            9 
 4             39            3 
 1             40            9 
 2             40            5 
 3             40            8 
 4             40            4 
 1             41            4 
 2             41            4 
 3             41            7 
 4             41            8 
 1             42            6 
 2             42            8 
 3             42            6 
 4             42            4 
 1             43            5 
 2             43            4 
 3             43            3 
 4             43            4 
 1             44            8 
 2             44            1 
 3             44            7 
 4             44            5 
 1             45            6 
 2             45            7 
 3             45            9 
 4             45            10 
 1             46            9 
 2             46            2 
 3             46            6 
 4             46            9 
 1             47            3 
 2             47            7 
 3             47            6 
 4             47            5 
 1             48            5 
 2             48            9 
 3             48            7 
 4             48            5 
 1             49            3 
 2             49            6 
 3             49            8 
 4             49            5 
 1             50            5 
 2             50            5 
 3             50            5 
 4             50            6 
 1             51            8 
 2             51            4 
 3             51            10 
 4             51            7 
 1             52            7 
 2             52            8 
 3             52            9 
 4             52            9 
 1             53            3 
 2             53            4 
 3             53            6 
 4             53            5 
 1             54            9 
 2             54            6 
 3             54            8 
 4             54            7 
 1             55            8 
 2             55            5 
 3             55            6 
 4             55            4 
 1             56            8 
 2             56            7 
 3             56            6 
 4             56            7 
 1             57            10 
 2             57            7 
 3             57            9 
 4             57            4 
 1             58            4 
 2             58            4 
 3             58            2 
 4             58            6 
 1             59            7 
 2             59            8 
 3             59            8 
 4             59            4 
 1             60            5 
 2             60            7 
 3             60            8 
 4             60            2 
 1             61            8 
 2             61            7 
 3             61            5 
 4             61            8 
 1             62            4 
 2             62            4 
 3             62            8 
 4             62            4 
 1             63            8 
 2             63            9 
 3             63            8 
 4             63            2 
 1             64            5 
 2             64            7 
 3             64            5 
 4             64            5 
 1             65            9 
 2             65            9 
 3             65            7 
 4             65            6 
 1             66            7 
 2             66            9 
 3             66            4 
 4             66            8 
 1             67            9 
 2             67            7 
 3             67            4 
 4             67            6 
 1             68            6 
 2             68            3 
 3             68            7 
 4             68            4 
 1             69            10 
 2             69            5 
 3             69            4 
 4             69            3 
 1             70            10 
 2             70            7 
 3             70            5 
 4             70            5 
 1             71            5 
 2             71            6 
 3             71            6 
 4             71            2 
 1             72            8 
 2             72            9 
 3             72            4 
 4             72            6 
 1             73            6 
 2             73            9 
 3             73            6 
 4             73            6 
 1             74            10 
 2             74            4 
 3             74            5 
 4             74            4 
 1             75            6 
 2             75            6 
 3             75            7 
 4             75            4 
 1             76            6 
 2             76            9 
 3             76            10 
 4             76            6 
 1             77            10 
 2             77            7 
 3             77            4 
 4             77            6 
 1             78            5 
 2             78            8 
 3             78            2 
 4             78            9 
 1             79            6 
 2             79            6 
 3             79            6 
 4             79            7 
 1             80            5 
 2             80            10 
 3             80            5 
 4             80            4 
 1             81            3 
 2             81            5 
 3             81            5 
 4             81            6 
 1             82            5 
 2             82            7 
 3             82            7 
 4             82            7 
 1             83            6 
 2             83            5 
 3             83            3 
 4             83            8 
 1             84            10 
 2             84            7 
 3             84            9 
 4             84            5 
 1             85            4 
 2             85            3 
 3             85            8 
 4             85            10 
 1             86            8 
 2             86            7 
 3             86            4 
 4             86            6 
 1             87            7 
 2             87            8 
 3             87            6 
 4             87            10 
 1             88            5 
 2             88            4 
 3             88            6 
 4             88            4 
 1             89            8 
 2             89            6 
 3             89            5 
 4             89            7 
 1             90            4 
 2             90            5 
 3             90            6 
 4             90            6 
 1             91            6 
 2             91            6 
 3             91            5 
 4             91            6 
 1             92            9 
 2             92            3 
 3             92            4 
 4             92            5 
 1             93            5 
 2             93            7 
 3             93            6 
 4             93            6 
 1             94            7 
 2             94            6 
 3             94            6 
 4             94            6 
 1             95            5 
 2             95            4 
 3             95            7 
 4             95            6 
 1             96            4 
 2             96            8 
 3             96            10 
 4             96            5 
 1             97            4 
 2             97            9 
 3             97            9 
 4             97            3 
 1             98            6 
 2             98            5 
 3             98            8 
 4             98            7 
 1             99            5 
 2             99            8 
 3             99            5 
 4             99            9 
 1             100           6 
 2             100           9 
 3             100           7 
 4             100           5 
 1             101           6 
 2             101           5 
 3             101           3 
 4             101           5 
 1             102           8 
 2             102           5 
 3             102           7 
 4             102           6 
 1             103           7 
 2             103           4 
 3             103           6 
 4             103           7 
 1             104           6 
 2             104           8 
 3             104           5 
 4             104           4 
 1             105           7 
 2             105           8 
 3             105           1 
 4             105           5 
 1             106           9 
 2             106           4 
 3             106           5 
 4             106           7 
 1             107           5 
 2             107           5 
 3             107           4 
 4             107           4 
 1             108           5 
 2             108           8 
 3             108           8 
 4             108           8 
 1             109           4 
 2             109           3 
 3             109           6 
 4             109           5 
 1             110           6 
 2             110           7 
 3             110           9 
 4             110           8 
 1             111           9 
 2             111           6 
 3             111           4 
 4             111           4 
 1             112           9 
 2             112           5 
 3             112           6 
 4             112           10 
 1             113           8 
 2             113           4 
 3             113           4 
 4             113           4 
 1             114           6 
 2             114           5 
 3             114           8 
 4             114           5 
 1             115           7 
 2             115           7 
 3             115           5 
 4             115           8 
 1             116           4 
 2             116           6 
 3             116           6 
 4             116           6 
 1             117           6 
 2             117           5 
 3             117           9 
 4             117           8 
 1             118           6 
 2             118           6 
 3             118           9 
 4             118           6 
 1             119           5 
 2             119           8 
 3             119           8 
 4             119           10 
 1             120           9 
 2             120           5 
 3             120           4 
 4             120           9 
 1             121           3 
 2             121           5 
 3             121           5 
 4             121           4 
 1             122           9 
 2             122           7 
 3             122           7 
 4             122           4 
 1             123           4 
 2             123           6 
 3             123           4 
 4             123           3 
 1             124           6 
 2             124           4 
 3             124           9 
 4             124           5 
 1             125           9 
 2             125           9 
 3             125           6 
 4             125           6 
 1             126           10 
 2             126           6 
 3             126           8 
 4             126           7 
 1             127           7 
 2             127           4 
 3             127           5 
 4             127           8 
 1             128           6 
 2             128           4 
 3             128           8 
 4             128           3 
 1             129           7 
 2             129           5 
 3             129           6 
 4             129           8 
 1             130           7 
 2             130           4 
 3             130           7 
 4             130           6 
 1             131           6 
 2             131           6 
 3             131           10 
 4             131           5 
 1             132           4 
 2             132           10 
 3             132           8 
 4             132           10 
 1             133           5 
 2             133           4 
 3             133           8 
 4             133           6 
 1             134           6 
 2             134           4 
 3             134           2 
 4             134           8 
 1             135           7 
 2             135           5 
 3             135           5 
 4             135           3 
 1             136           7 
 2             136           5 
 3             136           7 
 4             136           6 
 1             137           3 
 2             137           5 
 3             137           6 
 4             137           3 
 1             138           7 
 2             138           4 
 3             138           6 
 4             138           7 
 1             139           7 
 2             139           7 
 3             139           4 
 4             139           7 
 1             140           7 
 2             140           7 
 3             140           9 
 4             140           7 
 1             141           5 
 2             141           9 
 3             141           7 
 4             141           8 
 1             142           6 
 2             142           7 
 3             142           10 
 4             142           8 
 1             143           5 
 2             143           5 
 3             143           3 
 4             143           8 
 1             144           6 
 2             144           6 
 3             144           5 
 4             144           6 
 1             145           4 
 2             145           8 
 3             145           7 
 4             145           10 
 1             146           3 
 2             146           10 
 3             146           8 
 4             146           4 
 1             147           3 
 2             147           9 
 3             147           7 
 4             147           5 
 1             148           6 
 2             148           3 
 3             148           10 
 4             148           6 
 1             149           5 
 2             149           9 
 3             149           4 
 4             149           6 
 1             150           4 
 2             150           6 
 3             150           10 
 4             150           3 
 1             151           5 
 2             151           3 
 3             151           8 
 4             151           5 
 1             152           4 
 2             152           7 
 3             152           6 
 4             152           4 
 1             153           8 
 2             153           2 
 3             153           9 
 4             153           7 
 1             154           9 
 2             154           10 
 3             154           5 
 4             154           5 
 1             155           2 
 2             155           5 
 3             155           9 
 4             155           5 
 1             156           2 
 2             156           6 
 3             156           6 
 4             156           5 
 1             157           6 
 2             157           7 
 3             157           8 
 4             157           7 
 1             158           6 
 2             158           5 
 3             158           4 
 4             158           5 
 1             159           8 
 2             159           3 
 3             159           9 
 4             159           3 
 1             160           10 
 2             160           5 
 3             160           5 
 4             160           7 
 1             161           6 
 2             161           7 
 3             161           10 
 4             161           5 
 1             162           6 
 2             162           5 
 3             162           6 
 4             162           6 
 1             163           6 
 2             163           6 
 3             163           8 
 4             163           2 
 1             164           4 
 2             164           7 
 3             164           9 
 4             164           4 
 1             165           7 
 2             165           6 
 3             165           7 
 4             165           8 
 1             166           9 
 2             166           10 
 3             166           5 
 4             166           10 
 1             167           10 
 2             167           3 
 3             167           4 
 4             167           4 
 1             168           5 
 2             168           5 
 3             168           3 
 4             168           4 
 1             169           6 
 2             169           10 
 3             169           5 
 4             169           5 
 1             170           6 
 2             170           4 
 3             170           3 
 4             170           7 
 1             171           2 
 2             171           6 
 3             171           6 
 4             171           7 
 1             172           7 
 2             172           5 
 3             172           8 
 4             172           5 
 1             173           6 
 2             173           5 
 3             173           6 
 4             173           5 
 1             174           9 
 2             174           5 
 3             174           6 
 4             174           4 
 1             175           2 
 2             175           8 
 3             175           10 
 4             175           6 
 1             176           7 
 2             176           4 
 3             176           8 
 4             176           4 
 1             177           7 
 2             177           6 
 3             177           2 
 4             177           8 
 1             178           3 
 2             178           6 
 3             178           9 
 4             178           9 
 1             179           9 
 2             179           5 
 3             179           3 
 4             179           4 
 1             180           3 
 2             180           6 
 3             180           6 
 4             180           10 
 1             181           8 
 2             181           9 
 3             181           5 
 4             181           5 
 1             182           5 
 2             182           7 
 3             182           4 
 4             182           2 
 1             183           7 
 2             183           3 
 3             183           6 
 4             183           10 
 1             184           10 
 2             184           4 
 3             184           8 
 4             184           3 
 1             185           4 
 2             185           10 
 3             185           8 
 4             185           7 
 1             186           3 
 2             186           6 
 3             186           3 
 4             186           5 
 1             187           8 
 2             187           9 
 3             187           10 
 4             187           2 
 1             188           5 
 2             188           10 
 3             188           5 
 4             188           10 
 1             189           5 
 2             189           7 
 3             189           4 
 4             189           6 
 1             190           9 
 2             190           4 
 3             190           6 
 4             190           7 
 1             191           10 
 2             191           2 
 3             191           6 
 4             191           5 
 1             192           4 
 2             192           8 
 3             192           5 
 4             192           4 
 1             193           8 
 2             193           6 
 3             193           6 
 4             193           3 
 1             194           5 
 2             194           8 
 3             194           6 
 4             194           10 
 1             195           6 
 2             195           6 
 3             195           2 
 4             195           10 
 1             196           3 
 2             196           2 
 3             196           6 
 4             196           3 
 1             197           9 
 2             197           5 
 3             197           4 
 4             197           8 
 1             198           1 
 2             198           2 
 3             198           5 
 4             198           8 
 1             199           5 
 2             199           7 
 3             199           3 
 4             199           6 
 1             200           1 
 2             200           5 
 3             200           7 
 4             200           9 
 1             201           3 
 2             201           9 
 3             201           10 
 4             201           7 
 1             202           9 
 2             202           6 
 3             202           3 
 4             202           6 
 1             203           4 
 2             203           8 
 3             203           6 
 4             203           5 
 1             204           6 
 2             204           9 
 3             204           8 
 4             204           5 
 1             205           1 
 2             205           3 
 3             205           9 
 4             205           5 
 1             206           3 
 2             206           6 
 3             206           9 
 4             206           9 
 1             207           6 
 2             207           2 
 3             207           4 
 4             207           2 
 1             208           3 
 2             208           5 
 3             208           3 
 4             208           7 
 1             209           6 
 2             209           4 
 3             209           6 
 4             209           6 
 1             210           5 
 2             210           7 
 3             210           5 
 4             210           8 
 1             211           7 
 2             211           9 
 3             211           10 
 4             211           5 
 1             212           8 
 2             212           8 
 3             212           6 
 4             212           4 
 1             213           10 
 2             213           5 
 3             213           8 
 4             213           8 
 1             214           6 
 2             214           5 
 3             214           6 
 4             214           5 
 1             215           6 
 2             215           8 
 3             215           9 
 4             215           4 
 1             216           3 
 2             216           4 
 3             216           3 
 4             216           10 
 1             217           3 
 2             217           7 
 3             217           5 
 4             217           7 
 1             218           7 
 2             218           6 
 3             218           4 
 4             218           7 
 1             219           4 
 2             219           4 
 3             219           6 
 4             219           7 
 1             220           5 
 2             220           10 
 3             220           4 
 4             220           9 
 1             221           5 
 2             221           2 
 3             221           10 
 4             221           7 
 1             222           8 
 2             222           6 
 3             222           3 
 4             222           8 
 1             223           6 
 2             223           8 
 3             223           6 
 4             223           7 
 1             224           3 
 2             224           6 
 3             224           7 
 4             224           9 
 1             225           7 
 2             225           10 
 3             225           5 
 4             225           6 
 1             226           6 
 2             226           7 
 3             226           5 
 4             226           6 
 1             227           9 
 2             227           5 
 3             227           4 
 4             227           9 
 1             228           5 
 2             228           7 
 3             228           3 
 4             228           3 
 1             229           6 
 2             229           10 
 3             229           4 
 4             229           10 
 1             230           4 
 2             230           6 
 3             230           6 
 4             230           10 
 1             231           9 
 2             231           6 
 3             231           4 
 4             231           7 
 1             232           4 
 2             232           5 
 3             232           6 
 4             232           5 
 1             233           4 
 2             233           8 
 3             233           3 
 4             233           6 
 1             234           4 
 2             234           5 
 3             234           10 
 4             234           4 
 1             235           8 
 2             235           3 
 3             235           6 
 4             235           5 
 1             236           7 
 2             236           9 
 3             236           10 
 4             236           1 
 1             237           6 
 2             237           4 
 3             237           9 
 4             237           6 
 1             238           3 
 2             238           4 
 3             238           5 
 4             238           10 
 1             239           5 
 2             239           4 
 3             239           6 
 4             239           5 
 1             240           6 
 2             240           5 
 3             240           7 
 4             240           4 
 1             241           7 
 2             241           8 
 3             241           7 
 4             241           8 
 1             242           6 
 2             242           6 
 3             242           7 
 4             242           4 
 1             243           5 
 2             243           9 
 3             243           8 
 4             243           10 
 1             244           6 
 2             244           6 
 3             244           9 
 4             244           7 
 1             245           5 
 2             245           5 
 3             245           5 
 4             245           7 
 1             246           6 
 2             246           8 
 3             246           6 
 4             246           3 
 1             247           3 
 2             247           3 
 3             247           8 
 4             247           5 
 1             248           8 
 2             248           6 
 3             248           3 
 4             248           10 
 1             249           6 
 2             249           5 
 3             249           10 
 4             249           8 
 1             250           9 
 2             250           9 
 3             250           5 
 4             250           4 
 1             251           5 
 2             251           4 
 3             251           6 
 4             251           10 
 1             252           5 
 2             252           7 
 3             252           3 
 4             252           4 
 1             253           6 
 2             253           5 
 3             253           8 
 4             253           7 
 1             254           6 
 2             254           6 
 3             254           3 
 4             254           5 
 1             255           8 
 2             255           9 
 3             255           5 
 4             255           7 
 1             256           7 
 2             256           10 
 3             256           6 
 4             256           9 
 1             257           6 
 2             257           9 
 3             257           5 
 4             257           3 
 1             258           8 
 2             258           5 
 3             258           7 
 4             258           8 
 1             259           9 
 2             259           4 
 3             259           6 
 4             259           8 
 1             260           6 
 2             260           5 
 3             260           8 
 4             260           8 
 1             261           3 
 2             261           10 
 3             261           3 
 4             261           4 
 1             262           8 
 2             262           6 
 3             262           6 
 4             262           4 
 1             263           5 
 2             263           4 
 3             263           8 
 4             263           10 
 1             264           3 
 2             264           6 
 3             264           2 
 4             264           5 
 1             265           7 
 2             265           8 
 3             265           4 
 4             265           4 
 1             266           6 
 2             266           3 
 3             266           8 
 4             266           7 
 1             267           5 
 2             267           7 
 3             267           4 
 4             267           7 
 1             268           6 
 2             268           5 
 3             268           4 
 4             268           7 
 1             269           7 
 2             269           5 
 3             269           4 
 4             269           4 
 1             270           3 
 2             270           10 
 3             270           10 
 4             270           4 
 1             271           7 
 2             271           7 
 3             271           2 
 4             271           2 
 1             272           6 
 2             272           6 
 3             272           3 
 4             272           7 
 1             273           3 
 2             273           6 
 3             273           6 
 4             273           6 
 1             274           5 
 2             274           5 
 3             274           1 
 4             274           7 
 1             275           5 
 2             275           7 
 3             275           8 
 4             275           3 
 1             276           4 
 2             276           8 
 3             276           6 
 4             276           2 
 1             277           10 
 2             277           7 
 3             277           7 
 4             277           4 
 1             278           3 
 2             278           4 
 3             278           2 
 4             278           4 
 1             279           6 
 2             279           2 
 3             279           7 
 4             279           5 
 1             280           5 
 2             280           7 
 3             280           3 
 4             280           4 
 1             281           6 
 2             281           7 
 3             281           4 
 4             281           8 
 1             282           3 
 2             282           3 
 3             282           3 
 4             282           4 
 1             283           7 
 2             283           6 
 3             283           7 
 4             283           9 
 1             284           7 
 2             284           7 
 3             284           8 
 4             284           6 
 1             285           7 
 2             285           6 
 3             285           3 
 4             285           8 
 1             286           5 
 2             286           4 
 3             286           10 
 4             286           6 
 1             287           6 
 2             287           2 
 3             287           8 
 4             287           4 
 1             288           5 
 2             288           7 
 3             288           5 
 4             288           5 
 1             289           7 
 2             289           3 
 3             289           7 
 4             289           6 
 1             290           5 
 2             290           4 
 3             290           6 
 4             290           7 
 1             291           6 
 2             291           3 
 3             291           8 
 4             291           4 
 1             292           3 
 2             292           4 
 3             292           6 
 4             292           4 
 1             293           8 
 2             293           5 
 3             293           5 
 4             293           6 
 1             294           2 
 2             294           7 
 3             294           4 
 4             294           5 
 1             295           7 
 2             295           8 
 3             295           6 
 4             295           5 
 1             296           3 
 2             296           7 
 3             296           5 
 4             296           8 
 1             297           3 
 2             297           6 
 3             297           6 
 4             297           6 
 1             298           4 
 2             298           7 
 3             298           10 
 4             298           5 
 1             299           8 
 2             299           8 
 3             299           5 
 4             299           4 
 1             300           9 
 2             300           5 
 3             300           9 
 4             300           9 
 1             301           6 
 2             301           7 
 3             301           5 
 4             301           4 
 1             302           0 
 2             302           0 
 3             302           0 
 4             302           0 
