 1             1             0 
 2             1             0 
 3             1             0 
 4             1             0 
 1             2             5 
 2             2             2 
 3             2             1 
 4             2             5 
 1             3             5 
 2             3             5 
 3             3             6 
 4             3             10 
 1             4             4 
 2             4             3 
 3             4             6 
 4             4             3 
 1             5             8 
 2             5             6 
 3             5             10 
 4             5             3 
 1             6             6 
 2             6             6 
 3             6             10 
 4             6             5 
 1             7             8 
 2             7             8 
 3             7             3 
 4             7             3 
 1             8             4 
 2             8             4 
 3             8             6 
 4             8             5 
 1             9             10 
 2             9             3 
 3             9             7 
 4             9             10 
 1             10            5 
 2             10            2 
 3             10            7 
 4             10            5 
 1             11            6 
 2             11            4 
 3             11            7 
 4             11            3 
 1             12            6 
 2             12            4 
 3             12            5 
 4             12            5 
 1             13            4 
 2             13            6 
 3             13            3 
 4             13            6 
 1             14            10 
 2             14            3 
 3             14            8 
 4             14            8 
 1             15            6 
 2             15            6 
 3             15            3 
 4             15            4 
 1             16            4 
 2             16            10 
 3             16            7 
 4             16            8 
 1             17            4 
 2             17            9 
 3             17            7 
 4             17            9 
 1             18            7 
 2             18            4 
 3             18            7 
 4             18            6 
 1             19            3 
 2             19            3 
 3             19            7 
 4             19            5 
 1             20            6 
 2             20            3 
 3             20            5 
 4             20            8 
 1             21            5 
 2             21            9 
 3             21            5 
 4             21            5 
 1             22            5 
 2             22            7 
 3             22            6 
 4             22            4 
 1             23            5 
 2             23            10 
 3             23            4 
 4             23            5 
 1             24            8 
 2             24            5 
 3             24            10 
 4             24            8 
 1             25            5 
 2             25            5 
 3             25            5 
 4             25            7 
 1             26            6 
 2             26            8 
 3             26            5 
 4             26            8 
 1             27            6 
 2             27            6 
 3             27            7 
 4             27            7 
 1             28            7 
 2             28            2 
 3             28            7 
 4             28            6 
 1             29            8 
 2             29            4 
 3             29            2 
 4             29            6 
 1             30            5 
 2             30            6 
 3             30            7 
 4             30            7 
 1             31            2 
 2             31            8 
 3             31            7 
 4             31            6 
 1             32            6 
 2             32            4 
 3             32            3 
 4             32            4 
 1             33            7 
 2             33            8 
 3             33            6 
 4             33            5 
 1             34            3 
 2             34            7 
 3             34            6 
 4             34            4 
 1             35            8 
 2             35            5 
 3             35            4 
 4             35            3 
 1             36            3 
 2             36            5 
 3             36            9 
 4             36            4 
 1             37            6 
 2             37            3 
 3             37            6 
 4             37            5 
 1             38            3 
 2             38            8 
 3             38            3 
 4             38            8 
 1             39            3 
 2             39            4 
 3             39            10 
 4             39            6 
 1             40            7 
 2             40            1 
 3             40            10 
 4             40            6 
 1             41            7 
 2             41            9 
 3             41            3 
 4             41            4 
 1             42            6 
 2             42            6 
 3             42            6 
 4             42            4 
 1             43            7 
 2             43            3 
 3             43            6 
 4             43            5 
 1             44            8 
 2             44            5 
 3             44            5 
 4             44            8 
 1             45            7 
 2             45            4 
 3             45            3 
 4             45            5 
 1             46            10 
 2             46            4 
 3             46            8 
 4             46            7 
 1             47            2 
 2             47            6 
 3             47            4 
 4             47            5 
 1             48            8 
 2             48            5 
 3             48            7 
 4             48            2 
 1             49            8 
 2             49            10 
 3             49            4 
 4             49            4 
 1             50            7 
 2             50            6 
 3             50            5 
 4             50            5 
 1             51            6 
 2             51            5 
 3             51            3 
 4             51            3 
 1             52            4 
 2             52            5 
 3             52            10 
 4             52            8 
 1             53            10 
 2             53            6 
 3             53            10 
 4             53            5 
 1             54            8 
 2             54            10 
 3             54            8 
 4             54            5 
 1             55            5 
 2             55            10 
 3             55            5 
 4             55            3 
 1             56            6 
 2             56            10 
 3             56            3 
 4             56            7 
 1             57            7 
 2             57            5 
 3             57            9 
 4             57            10 
 1             58            3 
 2             58            6 
 3             58            8 
 4             58            5 
 1             59            8 
 2             59            6 
 3             59            5 
 4             59            5 
 1             60            7 
 2             60            6 
 3             60            7 
 4             60            4 
 1             61            3 
 2             61            6 
 3             61            3 
 4             61            10 
 1             62            8 
 2             62            9 
 3             62            7 
 4             62            9 
 1             63            5 
 2             63            4 
 3             63            4 
 4             63            9 
 1             64            10 
 2             64            7 
 3             64            10 
 4             64            6 
 1             65            7 
 2             65            6 
 3             65            4 
 4             65            6 
 1             66            6 
 2             66            6 
 3             66            6 
 4             66            6 
 1             67            5 
 2             67            6 
 3             67            7 
 4             67            8 
 1             68            6 
 2             68            8 
 3             68            3 
 4             68            6 
 1             69            7 
 2             69            4 
 3             69            8 
 4             69            5 
 1             70            5 
 2             70            6 
 3             70            5 
 4             70            10 
 1             71            5 
 2             71            8 
 3             71            7 
 4             71            9 
 1             72            2 
 2             72            7 
 3             72            5 
 4             72            6 
 1             73            10 
 2             73            5 
 3             73            4 
 4             73            7 
 1             74            10 
 2             74            4 
 3             74            9 
 4             74            6 
 1             75            5 
 2             75            5 
 3             75            6 
 4             75            3 
 1             76            5 
 2             76            7 
 3             76            8 
 4             76            4 
 1             77            3 
 2             77            7 
 3             77            4 
 4             77            8 
 1             78            6 
 2             78            10 
 3             78            5 
 4             78            6 
 1             79            3 
 2             79            10 
 3             79            6 
 4             79            7 
 1             80            7 
 2             80            6 
 3             80            4 
 4             80            4 
 1             81            7 
 2             81            4 
 3             81            1 
 4             81            6 
 1             82            9 
 2             82            8 
 3             82            7 
 4             82            5 
 1             83            7 
 2             83            4 
 3             83            3 
 4             83            2 
 1             84            4 
 2             84            5 
 3             84            6 
 4             84            5 
 1             85            6 
 2             85            7 
 3             85            9 
 4             85            6 
 1             86            6 
 2             86            4 
 3             86            3 
 4             86            9 
 1             87            5 
 2             87            5 
 3             87            4 
 4             87            7 
 1             88            3 
 2             88            4 
 3             88            3 
 4             88            7 
 1             89            4 
 2             89            4 
 3             89            6 
 4             89            10 
 1             90            5 
 2             90            10 
 3             90            5 
 4             90            8 
 1             91            6 
 2             91            5 
 3             91            8 
 4             91            6 
 1             92            9 
 2             92            9 
 3             92            4 
 4             92            5 
 1             93            4 
 2             93            3 
 3             93            4 
 4             93            9 
 1             94            5 
 2             94            9 
 3             94            5 
 4             94            4 
 1             95            7 
 2             95            10 
 3             95            4 
 4             95            7 
 1             96            7 
 2             96            4 
 3             96            10 
 4             96            6 
 1             97            5 
 2             97            7 
 3             97            5 
 4             97            7 
 1             98            5 
 2             98            3 
 3             98            5 
 4             98            5 
 1             99            4 
 2             99            6 
 3             99            5 
 4             99            5 
 1             100           2 
 2             100           3 
 3             100           5 
 4             100           6 
 1             101           4 
 2             101           7 
 3             101           7 
 4             101           4 
 1             102           8 
 2             102           4 
 3             102           7 
 4             102           4 
 1             103           4 
 2             103           8 
 3             103           9 
 4             103           5 
 1             104           7 
 2             104           5 
 3             104           8 
 4             104           9 
 1             105           6 
 2             105           6 
 3             105           10 
 4             105           5 
 1             106           5 
 2             106           5 
 3             106           7 
 4             106           8 
 1             107           8 
 2             107           10 
 3             107           9 
 4             107           6 
 1             108           6 
 2             108           7 
 3             108           6 
 4             108           3 
 1             109           7 
 2             109           8 
 3             109           4 
 4             109           5 
 1             110           4 
 2             110           6 
 3             110           8 
 4             110           6 
 1             111           5 
 2             111           5 
 3             111           5 
 4             111           3 
 1             112           6 
 2             112           5 
 3             112           7 
 4             112           8 
 1             113           8 
 2             113           10 
 3             113           8 
 4             113           6 
 1             114           6 
 2             114           10 
 3             114           10 
 4             114           5 
 1             115           2 
 2             115           8 
 3             115           7 
 4             115           7 
 1             116           8 
 2             116           5 
 3             116           5 
 4             116           5 
 1             117           5 
 2             117           4 
 3             117           5 
 4             117           4 
 1             118           9 
 2             118           4 
 3             118           5 
 4             118           7 
 1             119           3 
 2             119           4 
 3             119           4 
 4             119           7 
 1             120           2 
 2             120           3 
 3             120           1 
 4             120           5 
 1             121           4 
 2             121           7 
 3             121           7 
 4             121           2 
 1             122           6 
 2             122           3 
 3             122           6 
 4             122           7 
 1             123           9 
 2             123           3 
 3             123           3 
 4             123           5 
 1             124           10 
 2             124           6 
 3             124           5 
 4             124           8 
 1             125           7 
 2             125           7 
 3             125           8 
 4             125           7 
 1             126           6 
 2             126           5 
 3             126           7 
 4             126           9 
 1             127           7 
 2             127           8 
 3             127           3 
 4             127           9 
 1             128           4 
 2             128           6 
 3             128           8 
 4             128           8 
 1             129           4 
 2             129           6 
 3             129           7 
 4             129           7 
 1             130           8 
 2             130           1 
 3             130           8 
 4             130           8 
 1             131           4 
 2             131           5 
 3             131           6 
 4             131           4 
 1             132           6 
 2             132           5 
 3             132           6 
 4             132           10 
 1             133           7 
 2             133           3 
 3             133           6 
 4             133           4 
 1             134           6 
 2             134           10 
 3             134           4 
 4             134           4 
 1             135           2 
 2             135           4 
 3             135           4 
 4             135           6 
 1             136           8 
 2             136           6 
 3             136           10 
 4             136           7 
 1             137           9 
 2             137           5 
 3             137           7 
 4             137           4 
 1             138           5 
 2             138           10 
 3             138           10 
 4             138           6 
 1             139           5 
 2             139           6 
 3             139           6 
 4             139           4 
 1             140           10 
 2             140           2 
 3             140           5 
 4             140           8 
 1             141           8 
 2             141           10 
 3             141           7 
 4             141           10 
 1             142           7 
 2             142           7 
 3             142           10 
 4             142           7 
 1             143           5 
 2             143           6 
 3             143           4 
 4             143           6 
 1             144           6 
 2             144           5 
 3             144           4 
 4             144           4 
 1             145           6 
 2             145           7 
 3             145           7 
 4             145           3 
 1             146           2 
 2             146           10 
 3             146           2 
 4             146           7 
 1             147           7 
 2             147           7 
 3             147           7 
 4             147           7 
 1             148           7 
 2             148           6 
 3             148           4 
 4             148           6 
 1             149           7 
 2             149           4 
 3             149           4 
 4             149           7 
 1             150           7 
 2             150           3 
 3             150           3 
 4             150           4 
 1             151           4 
 2             151           7 
 3             151           9 
 4             151           6 
 1             152           10 
 2             152           7 
 3             152           9 
 4             152           5 
 1             153           2 
 2             153           2 
 3             153           6 
 4             153           4 
 1             154           10 
 2             154           9 
 3             154           9 
 4             154           9 
 1             155           5 
 2             155           3 
 3             155           6 
 4             155           5 
 1             156           9 
 2             156           5 
 3             156           7 
 4             156           3 
 1             157           7 
 2             157           5 
 3             157           10 
 4             157           10 
 1             158           10 
 2             158           3 
 3             158           7 
 4             158           6 
 1             159           4 
 2             159           7 
 3             159           8 
 4             159           6 
 1             160           8 
 2             160           9 
 3             160           4 
 4             160           3 
 1             161           5 
 2             161           5 
 3             161           4 
 4             161           9 
 1             162           6 
 2             162           6 
 3             162           10 
 4             162           10 
 1             163           4 
 2             163           8 
 3             163           3 
 4             163           5 
 1             164           9 
 2             164           4 
 3             164           6 
 4             164           6 
 1             165           7 
 2             165           6 
 3             165           3 
 4             165           4 
 1             166           5 
 2             166           6 
 3             166           10 
 4             166           6 
 1             167           4 
 2             167           10 
 3             167           5 
 4             167           8 
 1             168           6 
 2             168           7 
 3             168           4 
 4             168           7 
 1             169           8 
 2             169           6 
 3             169           7 
 4             169           4 
 1             170           9 
 2             170           5 
 3             170           5 
 4             170           5 
 1             171           8 
 2             171           6 
 3             171           9 
 4             171           5 
 1             172           8 
 2             172           10 
 3             172           4 
 4             172           5 
 1             173           6 
 2             173           5 
 3             173           5 
 4             173           7 
 1             174           5 
 2             174           3 
 3             174           5 
 4             174           4 
 1             175           2 
 2             175           5 
 3             175           8 
 4             175           7 
 1             176           9 
 2             176           4 
 3             176           7 
 4             176           6 
 1             177           5 
 2             177           4 
 3             177           3 
 4             177           6 
 1             178           9 
 2             178           7 
 3             178           4 
 4             178           8 
 1             179           6 
 2             179           7 
 3             179           6 
 4             179           8 
 1             180           7 
 2             180           3 
 3             180           10 
 4             180           5 
 1             181           4 
 2             181           8 
 3             181           8 
 4             181           5 
 1             182           5 
 2             182           6 
 3             182           3 
 4             182           8 
 1             183           5 
 2             183           6 
 3             183           7 
 4             183           7 
 1             184           8 
 2             184           4 
 3             184           8 
 4             184           4 
 1             185           2 
 2             185           3 
 3             185           5 
 4             185           3 
 1             186           8 
 2             186           5 
 3             186           4 
 4             186           7 
 1             187           5 
 2             187           8 
 3             187           7 
 4             187           4 
 1             188           3 
 2             188           10 
 3             188           4 
 4             188           6 
 1             189           7 
 2             189           2 
 3             189           2 
 4             189           5 
 1             190           7 
 2             190           5 
 3             190           4 
 4             190           5 
 1             191           8 
 2             191           8 
 3             191           5 
 4             191           4 
 1             192           7 
 2             192           6 
 3             192           7 
 4             192           10 
 1             193           6 
 2             193           9 
 3             193           5 
 4             193           5 
 1             194           8 
 2             194           5 
 3             194           7 
 4             194           6 
 1             195           6 
 2             195           6 
 3             195           9 
 4             195           6 
 1             196           5 
 2             196           6 
 3             196           5 
 4             196           7 
 1             197           5 
 2             197           9 
 3             197           6 
 4             197           4 
 1             198           6 
 2             198           4 
 3             198           4 
 4             198           8 
 1             199           7 
 2             199           5 
 3             199           5 
 4             199           6 
 1             200           8 
 2             200           6 
 3             200           10 
 4             200           8 
 1             201           10 
 2             201           8 
 3             201           8 
 4             201           5 
 1             202           6 
 2             202           6 
 3             202           10 
 4             202           4 
 1             203           4 
 2             203           8 
 3             203           8 
 4             203           5 
 1             204           6 
 2             204           6 
 3             204           5 
 4             204           3 
 1             205           7 
 2             205           6 
 3             205           10 
 4             205           4 
 1             206           7 
 2             206           7 
 3             206           4 
 4             206           6 
 1             207           8 
 2             207           5 
 3             207           10 
 4             207           5 
 1             208           10 
 2             208           4 
 3             208           4 
 4             208           5 
 1             209           4 
 2             209           6 
 3             209           6 
 4             209           5 
 1             210           9 
 2             210           9 
 3             210           10 
 4             210           8 
 1             211           4 
 2             211           7 
 3             211           2 
 4             211           8 
 1             212           6 
 2             212           8 
 3             212           4 
 4             212           5 
 1             213           7 
 2             213           5 
 3             213           5 
 4             213           10 
 1             214           10 
 2             214           5 
 3             214           7 
 4             214           6 
 1             215           3 
 2             215           4 
 3             215           7 
 4             215           7 
 1             216           2 
 2             216           10 
 3             216           6 
 4             216           6 
 1             217           10 
 2             217           2 
 3             217           6 
 4             217           8 
 1             218           4 
 2             218           9 
 3             218           3 
 4             218           7 
 1             219           5 
 2             219           5 
 3             219           5 
 4             219           6 
 1             220           3 
 2             220           4 
 3             220           7 
 4             220           9 
 1             221           5 
 2             221           5 
 3             221           6 
 4             221           6 
 1             222           7 
 2             222           5 
 3             222           4 
 4             222           5 
 1             223           3 
 2             223           10 
 3             223           5 
 4             223           5 
 1             224           5 
 2             224           5 
 3             224           5 
 4             224           6 
 1             225           4 
 2             225           6 
 3             225           7 
 4             225           7 
 1             226           10 
 2             226           5 
 3             226           6 
 4             226           8 
 1             227           4 
 2             227           4 
 3             227           5 
 4             227           4 
 1             228           4 
 2             228           6 
 3             228           4 
 4             228           4 
 1             229           7 
 2             229           10 
 3             229           3 
 4             229           7 
 1             230           10 
 2             230           3 
 3             230           3 
 4             230           8 
 1             231           6 
 2             231           6 
 3             231           6 
 4             231           8 
 1             232           8 
 2             232           5 
 3             232           7 
 4             232           6 
 1             233           2 
 2             233           7 
 3             233           9 
 4             233           5 
 1             234           2 
 2             234           6 
 3             234           4 
 4             234           4 
 1             235           5 
 2             235           5 
 3             235           5 
 4             235           3 
 1             236           4 
 2             236           10 
 3             236           7 
 4             236           6 
 1             237           4 
 2             237           3 
 3             237           6 
 4             237           7 
 1             238           10 
 2             238           9 
 3             238           3 
 4             238           3 
 1             239           10 
 2             239           9 
 3             239           7 
 4             239           7 
 1             240           9 
 2             240           3 
 3             240           7 
 4             240           5 
 1             241           8 
 2             241           6 
 3             241           6 
 4             241           3 
 1             242           5 
 2             242           2 
 3             242           5 
 4             242           8 
 1             243           4 
 2             243           10 
 3             243           4 
 4             243           5 
 1             244           5 
 2             244           5 
 3             244           6 
 4             244           7 
 1             245           5 
 2             245           6 
 3             245           8 
 4             245           8 
 1             246           8 
 2             246           10 
 3             246           8 
 4             246           5 
 1             247           4 
 2             247           7 
 3             247           5 
 4             247           5 
 1             248           6 
 2             248           9 
 3             248           7 
 4             248           9 
 1             249           8 
 2             249           9 
 3             249           9 
 4             249           5 
 1             250           4 
 2             250           6 
 3             250           6 
 4             250           2 
 1             251           5 
 2             251           6 
 3             251           6 
 4             251           7 
 1             252           6 
 2             252           8 
 3             252           9 
 4             252           6 
 1             253           5 
 2             253           4 
 3             253           8 
 4             253           7 
 1             254           6 
 2             254           10 
 3             254           7 
 4             254           6 
 1             255           10 
 2             255           9 
 3             255           5 
 4             255           7 
 1             256           4 
 2             256           8 
 3             256           6 
 4             256           10 
 1             257           9 
 2             257           5 
 3             257           4 
 4             257           8 
 1             258           5 
 2             258           3 
 3             258           4 
 4             258           6 
 1             259           3 
 2             259           6 
 3             259           5 
 4             259           8 
 1             260           5 
 2             260           8 
 3             260           9 
 4             260           5 
 1             261           7 
 2             261           5 
 3             261           8 
 4             261           6 
 1             262           7 
 2             262           10 
 3             262           8 
 4             262           4 
 1             263           5 
 2             263           9 
 3             263           9 
 4             263           3 
 1             264           7 
 2             264           8 
 3             264           9 
 4             264           5 
 1             265           10 
 2             265           2 
 3             265           10 
 4             265           6 
 1             266           10 
 2             266           7 
 3             266           3 
 4             266           4 
 1             267           7 
 2             267           5 
 3             267           3 
 4             267           6 
 1             268           6 
 2             268           3 
 3             268           6 
 4             268           7 
 1             269           5 
 2             269           9 
 3             269           8 
 4             269           7 
 1             270           5 
 2             270           7 
 3             270           7 
 4             270           10 
 1             271           4 
 2             271           5 
 3             271           2 
 4             271           5 
 1             272           5 
 2             272           5 
 3             272           7 
 4             272           8 
 1             273           2 
 2             273           6 
 3             273           6 
 4             273           5 
 1             274           2 
 2             274           7 
 3             274           4 
 4             274           10 
 1             275           6 
 2             275           6 
 3             275           8 
 4             275           6 
 1             276           7 
 2             276           3 
 3             276           7 
 4             276           7 
 1             277           5 
 2             277           5 
 3             277           7 
 4             277           3 
 1             278           5 
 2             278           7 
 3             278           5 
 4             278           5 
 1             279           7 
 2             279           6 
 3             279           6 
 4             279           6 
 1             280           3 
 2             280           6 
 3             280           6 
 4             280           10 
 1             281           6 
 2             281           9 
 3             281           5 
 4             281           5 
 1             282           10 
 2             282           5 
 3             282           5 
 4             282           9 
 1             283           4 
 2             283           3 
 3             283           5 
 4             283           4 
 1             284           5 
 2             284           8 
 3             284           5 
 4             284           8 
 1             285           5 
 2             285           4 
 3             285           9 
 4             285           5 
 1             286           5 
 2             286           5 
 3             286           6 
 4             286           2 
 1             287           5 
 2             287           9 
 3             287           4 
 4             287           5 
 1             288           3 
 2             288           6 
 3             288           8 
 4             288           4 
 1             289           3 
 2             289           5 
 3             289           5 
 4             289           8 
 1             290           9 
 2             290           7 
 3             290           4 
 4             290           3 
 1             291           10 
 2             291           7 
 3             291           7 
 4             291           4 
 1             292           9 
 2             292           5 
 3             292           5 
 4             292           7 
 1             293           5 
 2             293           3 
 3             293           5 
 4             293           5 
 1             294           8 
 2             294           3 
 3             294           4 
 4             294           5 
 1             295           5 
 2             295           3 
 3             295           7 
 4             295           10 
 1             296           6 
 2             296           7 
 3             296           8 
 4             296           9 
 1             297           6 
 2             297           5 
 3             297           5 
 4             297           10 
 1             298           3 
 2             298           9 
 3             298           3 
 4             298           6 
 1             299           7 
 2             299           6 
 3             299           5 
 4             299           4 
 1             300           5 
 2             300           9 
 3             300           6 
 4             300           8 
 1             301           7 
 2             301           8 
 3             301           6 
 4             301           4 
 1             302           0 
 2             302           0 
 3             302           0 
 4             302           0 
