 1             1             0 
 2             1             0 
 3             1             0 
 4             1             0 
 1             2             3 
 2             2             4 
 3             2             3 
 4             2             0 
 1             3             0 
 2             3             4 
 3             3             7 
 4             3             2 
 1             4             9 
 2             4             9 
 3             4             0 
 4             4             6 
 1             5             5 
 2             5             2 
 3             5             0 
 4             5             6 
 1             6             3 
 2             6             0 
 3             6             7 
 4             6             6 
 1             7             8 
 2             7             0 
 3             7             6 
 4             7             6 
 1             8             5 
 2             8             5 
 3             8             0 
 4             8             5 
 1             9             7 
 2             9             4 
 3             9             0 
 4             9             3 
 1             10            0 
 2             10            7 
 3             10            3 
 4             10            2 
 1             11            6 
 2             11            7 
 3             11            0 
 4             11            5 
 1             12            4 
 2             12            10 
 3             12            4 
 4             12            0 
 1             13            6 
 2             13            6 
 3             13            5 
 4             13            0 
 1             14            10 
 2             14            0 
 3             14            5 
 4             14            6 
 1             15            10 
 2             15            0 
 3             15            8 
 4             15            4 
 1             16            6 
 2             16            8 
 3             16            0 
 4             16            9 
 1             17            5 
 2             17            7 
 3             17            7 
 4             17            0 
 1             18            4 
 2             18            6 
 3             18            3 
 4             18            0 
 1             19            0 
 2             19            9 
 3             19            5 
 4             19            8 
 1             20            8 
 2             20            7 
 3             20            8 
 4             20            0 
 1             21            0 
 2             21            9 
 3             21            3 
 4             21            5 
 1             22            6 
 2             22            9 
 3             22            7 
 4             22            0 
 1             23            5 
 2             23            5 
 3             23            6 
 4             23            0 
 1             24            0 
 2             24            4 
 3             24            4 
 4             24            2 
 1             25            7 
 2             25            0 
 3             25            5 
 4             25            7 
 1             26            6 
 2             26            6 
 3             26            2 
 4             26            0 
 1             27            5 
 2             27            4 
 3             27            0 
 4             27            7 
 1             28            5 
 2             28            3 
 3             28            7 
 4             28            0 
 1             29            0 
 2             29            5 
 3             29            5 
 4             29            5 
 1             30            5 
 2             30            0 
 3             30            5 
 4             30            5 
 1             31            0 
 2             31            4 
 3             31            2 
 4             31            3 
 1             32            5 
 2             32            0 
 3             32            9 
 4             32            3 
 1             33            5 
 2             33            0 
 3             33            4 
 4             33            5 
 1             34            0 
 2             34            8 
 3             34            6 
 4             34            6 
 1             35            9 
 2             35            7 
 3             35            0 
 4             35            8 
 1             36            7 
 2             36            0 
 3             36            3 
 4             36            9 
 1             37            7 
 2             37            0 
 3             37            8 
 4             37            4 
 1             38            5 
 2             38            6 
 3             38            0 
 4             38            3 
 1             39            8 
 2             39            3 
 3             39            0 
 4             39            5 
 1             40            5 
 2             40            10 
 3             40            7 
 4             40            0 
 1             41            6 
 2             41            0 
 3             41            8 
 4             41            6 
 1             42            0 
 2             42            6 
 3             42            4 
 4             42            6 
 1             43            4 
 2             43            0 
 3             43            6 
 4             43            6 
 1             44            0 
 2             44            6 
 3             44            6 
 4             44            3 
 1             45            10 
 2             45            0 
 3             45            8 
 4             45            5 
 1             46            0 
 2             46            7 
 3             46            7 
 4             46            8 
 1             47            6 
 2             47            7 
 3             47            0 
 4             47            9 
 1             48            3 
 2             48            5 
 3             48            0 
 4             48            7 
 1             49            5 
 2             49            7 
 3             49            0 
 4             49            4 
 1             50            7 
 2             50            4 
 3             50            0 
 4             50            8 
 1             51            8 
 2             51            4 
 3             51            5 
 4             51            0 
 1             52            7 
 2             52            8 
 3             52            4 
 4             52            0 
 1             53            9 
 2             53            0 
 3             53            10 
 4             53            6 
 1             54            3 
 2             54            9 
 3             54            4 
 4             54            0 
 1             55            8 
 2             55            0 
 3             55            4 
 4             55            3 
 1             56            7 
 2             56            6 
 3             56            5 
 4             56            0 
 1             57            3 
 2             57            6 
 3             57            0 
 4             57            3 
 1             58            5 
 2             58            7 
 3             58            6 
 4             58            0 
 1             59            4 
 2             59            1 
 3             59            0 
 4             59            4 
 1             60            5 
 2             60            3 
 3             60            0 
 4             60            6 
 1             61            9 
 2             61            7 
 3             61            5 
 4             61            0 
 1             62            3 
 2             62            0 
 3             62            4 
 4             62            6 
 1             63            0 
 2             63            5 
 3             63            10 
 4             63            10 
 1             64            0 
 2             64            6 
 3             64            8 
 4             64            10 
 1             65            0 
 2             65            8 
 3             65            7 
 4             65            5 
 1             66            6 
 2             66            10 
 3             66            0 
 4             66            7 
 1             67            0 
 2             67            4 
 3             67            5 
 4             67            7 
 1             68            4 
 2             68            0 
 3             68            10 
 4             68            6 
 1             69            5 
 2             69            6 
 3             69            5 
 4             69            0 
 1             70            7 
 2             70            3 
 3             70            0 
 4             70            7 
 1             71            7 
 2             71            7 
 3             71            0 
 4             71            4 
 1             72            7 
 2             72            0 
 3             72            6 
 4             72            8 
 1             73            9 
 2             73            8 
 3             73            5 
 4             73            0 
 1             74            1 
 2             74            0 
 3             74            7 
 4             74            7 
 1             75            6 
 2             75            6 
 3             75            4 
 4             75            0 
 1             76            0 
 2             76            5 
 3             76            8 
 4             76            6 
 1             77            8 
 2             77            5 
 3             77            7 
 4             77            0 
 1             78            8 
 2             78            0 
 3             78            5 
 4             78            3 
 1             79            8 
 2             79            0 
 3             79            8 
 4             79            5 
 1             80            0 
 2             80            4 
 3             80            6 
 4             80            5 
 1             81            0 
 2             81            6 
 3             81            3 
 4             81            1 
 1             82            3 
 2             82            5 
 3             82            10 
 4             82            0 
 1             83            8 
 2             83            7 
 3             83            5 
 4             83            0 
 1             84            0 
 2             84            5 
 3             84            6 
 4             84            5 
 1             85            0 
 2             85            5 
 3             85            10 
 4             85            8 
 1             86            0 
 2             86            6 
 3             86            4 
 4             86            10 
 1             87            7 
 2             87            6 
 3             87            4 
 4             87            0 
 1             88            5 
 2             88            9 
 3             88            0 
 4             88            6 
 1             89            3 
 2             89            1 
 3             89            7 
 4             89            0 
 1             90            6 
 2             90            6 
 3             90            3 
 4             90            0 
 1             91            5 
 2             91            10 
 3             91            0 
 4             91            6 
 1             92            7 
 2             92            0 
 3             92            4 
 4             92            6 
 1             93            8 
 2             93            8 
 3             93            0 
 4             93            4 
 1             94            4 
 2             94            5 
 3             94            0 
 4             94            5 
 1             95            0 
 2             95            2 
 3             95            9 
 4             95            8 
 1             96            3 
 2             96            6 
 3             96            0 
 4             96            6 
 1             97            0 
 2             97            6 
 3             97            6 
 4             97            7 
 1             98            0 
 2             98            6 
 3             98            3 
 4             98            5 
 1             99            0 
 2             99            8 
 3             99            6 
 4             99            9 
 1             100           6 
 2             100           8 
 3             100           0 
 4             100           5 
 1             101           5 
 2             101           8 
 3             101           6 
 4             101           0 
 1             102           4 
 2             102           4 
 3             102           6 
 4             102           0 
 1             103           10 
 2             103           7 
 3             103           0 
 4             103           7 
 1             104           0 
 2             104           10 
 3             104           4 
 4             104           8 
 1             105           0 
 2             105           6 
 3             105           5 
 4             105           6 
 1             106           6 
 2             106           4 
 3             106           0 
 4             106           4 
 1             107           0 
 2             107           5 
 3             107           4 
 4             107           8 
 1             108           0 
 2             108           4 
 3             108           4 
 4             108           2 
 1             109           8 
 2             109           9 
 3             109           0 
 4             109           5 
 1             110           5 
 2             110           4 
 3             110           7 
 4             110           0 
 1             111           6 
 2             111           0 
 3             111           2 
 4             111           8 
 1             112           10 
 2             112           8 
 3             112           0 
 4             112           4 
 1             113           7 
 2             113           9 
 3             113           9 
 4             113           0 
 1             114           8 
 2             114           5 
 3             114           4 
 4             114           0 
 1             115           3 
 2             115           0 
 3             115           9 
 4             115           4 
 1             116           6 
 2             116           0 
 3             116           8 
 4             116           3 
 1             117           3 
 2             117           9 
 3             117           3 
 4             117           0 
 1             118           4 
 2             118           6 
 3             118           0 
 4             118           6 
 1             119           10 
 2             119           0 
 3             119           5 
 4             119           9 
 1             120           0 
 2             120           4 
 3             120           2 
 4             120           8 
 1             121           4 
 2             121           7 
 3             121           0 
 4             121           7 
 1             122           8 
 2             122           6 
 3             122           7 
 4             122           0 
 1             123           0 
 2             123           3 
 3             123           10 
 4             123           6 
 1             124           0 
 2             124           9 
 3             124           8 
 4             124           5 
 1             125           4 
 2             125           3 
 3             125           3 
 4             125           0 
 1             126           6 
 2             126           6 
 3             126           0 
 4             126           8 
 1             127           4 
 2             127           9 
 3             127           0 
 4             127           5 
 1             128           6 
 2             128           7 
 3             128           9 
 4             128           0 
 1             129           4 
 2             129           5 
 3             129           4 
 4             129           0 
 1             130           7 
 2             130           6 
 3             130           0 
 4             130           2 
 1             131           5 
 2             131           0 
 3             131           9 
 4             131           5 
 1             132           9 
 2             132           10 
 3             132           10 
 4             132           0 
 1             133           5 
 2             133           6 
 3             133           7 
 4             133           0 
 1             134           9 
 2             134           7 
 3             134           0 
 4             134           5 
 1             135           4 
 2             135           0 
 3             135           9 
 4             135           4 
 1             136           6 
 2             136           10 
 3             136           0 
 4             136           8 
 1             137           6 
 2             137           10 
 3             137           0 
 4             137           8 
 1             138           7 
 2             138           10 
 3             138           6 
 4             138           0 
 1             139           6 
 2             139           0 
 3             139           7 
 4             139           5 
 1             140           6 
 2             140           0 
 3             140           10 
 4             140           10 
 1             141           6 
 2             141           3 
 3             141           0 
 4             141           5 
 1             142           0 
 2             142           5 
 3             142           7 
 4             142           5 
 1             143           0 
 2             143           4 
 3             143           5 
 4             143           6 
 1             144           4 
 2             144           0 
 3             144           8 
 4             144           9 
 1             145           4 
 2             145           2 
 3             145           6 
 4             145           0 
 1             146           6 
 2             146           2 
 3             146           0 
 4             146           6 
 1             147           4 
 2             147           0 
 3             147           5 
 4             147           6 
 1             148           0 
 2             148           9 
 3             148           8 
 4             148           10 
 1             149           0 
 2             149           6 
 3             149           5 
 4             149           9 
 1             150           0 
 2             150           9 
 3             150           7 
 4             150           9 
 1             151           0 
 2             151           2 
 3             151           4 
 4             151           6 
 1             152           3 
 2             152           8 
 3             152           0 
 4             152           6 
 1             153           6 
 2             153           8 
 3             153           2 
 4             153           0 
 1             154           5 
 2             154           3 
 3             154           6 
 4             154           0 
 1             155           0 
 2             155           4 
 3             155           10 
 4             155           5 
 1             156           0 
 2             156           7 
 3             156           7 
 4             156           5 
 1             157           0 
 2             157           4 
 3             157           8 
 4             157           5 
 1             158           5 
 2             158           0 
 3             158           5 
 4             158           9 
 1             159           3 
 2             159           9 
 3             159           0 
 4             159           10 
 1             160           0 
 2             160           9 
 3             160           5 
 4             160           5 
 1             161           0 
 2             161           7 
 3             161           5 
 4             161           7 
 1             162           6 
 2             162           5 
 3             162           7 
 4             162           0 
 1             163           4 
 2             163           0 
 3             163           9 
 4             163           10 
 1             164           6 
 2             164           7 
 3             164           8 
 4             164           0 
 1             165           0 
 2             165           8 
 3             165           6 
 4             165           7 
 1             166           0 
 2             166           4 
 3             166           7 
 4             166           6 
 1             167           9 
 2             167           8 
 3             167           0 
 4             167           8 
 1             168           0 
 2             168           5 
 3             168           7 
 4             168           6 
 1             169           9 
 2             169           0 
 3             169           6 
 4             169           4 
 1             170           6 
 2             170           0 
 3             170           4 
 4             170           6 
 1             171           4 
 2             171           0 
 3             171           4 
 4             171           5 
 1             172           9 
 2             172           4 
 3             172           4 
 4             172           0 
 1             173           5 
 2             173           0 
 3             173           2 
 4             173           6 
 1             174           5 
 2             174           5 
 3             174           10 
 4             174           0 
 1             175           0 
 2             175           5 
 3             175           7 
 4             175           8 
 1             176           8 
 2             176           8 
 3             176           0 
 4             176           5 
 1             177           9 
 2             177           6 
 3             177           0 
 4             177           9 
 1             178           0 
 2             178           3 
 3             178           6 
 4             178           4 
 1             179           6 
 2             179           7 
 3             179           3 
 4             179           0 
 1             180           0 
 2             180           10 
 3             180           4 
 4             180           4 
 1             181           7 
 2             181           0 
 3             181           4 
 4             181           8 
 1             182           7 
 2             182           0 
 3             182           10 
 4             182           8 
 1             183           5 
 2             183           0 
 3             183           7 
 4             183           4 
 1             184           8 
 2             184           5 
 3             184           0 
 4             184           3 
 1             185           9 
 2             185           0 
 3             185           4 
 4             185           8 
 1             186           0 
 2             186           4 
 3             186           5 
 4             186           7 
 1             187           5 
 2             187           7 
 3             187           5 
 4             187           0 
 1             188           0 
 2             188           4 
 3             188           5 
 4             188           6 
 1             189           4 
 2             189           9 
 3             189           8 
 4             189           0 
 1             190           0 
 2             190           7 
 3             190           3 
 4             190           6 
 1             191           5 
 2             191           6 
 3             191           0 
 4             191           5 
 1             192           0 
 2             192           9 
 3             192           4 
 4             192           8 
 1             193           2 
 2             193           6 
 3             193           8 
 4             193           0 
 1             194           4 
 2             194           0 
 3             194           5 
 4             194           7 
 1             195           7 
 2             195           0 
 3             195           6 
 4             195           7 
 1             196           3 
 2             196           0 
 3             196           8 
 4             196           3 
 1             197           0 
 2             197           4 
 3             197           8 
 4             197           4 
 1             198           9 
 2             198           0 
 3             198           8 
 4             198           10 
 1             199           4 
 2             199           3 
 3             199           7 
 4             199           0 
 1             200           9 
 2             200           6 
 3             200           8 
 4             200           0 
 1             201           8 
 2             201           5 
 3             201           6 
 4             201           0 
 1             202           9 
 2             202           0 
 3             202           4 
 4             202           6 
 1             203           8 
 2             203           6 
 3             203           5 
 4             203           0 
 1             204           5 
 2             204           5 
 3             204           0 
 4             204           6 
 1             205           8 
 2             205           7 
 3             205           4 
 4             205           0 
 1             206           0 
 2             206           9 
 3             206           3 
 4             206           5 
 1             207           2 
 2             207           9 
 3             207           0 
 4             207           10 
 1             208           0 
 2             208           9 
 3             208           8 
 4             208           5 
 1             209           0 
 2             209           7 
 3             209           8 
 4             209           6 
 1             210           7 
 2             210           8 
 3             210           7 
 4             210           0 
 1             211           10 
 2             211           5 
 3             211           0 
 4             211           9 
 1             212           3 
 2             212           3 
 3             212           0 
 4             212           5 
 1             213           0 
 2             213           4 
 3             213           4 
 4             213           6 
 1             214           8 
 2             214           9 
 3             214           6 
 4             214           0 
 1             215           5 
 2             215           0 
 3             215           7 
 4             215           10 
 1             216           3 
 2             216           0 
 3             216           7 
 4             216           6 
 1             217           7 
 2             217           4 
 3             217           6 
 4             217           0 
 1             218           10 
 2             218           6 
 3             218           0 
 4             218           6 
 1             219           0 
 2             219           3 
 3             219           10 
 4             219           5 
 1             220           5 
 2             220           10 
 3             220           6 
 4             220           0 
 1             221           0 
 2             221           3 
 3             221           8 
 4             221           6 
 1             222           6 
 2             222           4 
 3             222           0 
 4             222           9 
 1             223           0 
 2             223           2 
 3             223           7 
 4             223           8 
 1             224           4 
 2             224           0 
 3             224           10 
 4             224           4 
 1             225           7 
 2             225           0 
 3             225           10 
 4             225           3 
 1             226           9 
 2             226           0 
 3             226           8 
 4             226           5 
 1             227           0 
 2             227           3 
 3             227           2 
 4             227           5 
 1             228           0 
 2             228           7 
 3             228           4 
 4             228           9 
 1             229           0 
 2             229           9 
 3             229           6 
 4             229           6 
 1             230           0 
 2             230           5 
 3             230           6 
 4             230           10 
 1             231           6 
 2             231           7 
 3             231           4 
 4             231           0 
 1             232           5 
 2             232           0 
 3             232           8 
 4             232           4 
 1             233           5 
 2             233           0 
 3             233           3 
 4             233           5 
 1             234           4 
 2             234           3 
 3             234           8 
 4             234           0 
 1             235           5 
 2             235           6 
 3             235           0 
 4             235           10 
 1             236           6 
 2             236           4 
 3             236           0 
 4             236           4 
 1             237           8 
 2             237           4 
 3             237           0 
 4             237           8 
 1             238           0 
 2             238           6 
 3             238           6 
 4             238           3 
 1             239           6 
 2             239           8 
 3             239           0 
 4             239           4 
 1             240           8 
 2             240           6 
 3             240           10 
 4             240           0 
 1             241           0 
 2             241           4 
 3             241           5 
 4             241           3 
 1             242           2 
 2             242           4 
 3             242           0 
 4             242           3 
 1             243           4 
 2             243           5 
 3             243           0 
 4             243           5 
 1             244           10 
 2             244           4 
 3             244           0 
 4             244           5 
 1             245           2 
 2             245           9 
 3             245           3 
 4             245           0 
 1             246           10 
 2             246           8 
 3             246           0 
 4             246           10 
 1             247           1 
 2             247           6 
 3             247           0 
 4             247           4 
 1             248           7 
 2             248           2 
 3             248           0 
 4             248           5 
 1             249           7 
 2             249           0 
 3             249           9 
 4             249           2 
 1             250           0 
 2             250           6 
 3             250           7 
 4             250           6 
 1             251           5 
 2             251           4 
 3             251           5 
 4             251           0 
 1             252           3 
 2             252           5 
 3             252           9 
 4             252           0 
 1             253           9 
 2             253           0 
 3             253           6 
 4             253           6 
 1             254           7 
 2             254           4 
 3             254           0 
 4             254           7 
 1             255           5 
 2             255           5 
 3             255           7 
 4             255           0 
 1             256           0 
 2             256           5 
 3             256           5 
 4             256           10 
 1             257           8 
 2             257           5 
 3             257           2 
 4             257           0 
 1             258           4 
 2             258           0 
 3             258           6 
 4             258           7 
 1             259           0 
 2             259           5 
 3             259           7 
 4             259           8 
 1             260           0 
 2             260           8 
 3             260           8 
 4             260           7 
 1             261           5 
 2             261           2 
 3             261           6 
 4             261           0 
 1             262           10 
 2             262           10 
 3             262           0 
 4             262           3 
 1             263           4 
 2             263           0 
 3             263           7 
 4             263           6 
 1             264           6 
 2             264           0 
 3             264           5 
 4             264           3 
 1             265           8 
 2             265           3 
 3             265           9 
 4             265           0 
 1             266           0 
 2             266           10 
 3             266           7 
 4             266           6 
 1             267           0 
 2             267           4 
 3             267           6 
 4             267           2 
 1             268           0 
 2             268           5 
 3             268           5 
 4             268           4 
 1             269           6 
 2             269           8 
 3             269           3 
 4             269           0 
 1             270           10 
 2             270           10 
 3             270           0 
 4             270           9 
 1             271           0 
 2             271           2 
 3             271           8 
 4             271           7 
 1             272           0 
 2             272           8 
 3             272           3 
 4             272           2 
 1             273           4 
 2             273           8 
 3             273           7 
 4             273           0 
 1             274           9 
 2             274           8 
 3             274           0 
 4             274           5 
 1             275           4 
 2             275           0 
 3             275           10 
 4             275           8 
 1             276           7 
 2             276           0 
 3             276           5 
 4             276           6 
 1             277           5 
 2             277           0 
 3             277           3 
 4             277           4 
 1             278           5 
 2             278           0 
 3             278           5 
 4             278           10 
 1             279           5 
 2             279           5 
 3             279           5 
 4             279           0 
 1             280           6 
 2             280           0 
 3             280           10 
 4             280           4 
 1             281           0 
 2             281           4 
 3             281           6 
 4             281           3 
 1             282           7 
 2             282           6 
 3             282           6 
 4             282           0 
 1             283           3 
 2             283           0 
 3             283           7 
 4             283           5 
 1             284           8 
 2             284           7 
 3             284           0 
 4             284           5 
 1             285           2 
 2             285           6 
 3             285           0 
 4             285           7 
 1             286           5 
 2             286           8 
 3             286           0 
 4             286           6 
 1             287           2 
 2             287           5 
 3             287           5 
 4             287           0 
 1             288           7 
 2             288           0 
 3             288           4 
 4             288           10 
 1             289           6 
 2             289           3 
 3             289           5 
 4             289           0 
 1             290           10 
 2             290           0 
 3             290           7 
 4             290           7 
 1             291           10 
 2             291           7 
 3             291           0 
 4             291           6 
 1             292           7 
 2             292           4 
 3             292           0 
 4             292           9 
 1             293           5 
 2             293           6 
 3             293           0 
 4             293           5 
 1             294           6 
 2             294           0 
 3             294           5 
 4             294           7 
 1             295           0 
 2             295           7 
 3             295           3 
 4             295           5 
 1             296           0 
 2             296           4 
 3             296           2 
 4             296           6 
 1             297           0 
 2             297           9 
 3             297           5 
 4             297           8 
 1             298           5 
 2             298           0 
 3             298           4 
 4             298           8 
 1             299           0 
 2             299           8 
 3             299           3 
 4             299           5 
 1             300           10 
 2             300           7 
 3             300           10 
 4             300           0 
 1             301           3 
 2             301           2 
 3             301           8 
 4             301           0 
 1             302           0 
 2             302           0 
 3             302           0 
 4             302           0 
