 1             1             0 
 2             1             0 
 3             1             0 
 4             1             0 
 1             2             2 
 2             2             0 
 3             2             1 
 4             2             0 
 1             3             6 
 2             3             4 
 3             3             0 
 4             3             0 
 1             4             2 
 2             4             3 
 3             4             0 
 4             4             0 
 1             5             0 
 2             5             3 
 3             5             2 
 4             5             0 
 1             6             0 
 2             6             4 
 3             6             5 
 4             6             0 
 1             7             0 
 2             7             5 
 3             7             4 
 4             7             0 
 1             8             3 
 2             8             0 
 3             8             0 
 4             8             1 
 1             9             0 
 2             9             0 
 3             9             6 
 4             9             2 
 1             10            0 
 2             10            0 
 3             10            5 
 4             10            5 
 1             11            0 
 2             11            0 
 3             11            3 
 4             11            2 
 1             12            0 
 2             12            2 
 3             12            5 
 4             12            0 
 1             13            3 
 2             13            0 
 3             13            3 
 4             13            0 
 1             14            0 
 2             14            3 
 3             14            7 
 4             14            0 
 1             15            0 
 2             15            5 
 3             15            0 
 4             15            3 
 1             16            7 
 2             16            0 
 3             16            8 
 4             16            0 
 1             17            0 
 2             17            3 
 3             17            3 
 4             17            0 
 1             18            0 
 2             18            0 
 3             18            7 
 4             18            4 
 1             19            0 
 2             19            4 
 3             19            4 
 4             19            0 
 1             20            0 
 2             20            3 
 3             20            0 
 4             20            3 
 1             21            0 
 2             21            0 
 3             21            6 
 4             21            4 
 1             22            0 
 2             22            0 
 3             22            2 
 4             22            4 
 1             23            0 
 2             23            6 
 3             23            6 
 4             23            0 
 1             24            0 
 2             24            0 
 3             24            3 
 4             24            4 
 1             25            0 
 2             25            0 
 3             25            5 
 4             25            4 
 1             26            4 
 2             26            0 
 3             26            1 
 4             26            0 
 1             27            3 
 2             27            2 
 3             27            0 
 4             27            0 
 1             28            5 
 2             28            0 
 3             28            2 
 4             28            0 
 1             29            4 
 2             29            0 
 3             29            0 
 4             29            4 
 1             30            2 
 2             30            5 
 3             30            0 
 4             30            0 
 1             31            0 
 2             31            4 
 3             31            1 
 4             31            0 
 1             32            0 
 2             32            4 
 3             32            3 
 4             32            0 
 1             33            7 
 2             33            0 
 3             33            5 
 4             33            0 
 1             34            8 
 2             34            0 
 3             34            3 
 4             34            0 
 1             35            5 
 2             35            0 
 3             35            0 
 4             35            3 
 1             36            1 
 2             36            0 
 3             36            0 
 4             36            4 
 1             37            0 
 2             37            4 
 3             37            4 
 4             37            0 
 1             38            0 
 2             38            0 
 3             38            9 
 4             38            4 
 1             39            0 
 2             39            0 
 3             39            2 
 4             39            2 
 1             40            2 
 2             40            6 
 3             40            0 
 4             40            0 
 1             41            0 
 2             41            5 
 3             41            5 
 4             41            0 
 1             42            6 
 2             42            0 
 3             42            2 
 4             42            0 
 1             43            3 
 2             43            0 
 3             43            0 
 4             43            5 
 1             44            0 
 2             44            3 
 3             44            10 
 4             44            0 
 1             45            0 
 2             45            4 
 3             45            0 
 4             45            3 
 1             46            4 
 2             46            3 
 3             46            0 
 4             46            0 
 1             47            4 
 2             47            0 
 3             47            0 
 4             47            1 
 1             48            4 
 2             48            3 
 3             48            0 
 4             48            0 
 1             49            0 
 2             49            4 
 3             49            0 
 4             49            3 
 1             50            5 
 2             50            5 
 3             50            0 
 4             50            0 
 1             51            5 
 2             51            0 
 3             51            0 
 4             51            5 
 1             52            0 
 2             52            3 
 3             52            0 
 4             52            2 
 1             53            1 
 2             53            0 
 3             53            7 
 4             53            0 
 1             54            5 
 2             54            2 
 3             54            0 
 4             54            0 
 1             55            0 
 2             55            5 
 3             55            0 
 4             55            6 
 1             56            0 
 2             56            0 
 3             56            1 
 4             56            2 
 1             57            0 
 2             57            0 
 3             57            6 
 4             57            6 
 1             58            0 
 2             58            1 
 3             58            2 
 4             58            0 
 1             59            4 
 2             59            0 
 3             59            7 
 4             59            0 
 1             60            0 
 2             60            5 
 3             60            0 
 4             60            1 
 1             61            4 
 2             61            0 
 3             61            2 
 4             61            0 
 1             62            0 
 2             62            4 
 3             62            4 
 4             62            0 
 1             63            0 
 2             63            0 
 3             63            3 
 4             63            6 
 1             64            0 
 2             64            5 
 3             64            0 
 4             64            4 
 1             65            5 
 2             65            0 
 3             65            4 
 4             65            0 
 1             66            3 
 2             66            7 
 3             66            0 
 4             66            0 
 1             67            0 
 2             67            0 
 3             67            5 
 4             67            5 
 1             68            0 
 2             68            6 
 3             68            6 
 4             68            0 
 1             69            0 
 2             69            0 
 3             69            5 
 4             69            4 
 1             70            4 
 2             70            0 
 3             70            2 
 4             70            0 
 1             71            0 
 2             71            3 
 3             71            3 
 4             71            0 
 1             72            5 
 2             72            0 
 3             72            0 
 4             72            5 
 1             73            0 
 2             73            5 
 3             73            0 
 4             73            6 
 1             74            3 
 2             74            0 
 3             74            0 
 4             74            4 
 1             75            3 
 2             75            0 
 3             75            0 
 4             75            3 
 1             76            2 
 2             76            0 
 3             76            1 
 4             76            0 
 1             77            0 
 2             77            1 
 3             77            6 
 4             77            0 
 1             78            0 
 2             78            3 
 3             78            5 
 4             78            0 
 1             79            2 
 2             79            0 
 3             79            2 
 4             79            0 
 1             80            2 
 2             80            0 
 3             80            0 
 4             80            3 
 1             81            5 
 2             81            7 
 3             81            0 
 4             81            0 
 1             82            6 
 2             82            0 
 3             82            0 
 4             82            2 
 1             83            0 
 2             83            5 
 3             83            4 
 4             83            0 
 1             84            4 
 2             84            0 
 3             84            3 
 4             84            0 
 1             85            0 
 2             85            5 
 3             85            0 
 4             85            5 
 1             86            8 
 2             86            0 
 3             86            0 
 4             86            6 
 1             87            0 
 2             87            4 
 3             87            0 
 4             87            5 
 1             88            2 
 2             88            2 
 3             88            0 
 4             88            0 
 1             89            0 
 2             89            0 
 3             89            4 
 4             89            5 
 1             90            0 
 2             90            0 
 3             90            4 
 4             90            4 
 1             91            0 
 2             91            0 
 3             91            3 
 4             91            3 
 1             92            4 
 2             92            5 
 3             92            0 
 4             92            0 
 1             93            0 
 2             93            3 
 3             93            0 
 4             93            4 
 1             94            6 
 2             94            0 
 3             94            0 
 4             94            5 
 1             95            4 
 2             95            0 
 3             95            0 
 4             95            7 
 1             96            1 
 2             96            0 
 3             96            0 
 4             96            3 
 1             97            0 
 2             97            6 
 3             97            5 
 4             97            0 
 1             98            4 
 2             98            2 
 3             98            0 
 4             98            0 
 1             99            0 
 2             99            0 
 3             99            4 
 4             99            4 
 1             100           3 
 2             100           0 
 3             100           0 
 4             100           3 
 1             101           3 
 2             101           0 
 3             101           0 
 4             101           3 
 1             102           2 
 2             102           0 
 3             102           0 
 4             102           4 
 1             103           0 
 2             103           3 
 3             103           10 
 4             103           0 
 1             104           0 
 2             104           3 
 3             104           0 
 4             104           7 
 1             105           4 
 2             105           0 
 3             105           0 
 4             105           5 
 1             106           4 
 2             106           0 
 3             106           2 
 4             106           0 
 1             107           2 
 2             107           0 
 3             107           0 
 4             107           6 
 1             108           5 
 2             108           3 
 3             108           0 
 4             108           0 
 1             109           0 
 2             109           3 
 3             109           4 
 4             109           0 
 1             110           0 
 2             110           5 
 3             110           0 
 4             110           3 
 1             111           0 
 2             111           3 
 3             111           0 
 4             111           4 
 1             112           6 
 2             112           0 
 3             112           3 
 4             112           0 
 1             113           1 
 2             113           4 
 3             113           0 
 4             113           0 
 1             114           0 
 2             114           4 
 3             114           4 
 4             114           0 
 1             115           0 
 2             115           3 
 3             115           3 
 4             115           0 
 1             116           0 
 2             116           1 
 3             116           0 
 4             116           4 
 1             117           0 
 2             117           1 
 3             117           5 
 4             117           0 
 1             118           0 
 2             118           2 
 3             118           6 
 4             118           0 
 1             119           8 
 2             119           0 
 3             119           4 
 4             119           0 
 1             120           5 
 2             120           0 
 3             120           5 
 4             120           0 
 1             121           3 
 2             121           4 
 3             121           0 
 4             121           0 
 1             122           4 
 2             122           3 
 3             122           0 
 4             122           0 
 1             123           4 
 2             123           6 
 3             123           0 
 4             123           0 
 1             124           3 
 2             124           5 
 3             124           0 
 4             124           0 
 1             125           10 
 2             125           5 
 3             125           0 
 4             125           0 
 1             126           6 
 2             126           0 
 3             126           0 
 4             126           4 
 1             127           3 
 2             127           0 
 3             127           0 
 4             127           6 
 1             128           6 
 2             128           0 
 3             128           0 
 4             128           3 
 1             129           2 
 2             129           5 
 3             129           0 
 4             129           0 
 1             130           1 
 2             130           0 
 3             130           0 
 4             130           3 
 1             131           4 
 2             131           0 
 3             131           4 
 4             131           0 
 1             132           0 
 2             132           4 
 3             132           5 
 4             132           0 
 1             133           4 
 2             133           4 
 3             133           0 
 4             133           0 
 1             134           2 
 2             134           0 
 3             134           0 
 4             134           9 
 1             135           0 
 2             135           3 
 3             135           0 
 4             135           3 
 1             136           0 
 2             136           6 
 3             136           0 
 4             136           4 
 1             137           3 
 2             137           0 
 3             137           2 
 4             137           0 
 1             138           3 
 2             138           6 
 3             138           0 
 4             138           0 
 1             139           0 
 2             139           2 
 3             139           0 
 4             139           5 
 1             140           0 
 2             140           4 
 3             140           0 
 4             140           4 
 1             141           5 
 2             141           0 
 3             141           2 
 4             141           0 
 1             142           4 
 2             142           0 
 3             142           4 
 4             142           0 
 1             143           5 
 2             143           0 
 3             143           0 
 4             143           4 
 1             144           3 
 2             144           0 
 3             144           0 
 4             144           5 
 1             145           3 
 2             145           4 
 3             145           0 
 4             145           0 
 1             146           7 
 2             146           4 
 3             146           0 
 4             146           0 
 1             147           4 
 2             147           7 
 3             147           0 
 4             147           0 
 1             148           3 
 2             148           4 
 3             148           0 
 4             148           0 
 1             149           0 
 2             149           0 
 3             149           5 
 4             149           2 
 1             150           0 
 2             150           4 
 3             150           0 
 4             150           1 
 1             151           0 
 2             151           5 
 3             151           0 
 4             151           4 
 1             152           0 
 2             152           4 
 3             152           0 
 4             152           3 
 1             153           0 
 2             153           3 
 3             153           0 
 4             153           4 
 1             154           0 
 2             154           0 
 3             154           9 
 4             154           5 
 1             155           4 
 2             155           0 
 3             155           0 
 4             155           5 
 1             156           0 
 2             156           0 
 3             156           6 
 4             156           4 
 1             157           4 
 2             157           4 
 3             157           0 
 4             157           0 
 1             158           0 
 2             158           5 
 3             158           1 
 4             158           0 
 1             159           6 
 2             159           2 
 3             159           0 
 4             159           0 
 1             160           0 
 2             160           5 
 3             160           2 
 4             160           0 
 1             161           0 
 2             161           4 
 3             161           0 
 4             161           5 
 1             162           0 
 2             162           5 
 3             162           0 
 4             162           6 
 1             163           4 
 2             163           0 
 3             163           5 
 4             163           0 
 1             164           2 
 2             164           5 
 3             164           0 
 4             164           0 
 1             165           0 
 2             165           0 
 3             165           3 
 4             165           4 
 1             166           3 
 2             166           4 
 3             166           0 
 4             166           0 
 1             167           0 
 2             167           4 
 3             167           0 
 4             167           2 
 1             168           4 
 2             168           0 
 3             168           3 
 4             168           0 
 1             169           5 
 2             169           3 
 3             169           0 
 4             169           0 
 1             170           0 
 2             170           0 
 3             170           2 
 4             170           7 
 1             171           3 
 2             171           0 
 3             171           0 
 4             171           3 
 1             172           3 
 2             172           3 
 3             172           0 
 4             172           0 
 1             173           2 
 2             173           0 
 3             173           0 
 4             173           8 
 1             174           2 
 2             174           0 
 3             174           3 
 4             174           0 
 1             175           0 
 2             175           3 
 3             175           0 
 4             175           3 
 1             176           1 
 2             176           5 
 3             176           0 
 4             176           0 
 1             177           4 
 2             177           0 
 3             177           0 
 4             177           3 
 1             178           4 
 2             178           0 
 3             178           5 
 4             178           0 
 1             179           0 
 2             179           5 
 3             179           0 
 4             179           7 
 1             180           3 
 2             180           0 
 3             180           3 
 4             180           0 
 1             181           4 
 2             181           0 
 3             181           4 
 4             181           0 
 1             182           3 
 2             182           5 
 3             182           0 
 4             182           0 
 1             183           0 
 2             183           4 
 3             183           0 
 4             183           3 
 1             184           3 
 2             184           3 
 3             184           0 
 4             184           0 
 1             185           0 
 2             185           6 
 3             185           7 
 4             185           0 
 1             186           4 
 2             186           0 
 3             186           2 
 4             186           0 
 1             187           4 
 2             187           4 
 3             187           0 
 4             187           0 
 1             188           0 
 2             188           4 
 3             188           1 
 4             188           0 
 1             189           4 
 2             189           0 
 3             189           4 
 4             189           0 
 1             190           0 
 2             190           2 
 3             190           4 
 4             190           0 
 1             191           0 
 2             191           0 
 3             191           3 
 4             191           4 
 1             192           5 
 2             192           4 
 3             192           0 
 4             192           0 
 1             193           0 
 2             193           3 
 3             193           5 
 4             193           0 
 1             194           0 
 2             194           2 
 3             194           0 
 4             194           5 
 1             195           3 
 2             195           0 
 3             195           0 
 4             195           1 
 1             196           0 
 2             196           0 
 3             196           5 
 4             196           1 
 1             197           0 
 2             197           5 
 3             197           6 
 4             197           0 
 1             198           0 
 2             198           0 
 3             198           4 
 4             198           5 
 1             199           0 
 2             199           0 
 3             199           3 
 4             199           5 
 1             200           0 
 2             200           0 
 3             200           4 
 4             200           2 
 1             201           0 
 2             201           5 
 3             201           4 
 4             201           0 
 1             202           0 
 2             202           0 
 3             202           2 
 4             202           6 
 1             203           1 
 2             203           3 
 3             203           0 
 4             203           0 
 1             204           2 
 2             204           0 
 3             204           4 
 4             204           0 
 1             205           4 
 2             205           0 
 3             205           4 
 4             205           0 
 1             206           3 
 2             206           0 
 3             206           0 
 4             206           5 
 1             207           5 
 2             207           0 
 3             207           6 
 4             207           0 
 1             208           1 
 2             208           0 
 3             208           0 
 4             208           4 
 1             209           5 
 2             209           3 
 3             209           0 
 4             209           0 
 1             210           4 
 2             210           0 
 3             210           0 
 4             210           1 
 1             211           0 
 2             211           3 
 3             211           0 
 4             211           4 
 1             212           6 
 2             212           0 
 3             212           0 
 4             212           5 
 1             213           0 
 2             213           7 
 3             213           5 
 4             213           0 
 1             214           7 
 2             214           2 
 3             214           0 
 4             214           0 
 1             215           0 
 2             215           4 
 3             215           2 
 4             215           0 
 1             216           0 
 2             216           5 
 3             216           0 
 4             216           3 
 1             217           0 
 2             217           10 
 3             217           4 
 4             217           0 
 1             218           7 
 2             218           0 
 3             218           3 
 4             218           0 
 1             219           4 
 2             219           0 
 3             219           0 
 4             219           1 
 1             220           0 
 2             220           4 
 3             220           4 
 4             220           0 
 1             221           2 
 2             221           0 
 3             221           0 
 4             221           3 
 1             222           0 
 2             222           4 
 3             222           0 
 4             222           5 
 1             223           3 
 2             223           0 
 3             223           0 
 4             223           3 
 1             224           4 
 2             224           6 
 3             224           0 
 4             224           0 
 1             225           5 
 2             225           0 
 3             225           2 
 4             225           0 
 1             226           4 
 2             226           0 
 3             226           0 
 4             226           7 
 1             227           2 
 2             227           0 
 3             227           0 
 4             227           4 
 1             228           1 
 2             228           0 
 3             228           5 
 4             228           0 
 1             229           10 
 2             229           0 
 3             229           0 
 4             229           4 
 1             230           4 
 2             230           6 
 3             230           0 
 4             230           0 
 1             231           0 
 2             231           5 
 3             231           4 
 4             231           0 
 1             232           0 
 2             232           2 
 3             232           1 
 4             232           0 
 1             233           0 
 2             233           3 
 3             233           3 
 4             233           0 
 1             234           7 
 2             234           3 
 3             234           0 
 4             234           0 
 1             235           0 
 2             235           0 
 3             235           3 
 4             235           5 
 1             236           0 
 2             236           2 
 3             236           0 
 4             236           1 
 1             237           4 
 2             237           0 
 3             237           4 
 4             237           0 
 1             238           3 
 2             238           5 
 3             238           0 
 4             238           0 
 1             239           0 
 2             239           3 
 3             239           6 
 4             239           0 
 1             240           2 
 2             240           0 
 3             240           4 
 4             240           0 
 1             241           0 
 2             241           3 
 3             241           4 
 4             241           0 
 1             242           0 
 2             242           4 
 3             242           0 
 4             242           5 
 1             243           5 
 2             243           2 
 3             243           0 
 4             243           0 
 1             244           5 
 2             244           0 
 3             244           0 
 4             244           5 
 1             245           5 
 2             245           0 
 3             245           0 
 4             245           3 
 1             246           4 
 2             246           0 
 3             246           0 
 4             246           6 
 1             247           3 
 2             247           5 
 3             247           0 
 4             247           0 
 1             248           2 
 2             248           6 
 3             248           0 
 4             248           0 
 1             249           5 
 2             249           0 
 3             249           0 
 4             249           7 
 1             250           0 
 2             250           2 
 3             250           5 
 4             250           0 
 1             251           5 
 2             251           0 
 3             251           0 
 4             251           4 
 1             252           9 
 2             252           0 
 3             252           4 
 4             252           0 
 1             253           2 
 2             253           0 
 3             253           0 
 4             253           6 
 1             254           4 
 2             254           0 
 3             254           0 
 4             254           7 
 1             255           0 
 2             255           0 
 3             255           2 
 4             255           3 
 1             256           0 
 2             256           2 
 3             256           5 
 4             256           0 
 1             257           0 
 2             257           0 
 3             257           6 
 4             257           4 
 1             258           5 
 2             258           0 
 3             258           0 
 4             258           2 
 1             259           2 
 2             259           7 
 3             259           0 
 4             259           0 
 1             260           7 
 2             260           0 
 3             260           0 
 4             260           1 
 1             261           4 
 2             261           3 
 3             261           0 
 4             261           0 
 1             262           0 
 2             262           5 
 3             262           3 
 4             262           0 
 1             263           2 
 2             263           0 
 3             263           0 
 4             263           6 
 1             264           0 
 2             264           6 
 3             264           2 
 4             264           0 
 1             265           0 
 2             265           0 
 3             265           2 
 4             265           3 
 1             266           0 
 2             266           2 
 3             266           3 
 4             266           0 
 1             267           2 
 2             267           0 
 3             267           0 
 4             267           6 
 1             268           0 
 2             268           8 
 3             268           0 
 4             268           3 
 1             269           5 
 2             269           0 
 3             269           0 
 4             269           4 
 1             270           0 
 2             270           0 
 3             270           5 
 4             270           3 
 1             271           0 
 2             271           0 
 3             271           6 
 4             271           5 
 1             272           0 
 2             272           0 
 3             272           9 
 4             272           3 
 1             273           0 
 2             273           5 
 3             273           4 
 4             273           0 
 1             274           3 
 2             274           0 
 3             274           0 
 4             274           2 
 1             275           3 
 2             275           0 
 3             275           0 
 4             275           4 
 1             276           0 
 2             276           5 
 3             276           0 
 4             276           4 
 1             277           0 
 2             277           3 
 3             277           0 
 4             277           4 
 1             278           7 
 2             278           0 
 3             278           0 
 4             278           5 
 1             279           2 
 2             279           2 
 3             279           0 
 4             279           0 
 1             280           2 
 2             280           6 
 3             280           0 
 4             280           0 
 1             281           5 
 2             281           0 
 3             281           1 
 4             281           0 
 1             282           3 
 2             282           0 
 3             282           0 
 4             282           3 
 1             283           5 
 2             283           0 
 3             283           4 
 4             283           0 
 1             284           0 
 2             284           6 
 3             284           6 
 4             284           0 
 1             285           0 
 2             285           3 
 3             285           8 
 4             285           0 
 1             286           8 
 2             286           0 
 3             286           3 
 4             286           0 
 1             287           7 
 2             287           0 
 3             287           1 
 4             287           0 
 1             288           5 
 2             288           0 
 3             288           0 
 4             288           2 
 1             289           7 
 2             289           0 
 3             289           0 
 4             289           4 
 1             290           0 
 2             290           5 
 3             290           3 
 4             290           0 
 1             291           2 
 2             291           5 
 3             291           0 
 4             291           0 
 1             292           0 
 2             292           1 
 3             292           2 
 4             292           0 
 1             293           6 
 2             293           3 
 3             293           0 
 4             293           0 
 1             294           0 
 2             294           0 
 3             294           4 
 4             294           5 
 1             295           3 
 2             295           3 
 3             295           0 
 4             295           0 
 1             296           3 
 2             296           0 
 3             296           1 
 4             296           0 
 1             297           0 
 2             297           3 
 3             297           0 
 4             297           5 
 1             298           7 
 2             298           0 
 3             298           0 
 4             298           5 
 1             299           5 
 2             299           0 
 3             299           5 
 4             299           0 
 1             300           0 
 2             300           5 
 3             300           0 
 4             300           4 
 1             301           0 
 2             301           5 
 3             301           0 
 4             301           3 
 1             302           0 
 2             302           0 
 3             302           0 
 4             302           0 
