 1             1             0 
 2             1             0 
 3             1             0 
 4             1             0 
 1             2             0 
 2             2             1 
 3             2             0 
 4             2             4 
 1             3             0 
 2             3             5 
 3             3             2 
 4             3             0 
 1             4             0 
 2             4             0 
 3             4             7 
 4             4             5 
 1             5             0 
 2             5             6 
 3             5             7 
 4             5             0 
 1             6             5 
 2             6             7 
 3             6             0 
 4             6             0 
 1             7             0 
 2             7             6 
 3             7             0 
 4             7             5 
 1             8             0 
 2             8             6 
 3             8             4 
 4             8             0 
 1             9             0 
 2             9             7 
 3             9             0 
 4             9             6 
 1             10            0 
 2             10            2 
 3             10            0 
 4             10            6 
 1             11            0 
 2             11            5 
 3             11            5 
 4             11            0 
 1             12            0 
 2             12            6 
 3             12            7 
 4             12            0 
 1             13            3 
 2             13            0 
 3             13            0 
 4             13            3 
 1             14            3 
 2             14            0 
 3             14            0 
 4             14            6 
 1             15            1 
 2             15            0 
 3             15            0 
 4             15            7 
 1             16            8 
 2             16            0 
 3             16            0 
 4             16            2 
 1             17            0 
 2             17            0 
 3             17            4 
 4             17            5 
 1             18            6 
 2             18            5 
 3             18            0 
 4             18            0 
 1             19            4 
 2             19            0 
 3             19            0 
 4             19            5 
 1             20            5 
 2             20            0 
 3             20            0 
 4             20            5 
 1             21            6 
 2             21            5 
 3             21            0 
 4             21            0 
 1             22            0 
 2             22            6 
 3             22            0 
 4             22            4 
 1             23            0 
 2             23            4 
 3             23            9 
 4             23            0 
 1             24            8 
 2             24            8 
 3             24            0 
 4             24            0 
 1             25            2 
 2             25            0 
 3             25            0 
 4             25            7 
 1             26            0 
 2             26            0 
 3             26            10 
 4             26            10 
 1             27            7 
 2             27            3 
 3             27            0 
 4             27            0 
 1             28            5 
 2             28            0 
 3             28            0 
 4             28            6 
 1             29            0 
 2             29            0 
 3             29            9 
 4             29            6 
 1             30            7 
 2             30            0 
 3             30            9 
 4             30            0 
 1             31            0 
 2             31            0 
 3             31            6 
 4             31            5 
 1             32            0 
 2             32            7 
 3             32            0 
 4             32            2 
 1             33            0 
 2             33            6 
 3             33            0 
 4             33            7 
 1             34            7 
 2             34            0 
 3             34            0 
 4             34            4 
 1             35            5 
 2             35            0 
 3             35            4 
 4             35            0 
 1             36            0 
 2             36            0 
 3             36            7 
 4             36            5 
 1             37            0 
 2             37            0 
 3             37            8 
 4             37            8 
 1             38            0 
 2             38            0 
 3             38            2 
 4             38            2 
 1             39            0 
 2             39            5 
 3             39            0 
 4             39            7 
 1             40            5 
 2             40            5 
 3             40            0 
 4             40            0 
 1             41            0 
 2             41            5 
 3             41            5 
 4             41            0 
 1             42            0 
 2             42            8 
 3             42            0 
 4             42            4 
 1             43            0 
 2             43            3 
 3             43            6 
 4             43            0 
 1             44            3 
 2             44            0 
 3             44            5 
 4             44            0 
 1             45            4 
 2             45            0 
 3             45            0 
 4             45            5 
 1             46            0 
 2             46            0 
 3             46            5 
 4             46            5 
 1             47            3 
 2             47            0 
 3             47            6 
 4             47            0 
 1             48            0 
 2             48            0 
 3             48            9 
 4             48            3 
 1             49            0 
 2             49            6 
 3             49            4 
 4             49            0 
 1             50            10 
 2             50            0 
 3             50            4 
 4             50            0 
 1             51            0 
 2             51            9 
 3             51            8 
 4             51            0 
 1             52            0 
 2             52            3 
 3             52            0 
 4             52            9 
 1             53            0 
 2             53            0 
 3             53            4 
 4             53            10 
 1             54            7 
 2             54            0 
 3             54            2 
 4             54            0 
 1             55            5 
 2             55            6 
 3             55            0 
 4             55            0 
 1             56            0 
 2             56            0 
 3             56            9 
 4             56            8 
 1             57            6 
 2             57            0 
 3             57            4 
 4             57            0 
 1             58            0 
 2             58            10 
 3             58            0 
 4             58            7 
 1             59            10 
 2             59            0 
 3             59            0 
 4             59            9 
 1             60            0 
 2             60            6 
 3             60            0 
 4             60            3 
 1             61            5 
 2             61            5 
 3             61            0 
 4             61            0 
 1             62            0 
 2             62            0 
 3             62            7 
 4             62            9 
 1             63            0 
 2             63            0 
 3             63            5 
 4             63            7 
 1             64            8 
 2             64            0 
 3             64            5 
 4             64            0 
 1             65            6 
 2             65            0 
 3             65            8 
 4             65            0 
 1             66            8 
 2             66            0 
 3             66            0 
 4             66            5 
 1             67            5 
 2             67            1 
 3             67            0 
 4             67            0 
 1             68            0 
 2             68            6 
 3             68            4 
 4             68            0 
 1             69            0 
 2             69            0 
 3             69            3 
 4             69            6 
 1             70            6 
 2             70            0 
 3             70            0 
 4             70            7 
 1             71            0 
 2             71            4 
 3             71            0 
 4             71            5 
 1             72            0 
 2             72            3 
 3             72            5 
 4             72            0 
 1             73            3 
 2             73            0 
 3             73            0 
 4             73            5 
 1             74            0 
 2             74            0 
 3             74            5 
 4             74            3 
 1             75            9 
 2             75            0 
 3             75            0 
 4             75            7 
 1             76            0 
 2             76            0 
 3             76            6 
 4             76            4 
 1             77            5 
 2             77            7 
 3             77            0 
 4             77            0 
 1             78            4 
 2             78            2 
 3             78            0 
 4             78            0 
 1             79            0 
 2             79            0 
 3             79            9 
 4             79            6 
 1             80            6 
 2             80            0 
 3             80            9 
 4             80            0 
 1             81            5 
 2             81            0 
 3             81            7 
 4             81            0 
 1             82            0 
 2             82            9 
 3             82            6 
 4             82            0 
 1             83            5 
 2             83            0 
 3             83            0 
 4             83            6 
 1             84            7 
 2             84            0 
 3             84            0 
 4             84            5 
 1             85            8 
 2             85            7 
 3             85            0 
 4             85            0 
 1             86            0 
 2             86            6 
 3             86            0 
 4             86            4 
 1             87            5 
 2             87            0 
 3             87            0 
 4             87            8 
 1             88            0 
 2             88            6 
 3             88            6 
 4             88            0 
 1             89            3 
 2             89            4 
 3             89            0 
 4             89            0 
 1             90            9 
 2             90            10 
 3             90            0 
 4             90            0 
 1             91            6 
 2             91            0 
 3             91            0 
 4             91            5 
 1             92            0 
 2             92            4 
 3             92            3 
 4             92            0 
 1             93            6 
 2             93            0 
 3             93            0 
 4             93            8 
 1             94            3 
 2             94            5 
 3             94            0 
 4             94            0 
 1             95            0 
 2             95            0 
 3             95            3 
 4             95            10 
 1             96            9 
 2             96            0 
 3             96            5 
 4             96            0 
 1             97            0 
 2             97            5 
 3             97            4 
 4             97            0 
 1             98            0 
 2             98            0 
 3             98            4 
 4             98            6 
 1             99            0 
 2             99            6 
 3             99            0 
 4             99            1 
 1             100           0 
 2             100           5 
 3             100           0 
 4             100           8 
 1             101           6 
 2             101           0 
 3             101           0 
 4             101           5 
 1             102           5 
 2             102           9 
 3             102           0 
 4             102           0 
 1             103           0 
 2             103           0 
 3             103           9 
 4             103           6 
 1             104           9 
 2             104           5 
 3             104           0 
 4             104           0 
 1             105           9 
 2             105           0 
 3             105           7 
 4             105           0 
 1             106           5 
 2             106           0 
 3             106           0 
 4             106           9 
 1             107           0 
 2             107           0 
 3             107           10 
 4             107           4 
 1             108           5 
 2             108           4 
 3             108           0 
 4             108           0 
 1             109           0 
 2             109           6 
 3             109           0 
 4             109           6 
 1             110           0 
 2             110           0 
 3             110           7 
 4             110           6 
 1             111           7 
 2             111           5 
 3             111           0 
 4             111           0 
 1             112           0 
 2             112           8 
 3             112           4 
 4             112           0 
 1             113           0 
 2             113           0 
 3             113           9 
 4             113           7 
 1             114           9 
 2             114           0 
 3             114           0 
 4             114           4 
 1             115           2 
 2             115           4 
 3             115           0 
 4             115           0 
 1             116           0 
 2             116           5 
 3             116           0 
 4             116           5 
 1             117           7 
 2             117           0 
 3             117           6 
 4             117           0 
 1             118           0 
 2             118           7 
 3             118           0 
 4             118           4 
 1             119           7 
 2             119           0 
 3             119           4 
 4             119           0 
 1             120           7 
 2             120           5 
 3             120           0 
 4             120           0 
 1             121           0 
 2             121           9 
 3             121           0 
 4             121           3 
 1             122           0 
 2             122           0 
 3             122           10 
 4             122           5 
 1             123           8 
 2             123           0 
 3             123           5 
 4             123           0 
 1             124           8 
 2             124           2 
 3             124           0 
 4             124           0 
 1             125           0 
 2             125           0 
 3             125           8 
 4             125           7 
 1             126           6 
 2             126           3 
 3             126           0 
 4             126           0 
 1             127           9 
 2             127           0 
 3             127           0 
 4             127           6 
 1             128           6 
 2             128           0 
 3             128           0 
 4             128           5 
 1             129           6 
 2             129           0 
 3             129           9 
 4             129           0 
 1             130           0 
 2             130           5 
 3             130           0 
 4             130           6 
 1             131           4 
 2             131           0 
 3             131           0 
 4             131           8 
 1             132           4 
 2             132           0 
 3             132           9 
 4             132           0 
 1             133           6 
 2             133           0 
 3             133           0 
 4             133           6 
 1             134           0 
 2             134           7 
 3             134           0 
 4             134           9 
 1             135           7 
 2             135           0 
 3             135           0 
 4             135           6 
 1             136           0 
 2             136           6 
 3             136           7 
 4             136           0 
 1             137           7 
 2             137           0 
 3             137           0 
 4             137           6 
 1             138           0 
 2             138           6 
 3             138           0 
 4             138           4 
 1             139           5 
 2             139           9 
 3             139           0 
 4             139           0 
 1             140           5 
 2             140           4 
 3             140           0 
 4             140           0 
 1             141           0 
 2             141           8 
 3             141           5 
 4             141           0 
 1             142           6 
 2             142           10 
 3             142           0 
 4             142           0 
 1             143           0 
 2             143           7 
 3             143           0 
 4             143           10 
 1             144           0 
 2             144           7 
 3             144           0 
 4             144           6 
 1             145           10 
 2             145           8 
 3             145           0 
 4             145           0 
 1             146           0 
 2             146           0 
 3             146           8 
 4             146           10 
 1             147           7 
 2             147           0 
 3             147           0 
 4             147           7 
 1             148           4 
 2             148           5 
 3             148           0 
 4             148           0 
 1             149           10 
 2             149           6 
 3             149           0 
 4             149           0 
 1             150           0 
 2             150           7 
 3             150           5 
 4             150           0 
 1             151           6 
 2             151           0 
 3             151           0 
 4             151           10 
 1             152           8 
 2             152           0 
 3             152           0 
 4             152           6 
 1             153           0 
 2             153           9 
 3             153           0 
 4             153           6 
 1             154           0 
 2             154           7 
 3             154           8 
 4             154           0 
 1             155           4 
 2             155           0 
 3             155           4 
 4             155           0 
 1             156           0 
 2             156           7 
 3             156           5 
 4             156           0 
 1             157           0 
 2             157           8 
 3             157           0 
 4             157           3 
 1             158           0 
 2             158           0 
 3             158           5 
 4             158           9 
 1             159           0 
 2             159           3 
 3             159           6 
 4             159           0 
 1             160           4 
 2             160           0 
 3             160           0 
 4             160           5 
 1             161           0 
 2             161           6 
 3             161           7 
 4             161           0 
 1             162           0 
 2             162           4 
 3             162           5 
 4             162           0 
 1             163           9 
 2             163           0 
 3             163           0 
 4             163           9 
 1             164           8 
 2             164           5 
 3             164           0 
 4             164           0 
 1             165           0 
 2             165           0 
 3             165           8 
 4             165           8 
 1             166           0 
 2             166           0 
 3             166           8 
 4             166           7 
 1             167           6 
 2             167           0 
 3             167           4 
 4             167           0 
 1             168           0 
 2             168           0 
 3             168           5 
 4             168           4 
 1             169           8 
 2             169           0 
 3             169           2 
 4             169           0 
 1             170           0 
 2             170           3 
 3             170           10 
 4             170           0 
 1             171           6 
 2             171           4 
 3             171           0 
 4             171           0 
 1             172           0 
 2             172           0 
 3             172           5 
 4             172           9 
 1             173           0 
 2             173           0 
 3             173           6 
 4             173           4 
 1             174           8 
 2             174           0 
 3             174           8 
 4             174           0 
 1             175           0 
 2             175           4 
 3             175           0 
 4             175           6 
 1             176           8 
 2             176           0 
 3             176           6 
 4             176           0 
 1             177           8 
 2             177           0 
 3             177           10 
 4             177           0 
 1             178           4 
 2             178           0 
 3             178           0 
 4             178           7 
 1             179           0 
 2             179           0 
 3             179           7 
 4             179           7 
 1             180           0 
 2             180           0 
 3             180           6 
 4             180           5 
 1             181           9 
 2             181           5 
 3             181           0 
 4             181           0 
 1             182           0 
 2             182           0 
 3             182           7 
 4             182           10 
 1             183           5 
 2             183           10 
 3             183           0 
 4             183           0 
 1             184           0 
 2             184           4 
 3             184           7 
 4             184           0 
 1             185           0 
 2             185           9 
 3             185           0 
 4             185           6 
 1             186           0 
 2             186           7 
 3             186           10 
 4             186           0 
 1             187           5 
 2             187           0 
 3             187           0 
 4             187           2 
 1             188           0 
 2             188           0 
 3             188           8 
 4             188           5 
 1             189           0 
 2             189           4 
 3             189           0 
 4             189           6 
 1             190           0 
 2             190           7 
 3             190           5 
 4             190           0 
 1             191           8 
 2             191           3 
 3             191           0 
 4             191           0 
 1             192           0 
 2             192           6 
 3             192           3 
 4             192           0 
 1             193           6 
 2             193           0 
 3             193           4 
 4             193           0 
 1             194           0 
 2             194           8 
 3             194           4 
 4             194           0 
 1             195           6 
 2             195           0 
 3             195           0 
 4             195           5 
 1             196           8 
 2             196           0 
 3             196           4 
 4             196           0 
 1             197           0 
 2             197           0 
 3             197           3 
 4             197           3 
 1             198           0 
 2             198           6 
 3             198           0 
 4             198           2 
 1             199           5 
 2             199           0 
 3             199           9 
 4             199           0 
 1             200           5 
 2             200           0 
 3             200           0 
 4             200           8 
 1             201           0 
 2             201           10 
 3             201           0 
 4             201           7 
 1             202           7 
 2             202           3 
 3             202           0 
 4             202           0 
 1             203           0 
 2             203           10 
 3             203           8 
 4             203           0 
 1             204           7 
 2             204           0 
 3             204           4 
 4             204           0 
 1             205           0 
 2             205           7 
 3             205           0 
 4             205           10 
 1             206           0 
 2             206           7 
 3             206           0 
 4             206           7 
 1             207           10 
 2             207           4 
 3             207           0 
 4             207           0 
 1             208           5 
 2             208           7 
 3             208           0 
 4             208           0 
 1             209           3 
 2             209           0 
 3             209           0 
 4             209           9 
 1             210           7 
 2             210           7 
 3             210           0 
 4             210           0 
 1             211           5 
 2             211           0 
 3             211           0 
 4             211           9 
 1             212           9 
 2             212           0 
 3             212           6 
 4             212           0 
 1             213           5 
 2             213           0 
 3             213           10 
 4             213           0 
 1             214           4 
 2             214           0 
 3             214           6 
 4             214           0 
 1             215           0 
 2             215           0 
 3             215           7 
 4             215           7 
 1             216           7 
 2             216           0 
 3             216           8 
 4             216           0 
 1             217           0 
 2             217           0 
 3             217           8 
 4             217           3 
 1             218           0 
 2             218           0 
 3             218           9 
 4             218           4 
 1             219           8 
 2             219           0 
 3             219           0 
 4             219           5 
 1             220           0 
 2             220           10 
 3             220           8 
 4             220           0 
 1             221           7 
 2             221           10 
 3             221           0 
 4             221           0 
 1             222           0 
 2             222           5 
 3             222           8 
 4             222           0 
 1             223           0 
 2             223           6 
 3             223           0 
 4             223           10 
 1             224           0 
 2             224           5 
 3             224           0 
 4             224           3 
 1             225           10 
 2             225           0 
 3             225           0 
 4             225           8 
 1             226           0 
 2             226           4 
 3             226           7 
 4             226           0 
 1             227           4 
 2             227           0 
 3             227           7 
 4             227           0 
 1             228           5 
 2             228           7 
 3             228           0 
 4             228           0 
 1             229           0 
 2             229           9 
 3             229           5 
 4             229           0 
 1             230           6 
 2             230           0 
 3             230           0 
 4             230           9 
 1             231           6 
 2             231           0 
 3             231           6 
 4             231           0 
 1             232           0 
 2             232           8 
 3             232           0 
 4             232           10 
 1             233           8 
 2             233           0 
 3             233           7 
 4             233           0 
 1             234           0 
 2             234           0 
 3             234           2 
 4             234           7 
 1             235           3 
 2             235           0 
 3             235           3 
 4             235           0 
 1             236           10 
 2             236           0 
 3             236           4 
 4             236           0 
 1             237           5 
 2             237           0 
 3             237           0 
 4             237           2 
 1             238           4 
 2             238           0 
 3             238           0 
 4             238           3 
 1             239           6 
 2             239           8 
 3             239           0 
 4             239           0 
 1             240           0 
 2             240           6 
 3             240           0 
 4             240           2 
 1             241           5 
 2             241           0 
 3             241           4 
 4             241           0 
 1             242           5 
 2             242           5 
 3             242           0 
 4             242           0 
 1             243           10 
 2             243           0 
 3             243           0 
 4             243           4 
 1             244           3 
 2             244           0 
 3             244           0 
 4             244           10 
 1             245           4 
 2             245           8 
 3             245           0 
 4             245           0 
 1             246           4 
 2             246           0 
 3             246           10 
 4             246           0 
 1             247           0 
 2             247           0 
 3             247           4 
 4             247           4 
 1             248           5 
 2             248           0 
 3             248           4 
 4             248           0 
 1             249           6 
 2             249           0 
 3             249           0 
 4             249           6 
 1             250           6 
 2             250           0 
 3             250           7 
 4             250           0 
 1             251           8 
 2             251           0 
 3             251           7 
 4             251           0 
 1             252           0 
 2             252           0 
 3             252           7 
 4             252           7 
 1             253           4 
 2             253           6 
 3             253           0 
 4             253           0 
 1             254           6 
 2             254           0 
 3             254           4 
 4             254           0 
 1             255           0 
 2             255           6 
 3             255           4 
 4             255           0 
 1             256           4 
 2             256           0 
 3             256           6 
 4             256           0 
 1             257           0 
 2             257           8 
 3             257           5 
 4             257           0 
 1             258           0 
 2             258           0 
 3             258           5 
 4             258           7 
 1             259           0 
 2             259           6 
 3             259           0 
 4             259           6 
 1             260           0 
 2             260           0 
 3             260           4 
 4             260           8 
 1             261           6 
 2             261           0 
 3             261           0 
 4             261           5 
 1             262           6 
 2             262           0 
 3             262           4 
 4             262           0 
 1             263           2 
 2             263           0 
 3             263           6 
 4             263           0 
 1             264           0 
 2             264           10 
 3             264           0 
 4             264           7 
 1             265           0 
 2             265           6 
 3             265           0 
 4             265           3 
 1             266           4 
 2             266           0 
 3             266           3 
 4             266           0 
 1             267           5 
 2             267           0 
 3             267           6 
 4             267           0 
 1             268           0 
 2             268           0 
 3             268           6 
 4             268           6 
 1             269           6 
 2             269           0 
 3             269           0 
 4             269           7 
 1             270           0 
 2             270           5 
 3             270           7 
 4             270           0 
 1             271           0 
 2             271           0 
 3             271           6 
 4             271           9 
 1             272           0 
 2             272           0 
 3             272           4 
 4             272           2 
 1             273           5 
 2             273           0 
 3             273           3 
 4             273           0 
 1             274           5 
 2             274           0 
 3             274           0 
 4             274           7 
 1             275           6 
 2             275           5 
 3             275           0 
 4             275           0 
 1             276           0 
 2             276           8 
 3             276           0 
 4             276           7 
 1             277           8 
 2             277           0 
 3             277           6 
 4             277           0 
 1             278           8 
 2             278           0 
 3             278           10 
 4             278           0 
 1             279           7 
 2             279           0 
 3             279           0 
 4             279           4 
 1             280           8 
 2             280           0 
 3             280           0 
 4             280           5 
 1             281           5 
 2             281           5 
 3             281           0 
 4             281           0 
 1             282           10 
 2             282           6 
 3             282           0 
 4             282           0 
 1             283           5 
 2             283           0 
 3             283           0 
 4             283           5 
 1             284           0 
 2             284           0 
 3             284           3 
 4             284           7 
 1             285           0 
 2             285           0 
 3             285           4 
 4             285           6 
 1             286           0 
 2             286           7 
 3             286           3 
 4             286           0 
 1             287           3 
 2             287           6 
 3             287           0 
 4             287           0 
 1             288           7 
 2             288           5 
 3             288           0 
 4             288           0 
 1             289           0 
 2             289           5 
 3             289           6 
 4             289           0 
 1             290           0 
 2             290           0 
 3             290           5 
 4             290           5 
 1             291           0 
 2             291           8 
 3             291           0 
 4             291           6 
 1             292           7 
 2             292           0 
 3             292           0 
 4             292           3 
 1             293           0 
 2             293           6 
 3             293           0 
 4             293           5 
 1             294           7 
 2             294           5 
 3             294           0 
 4             294           0 
 1             295           0 
 2             295           0 
 3             295           8 
 4             295           6 
 1             296           2 
 2             296           3 
 3             296           0 
 4             296           0 
 1             297           6 
 2             297           0 
 3             297           0 
 4             297           6 
 1             298           5 
 2             298           0 
 3             298           0 
 4             298           10 
 1             299           3 
 2             299           8 
 3             299           0 
 4             299           0 
 1             300           0 
 2             300           6 
 3             300           6 
 4             300           0 
 1             301           3 
 2             301           0 
 3             301           0 
 4             301           10 
 1             302           0 
 2             302           0 
 3             302           0 
 4             302           0 
