 1             1             0 
 2             1             0 
 3             1             0 
 4             1             0 
 1             2             0 
 2             2             0 
 3             2             2 
 4             2             0 
 1             3             0 
 2             3             0 
 3             3             3 
 4             3             0 
 1             4             0 
 2             4             0 
 3             4             0 
 4             4             1 
 1             5             0 
 2             5             0 
 3             5             0 
 4             5             3 
 1             6             1 
 2             6             0 
 3             6             0 
 4             6             0 
 1             7             0 
 2             7             0 
 3             7             3 
 4             7             0 
 1             8             0 
 2             8             0 
 3             8             0 
 4             8             2 
 1             9             3 
 2             9             0 
 3             9             0 
 4             9             0 
 1             10            0 
 2             10            0 
 3             10            4 
 4             10            0 
 1             11            0 
 2             11            0 
 3             11            2 
 4             11            0 
 1             12            0 
 2             12            1 
 3             12            0 
 4             12            0 
 1             13            0 
 2             13            0 
 3             13            0 
 4             13            3 
 1             14            0 
 2             14            0 
 3             14            2 
 4             14            0 
 1             15            3 
 2             15            0 
 3             15            0 
 4             15            0 
 1             16            0 
 2             16            0 
 3             16            3 
 4             16            0 
 1             17            6 
 2             17            0 
 3             17            0 
 4             17            0 
 1             18            0 
 2             18            0 
 3             18            0 
 4             18            2 
 1             19            6 
 2             19            0 
 3             19            0 
 4             19            0 
 1             20            5 
 2             20            0 
 3             20            0 
 4             20            0 
 1             21            0 
 2             21            5 
 3             21            0 
 4             21            0 
 1             22            0 
 2             22            0 
 3             22            0 
 4             22            3 
 1             23            0 
 2             23            0 
 3             23            6 
 4             23            0 
 1             24            0 
 2             24            0 
 3             24            4 
 4             24            0 
 1             25            0 
 2             25            5 
 3             25            0 
 4             25            0 
 1             26            0 
 2             26            0 
 3             26            0 
 4             26            1 
 1             27            0 
 2             27            0 
 3             27            0 
 4             27            4 
 1             28            4 
 2             28            0 
 3             28            0 
 4             28            0 
 1             29            0 
 2             29            0 
 3             29            0 
 4             29            5 
 1             30            0 
 2             30            0 
 3             30            0 
 4             30            1 
 1             31            0 
 2             31            0 
 3             31            0 
 4             31            6 
 1             32            0 
 2             32            5 
 3             32            0 
 4             32            0 
 1             33            0 
 2             33            0 
 3             33            0 
 4             33            5 
 1             34            0 
 2             34            0 
 3             34            1 
 4             34            0 
 1             35            0 
 2             35            4 
 3             35            0 
 4             35            0 
 1             36            0 
 2             36            0 
 3             36            0 
 4             36            4 
 1             37            0 
 2             37            0 
 3             37            5 
 4             37            0 
 1             38            0 
 2             38            4 
 3             38            0 
 4             38            0 
 1             39            0 
 2             39            0 
 3             39            0 
 4             39            4 
 1             40            0 
 2             40            0 
 3             40            0 
 4             40            6 
 1             41            0 
 2             41            5 
 3             41            0 
 4             41            0 
 1             42            0 
 2             42            0 
 3             42            3 
 4             42            0 
 1             43            0 
 2             43            0 
 3             43            0 
 4             43            1 
 1             44            0 
 2             44            0 
 3             44            1 
 4             44            0 
 1             45            9 
 2             45            0 
 3             45            0 
 4             45            0 
 1             46            0 
 2             46            8 
 3             46            0 
 4             46            0 
 1             47            0 
 2             47            2 
 3             47            0 
 4             47            0 
 1             48            1 
 2             48            0 
 3             48            0 
 4             48            0 
 1             49            3 
 2             49            0 
 3             49            0 
 4             49            0 
 1             50            3 
 2             50            0 
 3             50            0 
 4             50            0 
 1             51            6 
 2             51            0 
 3             51            0 
 4             51            0 
 1             52            8 
 2             52            0 
 3             52            0 
 4             52            0 
 1             53            0 
 2             53            0 
 3             53            0 
 4             53            2 
 1             54            0 
 2             54            0 
 3             54            5 
 4             54            0 
 1             55            8 
 2             55            0 
 3             55            0 
 4             55            0 
 1             56            0 
 2             56            0 
 3             56            0 
 4             56            3 
 1             57            0 
 2             57            2 
 3             57            0 
 4             57            0 
 1             58            0 
 2             58            4 
 3             58            0 
 4             58            0 
 1             59            3 
 2             59            0 
 3             59            0 
 4             59            0 
 1             60            0 
 2             60            0 
 3             60            0 
 4             60            9 
 1             61            0 
 2             61            4 
 3             61            0 
 4             61            0 
 1             62            5 
 2             62            0 
 3             62            0 
 4             62            0 
 1             63            2 
 2             63            0 
 3             63            0 
 4             63            0 
 1             64            0 
 2             64            0 
 3             64            0 
 4             64            4 
 1             65            0 
 2             65            0 
 3             65            0 
 4             65            1 
 1             66            0 
 2             66            2 
 3             66            0 
 4             66            0 
 1             67            0 
 2             67            0 
 3             67            10 
 4             67            0 
 1             68            5 
 2             68            0 
 3             68            0 
 4             68            0 
 1             69            6 
 2             69            0 
 3             69            0 
 4             69            0 
 1             70            0 
 2             70            4 
 3             70            0 
 4             70            0 
 1             71            0 
 2             71            0 
 3             71            7 
 4             71            0 
 1             72            0 
 2             72            5 
 3             72            0 
 4             72            0 
 1             73            0 
 2             73            0 
 3             73            0 
 4             73            4 
 1             74            0 
 2             74            0 
 3             74            3 
 4             74            0 
 1             75            0 
 2             75            0 
 3             75            0 
 4             75            3 
 1             76            0 
 2             76            2 
 3             76            0 
 4             76            0 
 1             77            0 
 2             77            2 
 3             77            0 
 4             77            0 
 1             78            9 
 2             78            0 
 3             78            0 
 4             78            0 
 1             79            0 
 2             79            0 
 3             79            0 
 4             79            3 
 1             80            0 
 2             80            6 
 3             80            0 
 4             80            0 
 1             81            0 
 2             81            3 
 3             81            0 
 4             81            0 
 1             82            4 
 2             82            0 
 3             82            0 
 4             82            0 
 1             83            4 
 2             83            0 
 3             83            0 
 4             83            0 
 1             84            0 
 2             84            0 
 3             84            3 
 4             84            0 
 1             85            3 
 2             85            0 
 3             85            0 
 4             85            0 
 1             86            0 
 2             86            0 
 3             86            3 
 4             86            0 
 1             87            0 
 2             87            0 
 3             87            6 
 4             87            0 
 1             88            0 
 2             88            0 
 3             88            0 
 4             88            3 
 1             89            0 
 2             89            0 
 3             89            0 
 4             89            4 
 1             90            0 
 2             90            2 
 3             90            0 
 4             90            0 
 1             91            0 
 2             91            0 
 3             91            2 
 4             91            0 
 1             92            4 
 2             92            0 
 3             92            0 
 4             92            0 
 1             93            0 
 2             93            4 
 3             93            0 
 4             93            0 
 1             94            0 
 2             94            0 
 3             94            0 
 4             94            7 
 1             95            0 
 2             95            0 
 3             95            0 
 4             95            4 
 1             96            0 
 2             96            0 
 3             96            5 
 4             96            0 
 1             97            0 
 2             97            4 
 3             97            0 
 4             97            0 
 1             98            0 
 2             98            3 
 3             98            0 
 4             98            0 
 1             99            0 
 2             99            3 
 3             99            0 
 4             99            0 
 1             100           0 
 2             100           6 
 3             100           0 
 4             100           0 
 1             101           0 
 2             101           2 
 3             101           0 
 4             101           0 
 1             102           0 
 2             102           0 
 3             102           0 
 4             102           5 
 1             103           0 
 2             103           0 
 3             103           0 
 4             103           4 
 1             104           0 
 2             104           0 
 3             104           0 
 4             104           3 
 1             105           0 
 2             105           0 
 3             105           0 
 4             105           8 
 1             106           3 
 2             106           0 
 3             106           0 
 4             106           0 
 1             107           0 
 2             107           0 
 3             107           0 
 4             107           7 
 1             108           0 
 2             108           0 
 3             108           0 
 4             108           3 
 1             109           3 
 2             109           0 
 3             109           0 
 4             109           0 
 1             110           5 
 2             110           0 
 3             110           0 
 4             110           0 
 1             111           0 
 2             111           3 
 3             111           0 
 4             111           0 
 1             112           0 
 2             112           7 
 3             112           0 
 4             112           0 
 1             113           9 
 2             113           0 
 3             113           0 
 4             113           0 
 1             114           0 
 2             114           0 
 3             114           0 
 4             114           3 
 1             115           0 
 2             115           0 
 3             115           0 
 4             115           4 
 1             116           0 
 2             116           0 
 3             116           1 
 4             116           0 
 1             117           0 
 2             117           0 
 3             117           0 
 4             117           5 
 1             118           0 
 2             118           0 
 3             118           4 
 4             118           0 
 1             119           0 
 2             119           0 
 3             119           3 
 4             119           0 
 1             120           0 
 2             120           0 
 3             120           8 
 4             120           0 
 1             121           0 
 2             121           4 
 3             121           0 
 4             121           0 
 1             122           0 
 2             122           0 
 3             122           0 
 4             122           4 
 1             123           0 
 2             123           0 
 3             123           4 
 4             123           0 
 1             124           0 
 2             124           0 
 3             124           2 
 4             124           0 
 1             125           5 
 2             125           0 
 3             125           0 
 4             125           0 
 1             126           0 
 2             126           0 
 3             126           4 
 4             126           0 
 1             127           0 
 2             127           5 
 3             127           0 
 4             127           0 
 1             128           2 
 2             128           0 
 3             128           0 
 4             128           0 
 1             129           0 
 2             129           0 
 3             129           2 
 4             129           0 
 1             130           0 
 2             130           0 
 3             130           0 
 4             130           5 
 1             131           0 
 2             131           0 
 3             131           6 
 4             131           0 
 1             132           0 
 2             132           0 
 3             132           5 
 4             132           0 
 1             133           3 
 2             133           0 
 3             133           0 
 4             133           0 
 1             134           0 
 2             134           4 
 3             134           0 
 4             134           0 
 1             135           0 
 2             135           0 
 3             135           0 
 4             135           4 
 1             136           4 
 2             136           0 
 3             136           0 
 4             136           0 
 1             137           0 
 2             137           4 
 3             137           0 
 4             137           0 
 1             138           0 
 2             138           0 
 3             138           4 
 4             138           0 
 1             139           4 
 2             139           0 
 3             139           0 
 4             139           0 
 1             140           0 
 2             140           0 
 3             140           7 
 4             140           0 
 1             141           0 
 2             141           0 
 3             141           1 
 4             141           0 
 1             142           0 
 2             142           0 
 3             142           5 
 4             142           0 
 1             143           4 
 2             143           0 
 3             143           0 
 4             143           0 
 1             144           0 
 2             144           0 
 3             144           0 
 4             144           6 
 1             145           4 
 2             145           0 
 3             145           0 
 4             145           0 
 1             146           0 
 2             146           7 
 3             146           0 
 4             146           0 
 1             147           0 
 2             147           0 
 3             147           4 
 4             147           0 
 1             148           0 
 2             148           0 
 3             148           2 
 4             148           0 
 1             149           0 
 2             149           0 
 3             149           0 
 4             149           5 
 1             150           0 
 2             150           0 
 3             150           2 
 4             150           0 
 1             151           0 
 2             151           0 
 3             151           0 
 4             151           2 
 1             152           0 
 2             152           0 
 3             152           3 
 4             152           0 
 1             153           0 
 2             153           0 
 3             153           0 
 4             153           1 
 1             154           0 
 2             154           0 
 3             154           0 
 4             154           3 
 1             155           0 
 2             155           0 
 3             155           3 
 4             155           0 
 1             156           6 
 2             156           0 
 3             156           0 
 4             156           0 
 1             157           7 
 2             157           0 
 3             157           0 
 4             157           0 
 1             158           4 
 2             158           0 
 3             158           0 
 4             158           0 
 1             159           0 
 2             159           6 
 3             159           0 
 4             159           0 
 1             160           0 
 2             160           6 
 3             160           0 
 4             160           0 
 1             161           0 
 2             161           3 
 3             161           0 
 4             161           0 
 1             162           0 
 2             162           0 
 3             162           3 
 4             162           0 
 1             163           1 
 2             163           0 
 3             163           0 
 4             163           0 
 1             164           0 
 2             164           0 
 3             164           3 
 4             164           0 
 1             165           3 
 2             165           0 
 3             165           0 
 4             165           0 
 1             166           0 
 2             166           0 
 3             166           0 
 4             166           5 
 1             167           4 
 2             167           0 
 3             167           0 
 4             167           0 
 1             168           4 
 2             168           0 
 3             168           0 
 4             168           0 
 1             169           0 
 2             169           6 
 3             169           0 
 4             169           0 
 1             170           0 
 2             170           0 
 3             170           0 
 4             170           8 
 1             171           0 
 2             171           0 
 3             171           3 
 4             171           0 
 1             172           0 
 2             172           0 
 3             172           0 
 4             172           7 
 1             173           2 
 2             173           0 
 3             173           0 
 4             173           0 
 1             174           0 
 2             174           4 
 3             174           0 
 4             174           0 
 1             175           1 
 2             175           0 
 3             175           0 
 4             175           0 
 1             176           0 
 2             176           5 
 3             176           0 
 4             176           0 
 1             177           0 
 2             177           4 
 3             177           0 
 4             177           0 
 1             178           0 
 2             178           3 
 3             178           0 
 4             178           0 
 1             179           0 
 2             179           0 
 3             179           4 
 4             179           0 
 1             180           3 
 2             180           0 
 3             180           0 
 4             180           0 
 1             181           0 
 2             181           0 
 3             181           0 
 4             181           4 
 1             182           0 
 2             182           0 
 3             182           4 
 4             182           0 
 1             183           0 
 2             183           4 
 3             183           0 
 4             183           0 
 1             184           0 
 2             184           0 
 3             184           4 
 4             184           0 
 1             185           0 
 2             185           0 
 3             185           5 
 4             185           0 
 1             186           0 
 2             186           6 
 3             186           0 
 4             186           0 
 1             187           0 
 2             187           0 
 3             187           5 
 4             187           0 
 1             188           0 
 2             188           0 
 3             188           0 
 4             188           3 
 1             189           0 
 2             189           0 
 3             189           0 
 4             189           3 
 1             190           3 
 2             190           0 
 3             190           0 
 4             190           0 
 1             191           4 
 2             191           0 
 3             191           0 
 4             191           0 
 1             192           0 
 2             192           4 
 3             192           0 
 4             192           0 
 1             193           4 
 2             193           0 
 3             193           0 
 4             193           0 
 1             194           4 
 2             194           0 
 3             194           0 
 4             194           0 
 1             195           0 
 2             195           0 
 3             195           0 
 4             195           4 
 1             196           0 
 2             196           5 
 3             196           0 
 4             196           0 
 1             197           5 
 2             197           0 
 3             197           0 
 4             197           0 
 1             198           4 
 2             198           0 
 3             198           0 
 4             198           0 
 1             199           5 
 2             199           0 
 3             199           0 
 4             199           0 
 1             200           2 
 2             200           0 
 3             200           0 
 4             200           0 
 1             201           0 
 2             201           0 
 3             201           0 
 4             201           4 
 1             202           3 
 2             202           0 
 3             202           0 
 4             202           0 
 1             203           0 
 2             203           7 
 3             203           0 
 4             203           0 
 1             204           0 
 2             204           0 
 3             204           0 
 4             204           3 
 1             205           0 
 2             205           0 
 3             205           3 
 4             205           0 
 1             206           0 
 2             206           0 
 3             206           0 
 4             206           5 
 1             207           0 
 2             207           0 
 3             207           3 
 4             207           0 
 1             208           0 
 2             208           4 
 3             208           0 
 4             208           0 
 1             209           0 
 2             209           2 
 3             209           0 
 4             209           0 
 1             210           0 
 2             210           2 
 3             210           0 
 4             210           0 
 1             211           0 
 2             211           5 
 3             211           0 
 4             211           0 
 1             212           5 
 2             212           0 
 3             212           0 
 4             212           0 
 1             213           0 
 2             213           0 
 3             213           0 
 4             213           5 
 1             214           0 
 2             214           0 
 3             214           3 
 4             214           0 
 1             215           0 
 2             215           0 
 3             215           3 
 4             215           0 
 1             216           0 
 2             216           0 
 3             216           5 
 4             216           0 
 1             217           0 
 2             217           0 
 3             217           4 
 4             217           0 
 1             218           3 
 2             218           0 
 3             218           0 
 4             218           0 
 1             219           0 
 2             219           0 
 3             219           0 
 4             219           4 
 1             220           0 
 2             220           0 
 3             220           0 
 4             220           4 
 1             221           0 
 2             221           0 
 3             221           0 
 4             221           4 
 1             222           0 
 2             222           3 
 3             222           0 
 4             222           0 
 1             223           0 
 2             223           0 
 3             223           0 
 4             223           5 
 1             224           0 
 2             224           0 
 3             224           0 
 4             224           3 
 1             225           0 
 2             225           0 
 3             225           0 
 4             225           4 
 1             226           0 
 2             226           0 
 3             226           0 
 4             226           4 
 1             227           0 
 2             227           0 
 3             227           5 
 4             227           0 
 1             228           0 
 2             228           1 
 3             228           0 
 4             228           0 
 1             229           5 
 2             229           0 
 3             229           0 
 4             229           0 
 1             230           0 
 2             230           5 
 3             230           0 
 4             230           0 
 1             231           0 
 2             231           0 
 3             231           6 
 4             231           0 
 1             232           0 
 2             232           0 
 3             232           0 
 4             232           2 
 1             233           3 
 2             233           0 
 3             233           0 
 4             233           0 
 1             234           2 
 2             234           0 
 3             234           0 
 4             234           0 
 1             235           0 
 2             235           5 
 3             235           0 
 4             235           0 
 1             236           0 
 2             236           3 
 3             236           0 
 4             236           0 
 1             237           0 
 2             237           0 
 3             237           6 
 4             237           0 
 1             238           6 
 2             238           0 
 3             238           0 
 4             238           0 
 1             239           0 
 2             239           0 
 3             239           0 
 4             239           6 
 1             240           0 
 2             240           0 
 3             240           5 
 4             240           0 
 1             241           0 
 2             241           0 
 3             241           0 
 4             241           4 
 1             242           0 
 2             242           0 
 3             242           0 
 4             242           4 
 1             243           0 
 2             243           0 
 3             243           0 
 4             243           4 
 1             244           3 
 2             244           0 
 3             244           0 
 4             244           0 
 1             245           0 
 2             245           0 
 3             245           0 
 4             245           5 
 1             246           0 
 2             246           0 
 3             246           0 
 4             246           3 
 1             247           2 
 2             247           0 
 3             247           0 
 4             247           0 
 1             248           4 
 2             248           0 
 3             248           0 
 4             248           0 
 1             249           4 
 2             249           0 
 3             249           0 
 4             249           0 
 1             250           6 
 2             250           0 
 3             250           0 
 4             250           0 
 1             251           0 
 2             251           6 
 3             251           0 
 4             251           0 
 1             252           0 
 2             252           0 
 3             252           7 
 4             252           0 
 1             253           0 
 2             253           0 
 3             253           4 
 4             253           0 
 1             254           3 
 2             254           0 
 3             254           0 
 4             254           0 
 1             255           0 
 2             255           0 
 3             255           0 
 4             255           7 
 1             256           0 
 2             256           0 
 3             256           4 
 4             256           0 
 1             257           0 
 2             257           4 
 3             257           0 
 4             257           0 
 1             258           0 
 2             258           0 
 3             258           0 
 4             258           5 
 1             259           0 
 2             259           5 
 3             259           0 
 4             259           0 
 1             260           0 
 2             260           2 
 3             260           0 
 4             260           0 
 1             261           0 
 2             261           3 
 3             261           0 
 4             261           0 
 1             262           4 
 2             262           0 
 3             262           0 
 4             262           0 
 1             263           3 
 2             263           0 
 3             263           0 
 4             263           0 
 1             264           0 
 2             264           2 
 3             264           0 
 4             264           0 
 1             265           0 
 2             265           0 
 3             265           2 
 4             265           0 
 1             266           0 
 2             266           0 
 3             266           0 
 4             266           2 
 1             267           0 
 2             267           0 
 3             267           10 
 4             267           0 
 1             268           0 
 2             268           0 
 3             268           4 
 4             268           0 
 1             269           3 
 2             269           0 
 3             269           0 
 4             269           0 
 1             270           0 
 2             270           0 
 3             270           7 
 4             270           0 
 1             271           0 
 2             271           0 
 3             271           0 
 4             271           4 
 1             272           4 
 2             272           0 
 3             272           0 
 4             272           0 
 1             273           0 
 2             273           0 
 3             273           3 
 4             273           0 
 1             274           0 
 2             274           1 
 3             274           0 
 4             274           0 
 1             275           7 
 2             275           0 
 3             275           0 
 4             275           0 
 1             276           0 
 2             276           5 
 3             276           0 
 4             276           0 
 1             277           3 
 2             277           0 
 3             277           0 
 4             277           0 
 1             278           0 
 2             278           3 
 3             278           0 
 4             278           0 
 1             279           0 
 2             279           0 
 3             279           5 
 4             279           0 
 1             280           0 
 2             280           2 
 3             280           0 
 4             280           0 
 1             281           0 
 2             281           1 
 3             281           0 
 4             281           0 
 1             282           6 
 2             282           0 
 3             282           0 
 4             282           0 
 1             283           0 
 2             283           4 
 3             283           0 
 4             283           0 
 1             284           0 
 2             284           4 
 3             284           0 
 4             284           0 
 1             285           3 
 2             285           0 
 3             285           0 
 4             285           0 
 1             286           1 
 2             286           0 
 3             286           0 
 4             286           0 
 1             287           0 
 2             287           8 
 3             287           0 
 4             287           0 
 1             288           3 
 2             288           0 
 3             288           0 
 4             288           0 
 1             289           0 
 2             289           0 
 3             289           0 
 4             289           4 
 1             290           0 
 2             290           2 
 3             290           0 
 4             290           0 
 1             291           0 
 2             291           0 
 3             291           0 
 4             291           5 
 1             292           0 
 2             292           7 
 3             292           0 
 4             292           0 
 1             293           1 
 2             293           0 
 3             293           0 
 4             293           0 
 1             294           0 
 2             294           0 
 3             294           4 
 4             294           0 
 1             295           0 
 2             295           0 
 3             295           6 
 4             295           0 
 1             296           2 
 2             296           0 
 3             296           0 
 4             296           0 
 1             297           0 
 2             297           0 
 3             297           4 
 4             297           0 
 1             298           0 
 2             298           6 
 3             298           0 
 4             298           0 
 1             299           0 
 2             299           0 
 3             299           1 
 4             299           0 
 1             300           0 
 2             300           5 
 3             300           0 
 4             300           0 
 1             301           0 
 2             301           2 
 3             301           0 
 4             301           0 
 1             302           0 
 2             302           0 
 3             302           0 
 4             302           0 
