 1             1             0 
 2             1             0 
 3             1             0 
 4             1             0 
 1             2             7 
 2             2             10 
 3             2             6 
 4             2             6 
 1             3             6 
 2             3             9 
 3             3             4 
 4             3             7 
 1             4             10 
 2             4             10 
 3             4             9 
 4             4             8 
 1             5             5 
 2             5             7 
 3             5             10 
 4             5             9 
 1             6             4 
 2             6             9 
 3             6             4 
 4             6             8 
 1             7             8 
 2             7             6 
 3             7             5 
 4             7             7 
 1             8             8 
 2             8             3 
 3             8             9 
 4             8             8 
 1             9             10 
 2             9             10 
 3             9             6 
 4             9             10 
 1             10            5 
 2             10            8 
 3             10            6 
 4             10            9 
 1             11            8 
 2             11            8 
 3             11            9 
 4             11            6 
 1             12            10 
 2             12            10 
 3             12            6 
 4             12            7 
 1             13            6 
 2             13            10 
 3             13            10 
 4             13            9 
 1             14            6 
 2             14            7 
 3             14            4 
 4             14            4 
 1             15            7 
 2             15            9 
 3             15            7 
 4             15            9 
 1             16            5 
 2             16            8 
 3             16            8 
 4             16            10 
 1             17            5 
 2             17            7 
 3             17            10 
 4             17            6 
 1             18            6 
 2             18            10 
 3             18            9 
 4             18            5 
 1             19            8 
 2             19            9 
 3             19            7 
 4             19            10 
 1             20            10 
 2             20            7 
 3             20            9 
 4             20            5 
 1             21            9 
 2             21            9 
 3             21            8 
 4             21            10 
 1             22            10 
 2             22            7 
 3             22            10 
 4             22            4 
 1             23            10 
 2             23            8 
 3             23            9 
 4             23            9 
 1             24            9 
 2             24            5 
 3             24            10 
 4             24            7 
 1             25            8 
 2             25            7 
 3             25            9 
 4             25            7 
 1             26            8 
 2             26            7 
 3             26            7 
 4             26            10 
 1             27            6 
 2             27            6 
 3             27            10 
 4             27            3 
 1             28            6 
 2             28            6 
 3             28            9 
 4             28            10 
 1             29            10 
 2             29            10 
 3             29            8 
 4             29            10 
 1             30            6 
 2             30            10 
 3             30            10 
 4             30            9 
 1             31            9 
 2             31            10 
 3             31            4 
 4             31            6 
 1             32            10 
 2             32            5 
 3             32            10 
 4             32            10 
 1             33            5 
 2             33            5 
 3             33            10 
 4             33            10 
 1             34            9 
 2             34            7 
 3             34            4 
 4             34            10 
 1             35            9 
 2             35            7 
 3             35            9 
 4             35            10 
 1             36            5 
 2             36            10 
 3             36            7 
 4             36            7 
 1             37            5 
 2             37            9 
 3             37            7 
 4             37            7 
 1             38            8 
 2             38            9 
 3             38            10 
 4             38            6 
 1             39            10 
 2             39            7 
 3             39            8 
 4             39            10 
 1             40            10 
 2             40            10 
 3             40            10 
 4             40            9 
 1             41            5 
 2             41            6 
 3             41            7 
 4             41            7 
 1             42            9 
 2             42            6 
 3             42            8 
 4             42            9 
 1             43            9 
 2             43            10 
 3             43            8 
 4             43            8 
 1             44            10 
 2             44            10 
 3             44            7 
 4             44            10 
 1             45            6 
 2             45            8 
 3             45            6 
 4             45            10 
 1             46            3 
 2             46            7 
 3             46            7 
 4             46            6 
 1             47            6 
 2             47            10 
 3             47            6 
 4             47            7 
 1             48            10 
 2             48            8 
 3             48            10 
 4             48            9 
 1             49            9 
 2             49            9 
 3             49            6 
 4             49            7 
 1             50            6 
 2             50            9 
 3             50            10 
 4             50            10 
 1             51            4 
 2             51            7 
 3             51            10 
 4             51            10 
 1             52            8 
 2             52            10 
 3             52            6 
 4             52            9 
 1             53            10 
 2             53            10 
 3             53            7 
 4             53            10 
 1             54            7 
 2             54            6 
 3             54            10 
 4             54            8 
 1             55            10 
 2             55            10 
 3             55            4 
 4             55            10 
 1             56            10 
 2             56            7 
 3             56            9 
 4             56            10 
 1             57            10 
 2             57            6 
 3             57            4 
 4             57            10 
 1             58            10 
 2             58            5 
 3             58            4 
 4             58            5 
 1             59            5 
 2             59            10 
 3             59            9 
 4             59            10 
 1             60            10 
 2             60            8 
 3             60            10 
 4             60            7 
 1             61            3 
 2             61            10 
 3             61            7 
 4             61            10 
 1             62            8 
 2             62            10 
 3             62            9 
 4             62            7 
 1             63            10 
 2             63            9 
 3             63            7 
 4             63            9 
 1             64            7 
 2             64            7 
 3             64            10 
 4             64            9 
 1             65            8 
 2             65            10 
 3             65            7 
 4             65            10 
 1             66            9 
 2             66            5 
 3             66            9 
 4             66            6 
 1             67            8 
 2             67            10 
 3             67            10 
 4             67            8 
 1             68            10 
 2             68            6 
 3             68            10 
 4             68            4 
 1             69            7 
 2             69            10 
 3             69            10 
 4             69            4 
 1             70            9 
 2             70            10 
 3             70            7 
 4             70            10 
 1             71            8 
 2             71            10 
 3             71            7 
 4             71            10 
 1             72            7 
 2             72            9 
 3             72            8 
 4             72            8 
 1             73            9 
 2             73            5 
 3             73            10 
 4             73            10 
 1             74            10 
 2             74            6 
 3             74            7 
 4             74            9 
 1             75            8 
 2             75            5 
 3             75            8 
 4             75            9 
 1             76            10 
 2             76            5 
 3             76            8 
 4             76            10 
 1             77            10 
 2             77            6 
 3             77            4 
 4             77            7 
 1             78            5 
 2             78            10 
 3             78            5 
 4             78            10 
 1             79            7 
 2             79            8 
 3             79            8 
 4             79            8 
 1             80            9 
 2             80            6 
 3             80            9 
 4             80            6 
 1             81            9 
 2             81            6 
 3             81            10 
 4             81            10 
 1             82            9 
 2             82            10 
 3             82            6 
 4             82            9 
 1             83            7 
 2             83            10 
 3             83            8 
 4             83            6 
 1             84            3 
 2             84            9 
 3             84            10 
 4             84            9 
 1             85            10 
 2             85            6 
 3             85            10 
 4             85            7 
 1             86            10 
 2             86            6 
 3             86            9 
 4             86            8 
 1             87            10 
 2             87            10 
 3             87            10 
 4             87            10 
 1             88            6 
 2             88            10 
 3             88            10 
 4             88            10 
 1             89            5 
 2             89            7 
 3             89            10 
 4             89            10 
 1             90            10 
 2             90            10 
 3             90            10 
 4             90            10 
 1             91            10 
 2             91            10 
 3             91            8 
 4             91            10 
 1             92            9 
 2             92            9 
 3             92            10 
 4             92            6 
 1             93            9 
 2             93            7 
 3             93            10 
 4             93            6 
 1             94            10 
 2             94            4 
 3             94            8 
 4             94            9 
 1             95            10 
 2             95            8 
 3             95            7 
 4             95            7 
 1             96            3 
 2             96            10 
 3             96            6 
 4             96            5 
 1             97            10 
 2             97            9 
 3             97            10 
 4             97            4 
 1             98            10 
 2             98            10 
 3             98            8 
 4             98            10 
 1             99            10 
 2             99            6 
 3             99            8 
 4             99            8 
 1             100           8 
 2             100           6 
 3             100           5 
 4             100           8 
 1             101           10 
 2             101           5 
 3             101           8 
 4             101           9 
 1             102           9 
 2             102           8 
 3             102           8 
 4             102           10 
 1             103           9 
 2             103           6 
 3             103           7 
 4             103           5 
 1             104           10 
 2             104           10 
 3             104           5 
 4             104           10 
 1             105           7 
 2             105           7 
 3             105           5 
 4             105           10 
 1             106           6 
 2             106           9 
 3             106           7 
 4             106           8 
 1             107           10 
 2             107           8 
 3             107           10 
 4             107           6 
 1             108           6 
 2             108           8 
 3             108           7 
 4             108           9 
 1             109           8 
 2             109           7 
 3             109           10 
 4             109           5 
 1             110           7 
 2             110           6 
 3             110           8 
 4             110           6 
 1             111           10 
 2             111           7 
 3             111           10 
 4             111           4 
 1             112           10 
 2             112           8 
 3             112           6 
 4             112           10 
 1             113           3 
 2             113           10 
 3             113           10 
 4             113           8 
 1             114           6 
 2             114           7 
 3             114           10 
 4             114           6 
 1             115           9 
 2             115           8 
 3             115           8 
 4             115           10 
 1             116           6 
 2             116           5 
 3             116           8 
 4             116           8 
 1             117           9 
 2             117           6 
 3             117           10 
 4             117           9 
 1             118           6 
 2             118           8 
 3             118           10 
 4             118           5 
 1             119           8 
 2             119           7 
 3             119           10 
 4             119           5 
 1             120           9 
 2             120           10 
 3             120           7 
 4             120           10 
 1             121           4 
 2             121           9 
 3             121           8 
 4             121           5 
 1             122           10 
 2             122           6 
 3             122           4 
 4             122           7 
 1             123           8 
 2             123           8 
 3             123           10 
 4             123           8 
 1             124           10 
 2             124           8 
 3             124           8 
 4             124           10 
 1             125           10 
 2             125           5 
 3             125           8 
 4             125           10 
 1             126           6 
 2             126           10 
 3             126           8 
 4             126           7 
 1             127           10 
 2             127           10 
 3             127           7 
 4             127           10 
 1             128           9 
 2             128           10 
 3             128           10 
 4             128           8 
 1             129           9 
 2             129           9 
 3             129           10 
 4             129           6 
 1             130           7 
 2             130           10 
 3             130           6 
 4             130           7 
 1             131           6 
 2             131           6 
 3             131           6 
 4             131           10 
 1             132           7 
 2             132           10 
 3             132           10 
 4             132           8 
 1             133           9 
 2             133           6 
 3             133           8 
 4             133           10 
 1             134           7 
 2             134           4 
 3             134           4 
 4             134           5 
 1             135           8 
 2             135           8 
 3             135           4 
 4             135           10 
 1             136           9 
 2             136           8 
 3             136           9 
 4             136           10 
 1             137           10 
 2             137           10 
 3             137           4 
 4             137           4 
 1             138           10 
 2             138           9 
 3             138           10 
 4             138           6 
 1             139           8 
 2             139           10 
 3             139           9 
 4             139           10 
 1             140           6 
 2             140           7 
 3             140           9 
 4             140           10 
 1             141           6 
 2             141           5 
 3             141           6 
 4             141           6 
 1             142           10 
 2             142           10 
 3             142           8 
 4             142           7 
 1             143           10 
 2             143           6 
 3             143           8 
 4             143           8 
 1             144           10 
 2             144           10 
 3             144           8 
 4             144           9 
 1             145           8 
 2             145           6 
 3             145           7 
 4             145           10 
 1             146           10 
 2             146           9 
 3             146           6 
 4             146           10 
 1             147           10 
 2             147           10 
 3             147           10 
 4             147           8 
 1             148           7 
 2             148           7 
 3             148           6 
 4             148           6 
 1             149           7 
 2             149           10 
 3             149           10 
 4             149           8 
 1             150           5 
 2             150           10 
 3             150           10 
 4             150           10 
 1             151           10 
 2             151           10 
 3             151           10 
 4             151           7 
 1             152           10 
 2             152           8 
 3             152           6 
 4             152           5 
 1             153           6 
 2             153           6 
 3             153           9 
 4             153           10 
 1             154           8 
 2             154           8 
 3             154           10 
 4             154           10 
 1             155           8 
 2             155           7 
 3             155           3 
 4             155           8 
 1             156           10 
 2             156           6 
 3             156           6 
 4             156           9 
 1             157           10 
 2             157           8 
 3             157           9 
 4             157           7 
 1             158           10 
 2             158           7 
 3             158           7 
 4             158           5 
 1             159           6 
 2             159           8 
 3             159           10 
 4             159           9 
 1             160           10 
 2             160           6 
 3             160           7 
 4             160           10 
 1             161           8 
 2             161           7 
 3             161           6 
 4             161           10 
 1             162           3 
 2             162           5 
 3             162           8 
 4             162           7 
 1             163           9 
 2             163           8 
 3             163           10 
 4             163           10 
 1             164           7 
 2             164           10 
 3             164           8 
 4             164           9 
 1             165           9 
 2             165           8 
 3             165           8 
 4             165           8 
 1             166           7 
 2             166           10 
 3             166           9 
 4             166           10 
 1             167           4 
 2             167           4 
 3             167           10 
 4             167           8 
 1             168           10 
 2             168           10 
 3             168           10 
 4             168           9 
 1             169           10 
 2             169           7 
 3             169           9 
 4             169           10 
 1             170           9 
 2             170           6 
 3             170           8 
 4             170           8 
 1             171           7 
 2             171           8 
 3             171           8 
 4             171           5 
 1             172           6 
 2             172           6 
 3             172           10 
 4             172           4 
 1             173           4 
 2             173           5 
 3             173           10 
 4             173           10 
 1             174           10 
 2             174           8 
 3             174           10 
 4             174           10 
 1             175           10 
 2             175           10 
 3             175           10 
 4             175           4 
 1             176           8 
 2             176           7 
 3             176           5 
 4             176           10 
 1             177           10 
 2             177           10 
 3             177           5 
 4             177           10 
 1             178           10 
 2             178           10 
 3             178           6 
 4             178           7 
 1             179           6 
 2             179           3 
 3             179           6 
 4             179           5 
 1             180           7 
 2             180           5 
 3             180           10 
 4             180           7 
 1             181           8 
 2             181           10 
 3             181           7 
 4             181           10 
 1             182           9 
 2             182           10 
 3             182           10 
 4             182           6 
 1             183           10 
 2             183           10 
 3             183           7 
 4             183           7 
 1             184           10 
 2             184           4 
 3             184           10 
 4             184           6 
 1             185           6 
 2             185           10 
 3             185           10 
 4             185           10 
 1             186           10 
 2             186           9 
 3             186           9 
 4             186           7 
 1             187           5 
 2             187           7 
 3             187           10 
 4             187           8 
 1             188           7 
 2             188           8 
 3             188           10 
 4             188           9 
 1             189           8 
 2             189           4 
 3             189           7 
 4             189           6 
 1             190           4 
 2             190           7 
 3             190           5 
 4             190           7 
 1             191           10 
 2             191           10 
 3             191           8 
 4             191           9 
 1             192           8 
 2             192           8 
 3             192           9 
 4             192           7 
 1             193           10 
 2             193           9 
 3             193           8 
 4             193           6 
 1             194           4 
 2             194           8 
 3             194           10 
 4             194           8 
 1             195           7 
 2             195           6 
 3             195           8 
 4             195           6 
 1             196           7 
 2             196           9 
 3             196           5 
 4             196           6 
 1             197           10 
 2             197           9 
 3             197           9 
 4             197           8 
 1             198           10 
 2             198           9 
 3             198           9 
 4             198           9 
 1             199           10 
 2             199           10 
 3             199           8 
 4             199           6 
 1             200           10 
 2             200           10 
 3             200           9 
 4             200           9 
 1             201           8 
 2             201           4 
 3             201           8 
 4             201           10 
 1             202           7 
 2             202           6 
 3             202           10 
 4             202           8 
 1             203           10 
 2             203           10 
 3             203           10 
 4             203           10 
 1             204           10 
 2             204           5 
 3             204           9 
 4             204           8 
 1             205           8 
 2             205           7 
 3             205           10 
 4             205           9 
 1             206           7 
 2             206           7 
 3             206           7 
 4             206           7 
 1             207           8 
 2             207           6 
 3             207           6 
 4             207           5 
 1             208           4 
 2             208           10 
 3             208           5 
 4             208           10 
 1             209           9 
 2             209           7 
 3             209           10 
 4             209           10 
 1             210           10 
 2             210           6 
 3             210           10 
 4             210           6 
 1             211           6 
 2             211           8 
 3             211           10 
 4             211           8 
 1             212           10 
 2             212           10 
 3             212           5 
 4             212           6 
 1             213           5 
 2             213           9 
 3             213           10 
 4             213           7 
 1             214           10 
 2             214           10 
 3             214           10 
 4             214           8 
 1             215           9 
 2             215           8 
 3             215           9 
 4             215           7 
 1             216           6 
 2             216           7 
 3             216           10 
 4             216           8 
 1             217           10 
 2             217           10 
 3             217           7 
 4             217           4 
 1             218           7 
 2             218           10 
 3             218           6 
 4             218           10 
 1             219           9 
 2             219           5 
 3             219           10 
 4             219           8 
 1             220           6 
 2             220           8 
 3             220           10 
 4             220           7 
 1             221           6 
 2             221           5 
 3             221           10 
 4             221           9 
 1             222           9 
 2             222           10 
 3             222           8 
 4             222           10 
 1             223           5 
 2             223           10 
 3             223           3 
 4             223           10 
 1             224           10 
 2             224           10 
 3             224           8 
 4             224           5 
 1             225           5 
 2             225           6 
 3             225           8 
 4             225           10 
 1             226           9 
 2             226           8 
 3             226           9 
 4             226           9 
 1             227           8 
 2             227           8 
 3             227           8 
 4             227           10 
 1             228           9 
 2             228           9 
 3             228           6 
 4             228           3 
 1             229           10 
 2             229           10 
 3             229           7 
 4             229           6 
 1             230           6 
 2             230           6 
 3             230           7 
 4             230           7 
 1             231           8 
 2             231           10 
 3             231           9 
 4             231           10 
 1             232           7 
 2             232           10 
 3             232           10 
 4             232           6 
 1             233           6 
 2             233           10 
 3             233           6 
 4             233           10 
 1             234           5 
 2             234           10 
 3             234           6 
 4             234           8 
 1             235           10 
 2             235           10 
 3             235           10 
 4             235           8 
 1             236           10 
 2             236           7 
 3             236           10 
 4             236           5 
 1             237           10 
 2             237           9 
 3             237           7 
 4             237           10 
 1             238           10 
 2             238           8 
 3             238           8 
 4             238           6 
 1             239           6 
 2             239           5 
 3             239           10 
 4             239           9 
 1             240           10 
 2             240           6 
 3             240           5 
 4             240           4 
 1             241           10 
 2             241           10 
 3             241           7 
 4             241           10 
 1             242           10 
 2             242           6 
 3             242           8 
 4             242           8 
 1             243           5 
 2             243           10 
 3             243           5 
 4             243           10 
 1             244           10 
 2             244           9 
 3             244           7 
 4             244           10 
 1             245           8 
 2             245           10 
 3             245           7 
 4             245           8 
 1             246           7 
 2             246           7 
 3             246           7 
 4             246           5 
 1             247           9 
 2             247           8 
 3             247           8 
 4             247           10 
 1             248           10 
 2             248           10 
 3             248           8 
 4             248           10 
 1             249           10 
 2             249           9 
 3             249           10 
 4             249           9 
 1             250           5 
 2             250           10 
 3             250           10 
 4             250           6 
 1             251           10 
 2             251           4 
 3             251           10 
 4             251           7 
 1             252           10 
 2             252           7 
 3             252           6 
 4             252           10 
 1             253           9 
 2             253           10 
 3             253           4 
 4             253           10 
 1             254           9 
 2             254           7 
 3             254           6 
 4             254           7 
 1             255           9 
 2             255           10 
 3             255           9 
 4             255           6 
 1             256           9 
 2             256           6 
 3             256           5 
 4             256           8 
 1             257           10 
 2             257           10 
 3             257           10 
 4             257           4 
 1             258           6 
 2             258           10 
 3             258           6 
 4             258           8 
 1             259           9 
 2             259           4 
 3             259           8 
 4             259           6 
 1             260           7 
 2             260           8 
 3             260           10 
 4             260           6 
 1             261           7 
 2             261           7 
 3             261           10 
 4             261           10 
 1             262           7 
 2             262           9 
 3             262           9 
 4             262           5 
 1             263           7 
 2             263           6 
 3             263           10 
 4             263           7 
 1             264           6 
 2             264           7 
 3             264           5 
 4             264           9 
 1             265           8 
 2             265           5 
 3             265           10 
 4             265           8 
 1             266           10 
 2             266           10 
 3             266           7 
 4             266           7 
 1             267           7 
 2             267           5 
 3             267           6 
 4             267           7 
 1             268           3 
 2             268           8 
 3             268           10 
 4             268           10 
 1             269           10 
 2             269           7 
 3             269           8 
 4             269           10 
 1             270           10 
 2             270           8 
 3             270           7 
 4             270           10 
 1             271           10 
 2             271           6 
 3             271           3 
 4             271           8 
 1             272           7 
 2             272           5 
 3             272           10 
 4             272           8 
 1             273           10 
 2             273           9 
 3             273           5 
 4             273           6 
 1             274           10 
 2             274           8 
 3             274           8 
 4             274           8 
 1             275           10 
 2             275           9 
 3             275           10 
 4             275           8 
 1             276           7 
 2             276           10 
 3             276           10 
 4             276           5 
 1             277           2 
 2             277           9 
 3             277           6 
 4             277           8 
 1             278           10 
 2             278           10 
 3             278           6 
 4             278           4 
 1             279           8 
 2             279           10 
 3             279           10 
 4             279           9 
 1             280           10 
 2             280           9 
 3             280           6 
 4             280           9 
 1             281           7 
 2             281           10 
 3             281           7 
 4             281           10 
 1             282           10 
 2             282           5 
 3             282           8 
 4             282           7 
 1             283           10 
 2             283           10 
 3             283           10 
 4             283           10 
 1             284           6 
 2             284           10 
 3             284           10 
 4             284           7 
 1             285           10 
 2             285           6 
 3             285           8 
 4             285           10 
 1             286           9 
 2             286           7 
 3             286           8 
 4             286           8 
 1             287           6 
 2             287           10 
 3             287           9 
 4             287           4 
 1             288           6 
 2             288           9 
 3             288           8 
 4             288           9 
 1             289           7 
 2             289           8 
 3             289           8 
 4             289           9 
 1             290           8 
 2             290           8 
 3             290           8 
 4             290           10 
 1             291           6 
 2             291           9 
 3             291           8 
 4             291           10 
 1             292           8 
 2             292           10 
 3             292           4 
 4             292           10 
 1             293           10 
 2             293           10 
 3             293           10 
 4             293           10 
 1             294           4 
 2             294           10 
 3             294           6 
 4             294           7 
 1             295           8 
 2             295           10 
 3             295           10 
 4             295           9 
 1             296           10 
 2             296           7 
 3             296           8 
 4             296           10 
 1             297           4 
 2             297           10 
 3             297           9 
 4             297           9 
 1             298           7 
 2             298           10 
 3             298           5 
 4             298           8 
 1             299           9 
 2             299           7 
 3             299           10 
 4             299           6 
 1             300           7 
 2             300           9 
 3             300           10 
 4             300           10 
 1             301           7 
 2             301           6 
 3             301           8 
 4             301           10 
 1             302           0 
 2             302           0 
 3             302           0 
 4             302           0 
