 1             1             0 
 2             1             0 
 3             1             0 
 4             1             0 
 1             2             1 
 2             2             1 
 3             2             1 
 4             2             1 
 1             3             2 
 2             3             1 
 3             3             1 
 4             3             2 
 1             4             2 
 2             4             2 
 3             4             1 
 4             4             4 
 1             5             1 
 2             5             1 
 3             5             1 
 4             5             1 
 1             6             2 
 2             6             3 
 3             6             5 
 4             6             4 
 1             7             4 
 2             7             2 
 3             7             1 
 4             7             1 
 1             8             1 
 2             8             1 
 3             8             2 
 4             8             2 
 1             9             2 
 2             9             3 
 3             9             3 
 4             9             1 
 1             10            1 
 2             10            1 
 3             10            2 
 4             10            1 
 1             11            4 
 2             11            2 
 3             11            2 
 4             11            2 
 1             12            2 
 2             12            3 
 3             12            3 
 4             12            2 
 1             13            2 
 2             13            4 
 3             13            3 
 4             13            2 
 1             14            2 
 2             14            2 
 3             14            1 
 4             14            1 
 1             15            3 
 2             15            1 
 3             15            1 
 4             15            2 
 1             16            3 
 2             16            2 
 3             16            1 
 4             16            2 
 1             17            1 
 2             17            1 
 3             17            2 
 4             17            2 
 1             18            1 
 2             18            3 
 3             18            1 
 4             18            3 
 1             19            2 
 2             19            4 
 3             19            2 
 4             19            4 
 1             20            1 
 2             20            1 
 3             20            2 
 4             20            2 
 1             21            1 
 2             21            1 
 3             21            1 
 4             21            1 
 1             22            2 
 2             22            2 
 3             22            2 
 4             22            1 
 1             23            2 
 2             23            2 
 3             23            2 
 4             23            2 
 1             24            2 
 2             24            3 
 3             24            2 
 4             24            3 
 1             25            1 
 2             25            1 
 3             25            3 
 4             25            3 
 1             26            1 
 2             26            2 
 3             26            2 
 4             26            5 
 1             27            3 
 2             27            4 
 3             27            1 
 4             27            3 
 1             28            2 
 2             28            1 
 3             28            2 
 4             28            2 
 1             29            2 
 2             29            1 
 3             29            2 
 4             29            2 
 1             30            2 
 2             30            1 
 3             30            1 
 4             30            1 
 1             31            1 
 2             31            1 
 3             31            3 
 4             31            1 
 1             32            2 
 2             32            2 
 3             32            2 
 4             32            5 
 1             33            2 
 2             33            3 
 3             33            1 
 4             33            2 
 1             34            1 
 2             34            1 
 3             34            1 
 4             34            1 
 1             35            2 
 2             35            2 
 3             35            3 
 4             35            1 
 1             36            3 
 2             36            1 
 3             36            3 
 4             36            1 
 1             37            2 
 2             37            1 
 3             37            1 
 4             37            1 
 1             38            1 
 2             38            2 
 3             38            2 
 4             38            4 
 1             39            2 
 2             39            1 
 3             39            2 
 4             39            1 
 1             40            1 
 2             40            1 
 3             40            1 
 4             40            4 
 1             41            1 
 2             41            2 
 3             41            1 
 4             41            1 
 1             42            2 
 2             42            1 
 3             42            1 
 4             42            2 
 1             43            1 
 2             43            2 
 3             43            1 
 4             43            1 
 1             44            1 
 2             44            2 
 3             44            1 
 4             44            1 
 1             45            2 
 2             45            1 
 3             45            3 
 4             45            2 
 1             46            2 
 2             46            2 
 3             46            3 
 4             46            1 
 1             47            2 
 2             47            3 
 3             47            1 
 4             47            4 
 1             48            1 
 2             48            1 
 3             48            5 
 4             48            3 
 1             49            4 
 2             49            2 
 3             49            2 
 4             49            3 
 1             50            2 
 2             50            1 
 3             50            1 
 4             50            1 
 1             51            2 
 2             51            4 
 3             51            2 
 4             51            1 
 1             52            3 
 2             52            2 
 3             52            3 
 4             52            3 
 1             53            3 
 2             53            2 
 3             53            1 
 4             53            2 
 1             54            1 
 2             54            1 
 3             54            1 
 4             54            3 
 1             55            3 
 2             55            2 
 3             55            2 
 4             55            2 
 1             56            2 
 2             56            3 
 3             56            2 
 4             56            1 
 1             57            1 
 2             57            1 
 3             57            2 
 4             57            1 
 1             58            2 
 2             58            3 
 3             58            3 
 4             58            2 
 1             59            1 
 2             59            2 
 3             59            1 
 4             59            1 
 1             60            3 
 2             60            3 
 3             60            1 
 4             60            2 
 1             61            4 
 2             61            1 
 3             61            2 
 4             61            2 
 1             62            1 
 2             62            3 
 3             62            4 
 4             62            1 
 1             63            2 
 2             63            2 
 3             63            3 
 4             63            1 
 1             64            1 
 2             64            1 
 3             64            2 
 4             64            2 
 1             65            2 
 2             65            1 
 3             65            1 
 4             65            3 
 1             66            3 
 2             66            2 
 3             66            1 
 4             66            3 
 1             67            1 
 2             67            1 
 3             67            2 
 4             67            2 
 1             68            2 
 2             68            1 
 3             68            2 
 4             68            3 
 1             69            1 
 2             69            1 
 3             69            2 
 4             69            1 
 1             70            2 
 2             70            1 
 3             70            1 
 4             70            3 
 1             71            3 
 2             71            2 
 3             71            1 
 4             71            2 
 1             72            1 
 2             72            2 
 3             72            2 
 4             72            1 
 1             73            4 
 2             73            2 
 3             73            2 
 4             73            1 
 1             74            3 
 2             74            2 
 3             74            4 
 4             74            1 
 1             75            4 
 2             75            1 
 3             75            3 
 4             75            2 
 1             76            1 
 2             76            2 
 3             76            2 
 4             76            3 
 1             77            3 
 2             77            2 
 3             77            3 
 4             77            2 
 1             78            1 
 2             78            1 
 3             78            5 
 4             78            2 
 1             79            1 
 2             79            2 
 3             79            3 
 4             79            1 
 1             80            2 
 2             80            2 
 3             80            3 
 4             80            2 
 1             81            2 
 2             81            2 
 3             81            1 
 4             81            2 
 1             82            1 
 2             82            1 
 3             82            2 
 4             82            3 
 1             83            1 
 2             83            5 
 3             83            6 
 4             83            2 
 1             84            2 
 2             84            1 
 3             84            1 
 4             84            1 
 1             85            3 
 2             85            2 
 3             85            2 
 4             85            2 
 1             86            2 
 2             86            3 
 3             86            1 
 4             86            2 
 1             87            2 
 2             87            3 
 3             87            2 
 4             87            1 
 1             88            1 
 2             88            2 
 3             88            1 
 4             88            2 
 1             89            2 
 2             89            3 
 3             89            3 
 4             89            2 
 1             90            3 
 2             90            1 
 3             90            1 
 4             90            2 
 1             91            1 
 2             91            1 
 3             91            1 
 4             91            1 
 1             92            2 
 2             92            1 
 3             92            4 
 4             92            2 
 1             93            1 
 2             93            2 
 3             93            3 
 4             93            1 
 1             94            5 
 2             94            3 
 3             94            3 
 4             94            3 
 1             95            1 
 2             95            3 
 3             95            3 
 4             95            5 
 1             96            2 
 2             96            3 
 3             96            1 
 4             96            2 
 1             97            2 
 2             97            1 
 3             97            2 
 4             97            1 
 1             98            1 
 2             98            1 
 3             98            1 
 4             98            1 
 1             99            1 
 2             99            1 
 3             99            1 
 4             99            3 
 1             100           2 
 2             100           1 
 3             100           2 
 4             100           3 
 1             101           4 
 2             101           1 
 3             101           1 
 4             101           2 
 1             102           1 
 2             102           1 
 3             102           1 
 4             102           3 
 1             103           1 
 2             103           2 
 3             103           3 
 4             103           2 
 1             104           2 
 2             104           1 
 3             104           3 
 4             104           2 
 1             105           1 
 2             105           2 
 3             105           2 
 4             105           1 
 1             106           3 
 2             106           1 
 3             106           3 
 4             106           1 
 1             107           3 
 2             107           2 
 3             107           1 
 4             107           3 
 1             108           1 
 2             108           1 
 3             108           2 
 4             108           3 
 1             109           3 
 2             109           4 
 3             109           3 
 4             109           1 
 1             110           3 
 2             110           1 
 3             110           2 
 4             110           2 
 1             111           2 
 2             111           2 
 3             111           5 
 4             111           3 
 1             112           2 
 2             112           2 
 3             112           1 
 4             112           2 
 1             113           1 
 2             113           4 
 3             113           3 
 4             113           1 
 1             114           2 
 2             114           1 
 3             114           2 
 4             114           1 
 1             115           1 
 2             115           3 
 3             115           2 
 4             115           2 
 1             116           4 
 2             116           1 
 3             116           3 
 4             116           3 
 1             117           2 
 2             117           2 
 3             117           3 
 4             117           1 
 1             118           2 
 2             118           2 
 3             118           1 
 4             118           1 
 1             119           1 
 2             119           1 
 3             119           1 
 4             119           2 
 1             120           1 
 2             120           3 
 3             120           1 
 4             120           2 
 1             121           1 
 2             121           2 
 3             121           5 
 4             121           2 
 1             122           2 
 2             122           4 
 3             122           4 
 4             122           3 
 1             123           2 
 2             123           4 
 3             123           1 
 4             123           3 
 1             124           3 
 2             124           1 
 3             124           2 
 4             124           1 
 1             125           1 
 2             125           1 
 3             125           3 
 4             125           1 
 1             126           1 
 2             126           2 
 3             126           2 
 4             126           1 
 1             127           1 
 2             127           1 
 3             127           2 
 4             127           1 
 1             128           1 
 2             128           4 
 3             128           2 
 4             128           2 
 1             129           1 
 2             129           2 
 3             129           1 
 4             129           1 
 1             130           1 
 2             130           2 
 3             130           1 
 4             130           1 
 1             131           2 
 2             131           1 
 3             131           3 
 4             131           2 
 1             132           2 
 2             132           1 
 3             132           1 
 4             132           3 
 1             133           4 
 2             133           2 
 3             133           2 
 4             133           1 
 1             134           4 
 2             134           1 
 3             134           4 
 4             134           2 
 1             135           2 
 2             135           2 
 3             135           4 
 4             135           2 
 1             136           2 
 2             136           2 
 3             136           1 
 4             136           1 
 1             137           2 
 2             137           3 
 3             137           1 
 4             137           4 
 1             138           5 
 2             138           1 
 3             138           3 
 4             138           2 
 1             139           2 
 2             139           1 
 3             139           1 
 4             139           1 
 1             140           3 
 2             140           3 
 3             140           1 
 4             140           1 
 1             141           2 
 2             141           1 
 3             141           4 
 4             141           2 
 1             142           4 
 2             142           2 
 3             142           4 
 4             142           1 
 1             143           2 
 2             143           3 
 3             143           2 
 4             143           2 
 1             144           2 
 2             144           1 
 3             144           1 
 4             144           2 
 1             145           4 
 2             145           3 
 3             145           1 
 4             145           2 
 1             146           2 
 2             146           3 
 3             146           1 
 4             146           2 
 1             147           5 
 2             147           2 
 3             147           1 
 4             147           1 
 1             148           2 
 2             148           4 
 3             148           1 
 4             148           4 
 1             149           1 
 2             149           1 
 3             149           1 
 4             149           2 
 1             150           3 
 2             150           1 
 3             150           2 
 4             150           1 
 1             151           1 
 2             151           3 
 3             151           3 
 4             151           2 
 1             152           2 
 2             152           1 
 3             152           1 
 4             152           3 
 1             153           3 
 2             153           5 
 3             153           1 
 4             153           1 
 1             154           1 
 2             154           1 
 3             154           2 
 4             154           3 
 1             155           3 
 2             155           1 
 3             155           1 
 4             155           2 
 1             156           2 
 2             156           2 
 3             156           2 
 4             156           1 
 1             157           2 
 2             157           2 
 3             157           1 
 4             157           2 
 1             158           2 
 2             158           4 
 3             158           1 
 4             158           4 
 1             159           3 
 2             159           2 
 3             159           1 
 4             159           4 
 1             160           1 
 2             160           1 
 3             160           2 
 4             160           3 
 1             161           1 
 2             161           1 
 3             161           1 
 4             161           1 
 1             162           1 
 2             162           3 
 3             162           1 
 4             162           4 
 1             163           3 
 2             163           1 
 3             163           2 
 4             163           1 
 1             164           3 
 2             164           2 
 3             164           1 
 4             164           2 
 1             165           2 
 2             165           2 
 3             165           2 
 4             165           3 
 1             166           1 
 2             166           2 
 3             166           1 
 4             166           1 
 1             167           2 
 2             167           2 
 3             167           2 
 4             167           1 
 1             168           2 
 2             168           2 
 3             168           2 
 4             168           2 
 1             169           2 
 2             169           2 
 3             169           1 
 4             169           3 
 1             170           2 
 2             170           2 
 3             170           5 
 4             170           1 
 1             171           2 
 2             171           2 
 3             171           1 
 4             171           1 
 1             172           2 
 2             172           3 
 3             172           3 
 4             172           3 
 1             173           3 
 2             173           2 
 3             173           4 
 4             173           1 
 1             174           4 
 2             174           2 
 3             174           2 
 4             174           1 
 1             175           2 
 2             175           2 
 3             175           2 
 4             175           3 
 1             176           1 
 2             176           1 
 3             176           3 
 4             176           2 
 1             177           2 
 2             177           3 
 3             177           1 
 4             177           1 
 1             178           4 
 2             178           3 
 3             178           3 
 4             178           2 
 1             179           1 
 2             179           2 
 3             179           2 
 4             179           1 
 1             180           3 
 2             180           3 
 3             180           1 
 4             180           2 
 1             181           2 
 2             181           3 
 3             181           1 
 4             181           4 
 1             182           2 
 2             182           4 
 3             182           3 
 4             182           1 
 1             183           1 
 2             183           1 
 3             183           1 
 4             183           4 
 1             184           1 
 2             184           2 
 3             184           2 
 4             184           2 
 1             185           2 
 2             185           1 
 3             185           3 
 4             185           1 
 1             186           1 
 2             186           2 
 3             186           3 
 4             186           1 
 1             187           2 
 2             187           3 
 3             187           1 
 4             187           2 
 1             188           1 
 2             188           2 
 3             188           2 
 4             188           2 
 1             189           1 
 2             189           5 
 3             189           2 
 4             189           3 
 1             190           4 
 2             190           2 
 3             190           4 
 4             190           1 
 1             191           3 
 2             191           2 
 3             191           3 
 4             191           2 
 1             192           1 
 2             192           1 
 3             192           5 
 4             192           1 
 1             193           1 
 2             193           1 
 3             193           3 
 4             193           2 
 1             194           3 
 2             194           4 
 3             194           2 
 4             194           2 
 1             195           1 
 2             195           2 
 3             195           3 
 4             195           1 
 1             196           1 
 2             196           4 
 3             196           2 
 4             196           3 
 1             197           3 
 2             197           2 
 3             197           2 
 4             197           2 
 1             198           1 
 2             198           3 
 3             198           2 
 4             198           2 
 1             199           2 
 2             199           2 
 3             199           1 
 4             199           1 
 1             200           1 
 2             200           3 
 3             200           3 
 4             200           1 
 1             201           2 
 2             201           2 
 3             201           2 
 4             201           2 
 1             202           2 
 2             202           2 
 3             202           2 
 4             202           2 
 1             203           2 
 2             203           2 
 3             203           1 
 4             203           3 
 1             204           5 
 2             204           2 
 3             204           1 
 4             204           3 
 1             205           1 
 2             205           3 
 3             205           2 
 4             205           1 
 1             206           2 
 2             206           2 
 3             206           2 
 4             206           1 
 1             207           1 
 2             207           2 
 3             207           4 
 4             207           3 
 1             208           2 
 2             208           2 
 3             208           4 
 4             208           1 
 1             209           1 
 2             209           4 
 3             209           4 
 4             209           2 
 1             210           1 
 2             210           1 
 3             210           3 
 4             210           1 
 1             211           2 
 2             211           2 
 3             211           2 
 4             211           3 
 1             212           3 
 2             212           1 
 3             212           1 
 4             212           1 
 1             213           3 
 2             213           2 
 3             213           3 
 4             213           1 
 1             214           2 
 2             214           1 
 3             214           1 
 4             214           1 
 1             215           2 
 2             215           1 
 3             215           2 
 4             215           2 
 1             216           4 
 2             216           2 
 3             216           2 
 4             216           3 
 1             217           1 
 2             217           2 
 3             217           2 
 4             217           1 
 1             218           2 
 2             218           2 
 3             218           1 
 4             218           1 
 1             219           3 
 2             219           2 
 3             219           1 
 4             219           3 
 1             220           2 
 2             220           2 
 3             220           4 
 4             220           1 
 1             221           1 
 2             221           2 
 3             221           2 
 4             221           2 
 1             222           3 
 2             222           1 
 3             222           1 
 4             222           2 
 1             223           3 
 2             223           3 
 3             223           3 
 4             223           1 
 1             224           2 
 2             224           2 
 3             224           2 
 4             224           4 
 1             225           4 
 2             225           2 
 3             225           3 
 4             225           1 
 1             226           2 
 2             226           1 
 3             226           1 
 4             226           2 
 1             227           1 
 2             227           2 
 3             227           1 
 4             227           1 
 1             228           3 
 2             228           1 
 3             228           1 
 4             228           1 
 1             229           3 
 2             229           2 
 3             229           2 
 4             229           5 
 1             230           1 
 2             230           4 
 3             230           1 
 4             230           2 
 1             231           2 
 2             231           1 
 3             231           1 
 4             231           3 
 1             232           1 
 2             232           2 
 3             232           1 
 4             232           4 
 1             233           1 
 2             233           2 
 3             233           1 
 4             233           1 
 1             234           1 
 2             234           2 
 3             234           3 
 4             234           1 
 1             235           2 
 2             235           1 
 3             235           2 
 4             235           1 
 1             236           1 
 2             236           3 
 3             236           1 
 4             236           1 
 1             237           2 
 2             237           2 
 3             237           2 
 4             237           3 
 1             238           3 
 2             238           1 
 3             238           1 
 4             238           3 
 1             239           2 
 2             239           4 
 3             239           1 
 4             239           3 
 1             240           2 
 2             240           4 
 3             240           1 
 4             240           3 
 1             241           2 
 2             241           2 
 3             241           1 
 4             241           2 
 1             242           2 
 2             242           3 
 3             242           1 
 4             242           4 
 1             243           3 
 2             243           2 
 3             243           1 
 4             243           2 
 1             244           1 
 2             244           2 
 3             244           3 
 4             244           1 
 1             245           1 
 2             245           3 
 3             245           4 
 4             245           3 
 1             246           1 
 2             246           1 
 3             246           1 
 4             246           3 
 1             247           2 
 2             247           1 
 3             247           2 
 4             247           3 
 1             248           2 
 2             248           1 
 3             248           2 
 4             248           2 
 1             249           1 
 2             249           2 
 3             249           1 
 4             249           1 
 1             250           1 
 2             250           3 
 3             250           5 
 4             250           2 
 1             251           2 
 2             251           2 
 3             251           1 
 4             251           3 
 1             252           1 
 2             252           1 
 3             252           2 
 4             252           1 
 1             253           4 
 2             253           1 
 3             253           1 
 4             253           1 
 1             254           2 
 2             254           2 
 3             254           3 
 4             254           3 
 1             255           1 
 2             255           4 
 3             255           1 
 4             255           1 
 1             256           1 
 2             256           4 
 3             256           2 
 4             256           2 
 1             257           1 
 2             257           1 
 3             257           2 
 4             257           1 
 1             258           1 
 2             258           3 
 3             258           1 
 4             258           2 
 1             259           2 
 2             259           4 
 3             259           1 
 4             259           4 
 1             260           1 
 2             260           2 
 3             260           1 
 4             260           1 
 1             261           3 
 2             261           2 
 3             261           3 
 4             261           3 
 1             262           2 
 2             262           2 
 3             262           1 
 4             262           1 
 1             263           1 
 2             263           2 
 3             263           1 
 4             263           3 
 1             264           2 
 2             264           1 
 3             264           5 
 4             264           2 
 1             265           1 
 2             265           3 
 3             265           1 
 4             265           3 
 1             266           1 
 2             266           1 
 3             266           2 
 4             266           3 
 1             267           3 
 2             267           1 
 3             267           2 
 4             267           1 
 1             268           2 
 2             268           3 
 3             268           2 
 4             268           4 
 1             269           1 
 2             269           3 
 3             269           1 
 4             269           1 
 1             270           2 
 2             270           1 
 3             270           1 
 4             270           3 
 1             271           2 
 2             271           2 
 3             271           2 
 4             271           1 
 1             272           1 
 2             272           2 
 3             272           2 
 4             272           5 
 1             273           3 
 2             273           1 
 3             273           2 
 4             273           3 
 1             274           2 
 2             274           1 
 3             274           2 
 4             274           4 
 1             275           5 
 2             275           3 
 3             275           1 
 4             275           2 
 1             276           4 
 2             276           3 
 3             276           1 
 4             276           2 
 1             277           3 
 2             277           3 
 3             277           2 
 4             277           1 
 1             278           4 
 2             278           2 
 3             278           2 
 4             278           2 
 1             279           1 
 2             279           2 
 3             279           4 
 4             279           2 
 1             280           2 
 2             280           2 
 3             280           2 
 4             280           1 
 1             281           2 
 2             281           5 
 3             281           1 
 4             281           1 
 1             282           2 
 2             282           5 
 3             282           3 
 4             282           5 
 1             283           3 
 2             283           3 
 3             283           3 
 4             283           1 
 1             284           1 
 2             284           2 
 3             284           2 
 4             284           3 
 1             285           3 
 2             285           1 
 3             285           3 
 4             285           3 
 1             286           1 
 2             286           2 
 3             286           2 
 4             286           4 
 1             287           2 
 2             287           1 
 3             287           2 
 4             287           1 
 1             288           2 
 2             288           1 
 3             288           2 
 4             288           1 
 1             289           1 
 2             289           3 
 3             289           2 
 4             289           2 
 1             290           4 
 2             290           1 
 3             290           2 
 4             290           1 
 1             291           2 
 2             291           1 
 3             291           2 
 4             291           1 
 1             292           3 
 2             292           1 
 3             292           7 
 4             292           2 
 1             293           2 
 2             293           2 
 3             293           1 
 4             293           4 
 1             294           2 
 2             294           2 
 3             294           3 
 4             294           2 
 1             295           2 
 2             295           2 
 3             295           1 
 4             295           1 
 1             296           3 
 2             296           1 
 3             296           1 
 4             296           2 
 1             297           1 
 2             297           2 
 3             297           2 
 4             297           1 
 1             298           3 
 2             298           2 
 3             298           2 
 4             298           3 
 1             299           2 
 2             299           2 
 3             299           1 
 4             299           1 
 1             300           2 
 2             300           1 
 3             300           1 
 4             300           1 
 1             301           1 
 2             301           1 
 3             301           1 
 4             301           1 
 1             302           0 
 2             302           0 
 3             302           0 
 4             302           0 
