 1             1             0 
 2             1             0 
 3             1             0 
 4             1             0 
 1             2             0 
 2             2             1 
 3             2             0 
 4             2             1 
 1             3             1 
 2             3             0 
 3             3             1 
 4             3             0 
 1             4             0 
 2             4             3 
 3             4             0 
 4             4             2 
 1             5             2 
 2             5             0 
 3             5             2 
 4             5             0 
 1             6             1 
 2             6             0 
 3             6             1 
 4             6             0 
 1             7             0 
 2             7             2 
 3             7             0 
 4             7             3 
 1             8             1 
 2             8             0 
 3             8             0 
 4             8             3 
 1             9             0 
 2             9             3 
 3             9             0 
 4             9             2 
 1             10            1 
 2             10            1 
 3             10            0 
 4             10            0 
 1             11            0 
 2             11            0 
 3             11            2 
 4             11            2 
 1             12            0 
 2             12            1 
 3             12            0 
 4             12            2 
 1             13            0 
 2             13            0 
 3             13            2 
 4             13            3 
 1             14            0 
 2             14            3 
 3             14            1 
 4             14            0 
 1             15            2 
 2             15            1 
 3             15            0 
 4             15            0 
 1             16            0 
 2             16            0 
 3             16            1 
 4             16            2 
 1             17            1 
 2             17            0 
 3             17            3 
 4             17            0 
 1             18            0 
 2             18            0 
 3             18            1 
 4             18            2 
 1             19            0 
 2             19            3 
 3             19            4 
 4             19            0 
 1             20            1 
 2             20            0 
 3             20            1 
 4             20            0 
 1             21            3 
 2             21            0 
 3             21            2 
 4             21            0 
 1             22            0 
 2             22            0 
 3             22            2 
 4             22            1 
 1             23            4 
 2             23            0 
 3             23            1 
 4             23            0 
 1             24            0 
 2             24            1 
 3             24            1 
 4             24            0 
 1             25            4 
 2             25            0 
 3             25            2 
 4             25            0 
 1             26            0 
 2             26            3 
 3             26            2 
 4             26            0 
 1             27            2 
 2             27            0 
 3             27            1 
 4             27            0 
 1             28            0 
 2             28            2 
 3             28            4 
 4             28            0 
 1             29            0 
 2             29            0 
 3             29            1 
 4             29            3 
 1             30            2 
 2             30            0 
 3             30            2 
 4             30            0 
 1             31            0 
 2             31            3 
 3             31            0 
 4             31            4 
 1             32            1 
 2             32            0 
 3             32            0 
 4             32            2 
 1             33            2 
 2             33            0 
 3             33            1 
 4             33            0 
 1             34            0 
 2             34            1 
 3             34            2 
 4             34            0 
 1             35            0 
 2             35            2 
 3             35            0 
 4             35            4 
 1             36            0 
 2             36            1 
 3             36            2 
 4             36            0 
 1             37            0 
 2             37            0 
 3             37            2 
 4             37            2 
 1             38            0 
 2             38            2 
 3             38            0 
 4             38            2 
 1             39            4 
 2             39            1 
 3             39            0 
 4             39            0 
 1             40            1 
 2             40            0 
 3             40            0 
 4             40            2 
 1             41            0 
 2             41            1 
 3             41            1 
 4             41            0 
 1             42            1 
 2             42            0 
 3             42            2 
 4             42            0 
 1             43            3 
 2             43            0 
 3             43            2 
 4             43            0 
 1             44            2 
 2             44            0 
 3             44            3 
 4             44            0 
 1             45            2 
 2             45            0 
 3             45            0 
 4             45            2 
 1             46            4 
 2             46            2 
 3             46            0 
 4             46            0 
 1             47            0 
 2             47            3 
 3             47            2 
 4             47            0 
 1             48            4 
 2             48            0 
 3             48            2 
 4             48            0 
 1             49            0 
 2             49            2 
 3             49            0 
 4             49            3 
 1             50            1 
 2             50            0 
 3             50            0 
 4             50            3 
 1             51            0 
 2             51            1 
 3             51            0 
 4             51            2 
 1             52            1 
 2             52            0 
 3             52            1 
 4             52            0 
 1             53            0 
 2             53            1 
 3             53            3 
 4             53            0 
 1             54            0 
 2             54            1 
 3             54            0 
 4             54            1 
 1             55            3 
 2             55            0 
 3             55            3 
 4             55            0 
 1             56            1 
 2             56            0 
 3             56            1 
 4             56            0 
 1             57            2 
 2             57            0 
 3             57            2 
 4             57            0 
 1             58            0 
 2             58            1 
 3             58            2 
 4             58            0 
 1             59            2 
 2             59            3 
 3             59            0 
 4             59            0 
 1             60            0 
 2             60            0 
 3             60            1 
 4             60            2 
 1             61            0 
 2             61            2 
 3             61            4 
 4             61            0 
 1             62            0 
 2             62            1 
 3             62            0 
 4             62            3 
 1             63            0 
 2             63            0 
 3             63            2 
 4             63            1 
 1             64            0 
 2             64            2 
 3             64            0 
 4             64            2 
 1             65            3 
 2             65            0 
 3             65            0 
 4             65            1 
 1             66            0 
 2             66            2 
 3             66            1 
 4             66            0 
 1             67            0 
 2             67            0 
 3             67            1 
 4             67            1 
 1             68            2 
 2             68            0 
 3             68            1 
 4             68            0 
 1             69            2 
 2             69            0 
 3             69            0 
 4             69            1 
 1             70            0 
 2             70            2 
 3             70            0 
 4             70            2 
 1             71            1 
 2             71            0 
 3             71            2 
 4             71            0 
 1             72            2 
 2             72            0 
 3             72            1 
 4             72            0 
 1             73            3 
 2             73            3 
 3             73            0 
 4             73            0 
 1             74            1 
 2             74            0 
 3             74            0 
 4             74            4 
 1             75            2 
 2             75            0 
 3             75            1 
 4             75            0 
 1             76            0 
 2             76            2 
 3             76            0 
 4             76            2 
 1             77            0 
 2             77            2 
 3             77            3 
 4             77            0 
 1             78            1 
 2             78            2 
 3             78            0 
 4             78            0 
 1             79            1 
 2             79            0 
 3             79            2 
 4             79            0 
 1             80            2 
 2             80            0 
 3             80            2 
 4             80            0 
 1             81            3 
 2             81            0 
 3             81            1 
 4             81            0 
 1             82            1 
 2             82            0 
 3             82            2 
 4             82            0 
 1             83            0 
 2             83            5 
 3             83            1 
 4             83            0 
 1             84            0 
 2             84            1 
 3             84            0 
 4             84            1 
 1             85            0 
 2             85            0 
 3             85            3 
 4             85            1 
 1             86            2 
 2             86            0 
 3             86            2 
 4             86            0 
 1             87            3 
 2             87            1 
 3             87            0 
 4             87            0 
 1             88            0 
 2             88            3 
 3             88            1 
 4             88            0 
 1             89            0 
 2             89            0 
 3             89            2 
 4             89            1 
 1             90            3 
 2             90            0 
 3             90            0 
 4             90            3 
 1             91            0 
 2             91            0 
 3             91            4 
 4             91            2 
 1             92            0 
 2             92            0 
 3             92            3 
 4             92            2 
 1             93            0 
 2             93            3 
 3             93            1 
 4             93            0 
 1             94            0 
 2             94            3 
 3             94            1 
 4             94            0 
 1             95            0 
 2             95            0 
 3             95            2 
 4             95            2 
 1             96            1 
 2             96            0 
 3             96            1 
 4             96            0 
 1             97            0 
 2             97            2 
 3             97            3 
 4             97            0 
 1             98            1 
 2             98            0 
 3             98            0 
 4             98            1 
 1             99            0 
 2             99            1 
 3             99            0 
 4             99            1 
 1             100           0 
 2             100           3 
 3             100           0 
 4             100           2 
 1             101           0 
 2             101           0 
 3             101           4 
 4             101           1 
 1             102           1 
 2             102           0 
 3             102           0 
 4             102           1 
 1             103           0 
 2             103           2 
 3             103           1 
 4             103           0 
 1             104           1 
 2             104           3 
 3             104           0 
 4             104           0 
 1             105           0 
 2             105           2 
 3             105           3 
 4             105           0 
 1             106           3 
 2             106           2 
 3             106           0 
 4             106           0 
 1             107           0 
 2             107           0 
 3             107           2 
 4             107           1 
 1             108           3 
 2             108           3 
 3             108           0 
 4             108           0 
 1             109           0 
 2             109           1 
 3             109           2 
 4             109           0 
 1             110           1 
 2             110           0 
 3             110           0 
 4             110           3 
 1             111           0 
 2             111           1 
 3             111           2 
 4             111           0 
 1             112           0 
 2             112           2 
 3             112           0 
 4             112           3 
 1             113           0 
 2             113           0 
 3             113           2 
 4             113           1 
 1             114           1 
 2             114           2 
 3             114           0 
 4             114           0 
 1             115           0 
 2             115           2 
 3             115           1 
 4             115           0 
 1             116           2 
 2             116           0 
 3             116           0 
 4             116           1 
 1             117           0 
 2             117           1 
 3             117           0 
 4             117           2 
 1             118           0 
 2             118           1 
 3             118           3 
 4             118           0 
 1             119           0 
 2             119           2 
 3             119           0 
 4             119           1 
 1             120           0 
 2             120           0 
 3             120           1 
 4             120           3 
 1             121           3 
 2             121           2 
 3             121           0 
 4             121           0 
 1             122           2 
 2             122           0 
 3             122           0 
 4             122           1 
 1             123           2 
 2             123           1 
 3             123           0 
 4             123           0 
 1             124           1 
 2             124           0 
 3             124           0 
 4             124           4 
 1             125           0 
 2             125           1 
 3             125           4 
 4             125           0 
 1             126           1 
 2             126           0 
 3             126           0 
 4             126           2 
 1             127           0 
 2             127           4 
 3             127           3 
 4             127           0 
 1             128           1 
 2             128           0 
 3             128           0 
 4             128           1 
 1             129           0 
 2             129           2 
 3             129           2 
 4             129           0 
 1             130           1 
 2             130           1 
 3             130           0 
 4             130           0 
 1             131           0 
 2             131           2 
 3             131           1 
 4             131           0 
 1             132           4 
 2             132           5 
 3             132           0 
 4             132           0 
 1             133           2 
 2             133           3 
 3             133           0 
 4             133           0 
 1             134           0 
 2             134           0 
 3             134           2 
 4             134           2 
 1             135           0 
 2             135           2 
 3             135           2 
 4             135           0 
 1             136           0 
 2             136           0 
 3             136           3 
 4             136           2 
 1             137           1 
 2             137           0 
 3             137           0 
 4             137           1 
 1             138           0 
 2             138           1 
 3             138           0 
 4             138           2 
 1             139           1 
 2             139           0 
 3             139           1 
 4             139           0 
 1             140           2 
 2             140           1 
 3             140           0 
 4             140           0 
 1             141           0 
 2             141           0 
 3             141           2 
 4             141           3 
 1             142           5 
 2             142           4 
 3             142           0 
 4             142           0 
 1             143           2 
 2             143           2 
 3             143           0 
 4             143           0 
 1             144           0 
 2             144           0 
 3             144           2 
 4             144           2 
 1             145           1 
 2             145           0 
 3             145           2 
 4             145           0 
 1             146           0 
 2             146           2 
 3             146           0 
 4             146           2 
 1             147           1 
 2             147           0 
 3             147           2 
 4             147           0 
 1             148           3 
 2             148           0 
 3             148           4 
 4             148           0 
 1             149           0 
 2             149           4 
 3             149           3 
 4             149           0 
 1             150           2 
 2             150           0 
 3             150           3 
 4             150           0 
 1             151           0 
 2             151           2 
 3             151           2 
 4             151           0 
 1             152           0 
 2             152           0 
 3             152           2 
 4             152           3 
 1             153           0 
 2             153           1 
 3             153           0 
 4             153           2 
 1             154           1 
 2             154           0 
 3             154           3 
 4             154           0 
 1             155           0 
 2             155           3 
 3             155           1 
 4             155           0 
 1             156           0 
 2             156           0 
 3             156           6 
 4             156           3 
 1             157           0 
 2             157           0 
 3             157           4 
 4             157           1 
 1             158           0 
 2             158           3 
 3             158           0 
 4             158           2 
 1             159           3 
 2             159           0 
 3             159           3 
 4             159           0 
 1             160           3 
 2             160           3 
 3             160           0 
 4             160           0 
 1             161           0 
 2             161           2 
 3             161           0 
 4             161           2 
 1             162           2 
 2             162           0 
 3             162           0 
 4             162           2 
 1             163           2 
 2             163           0 
 3             163           0 
 4             163           3 
 1             164           0 
 2             164           2 
 3             164           0 
 4             164           1 
 1             165           0 
 2             165           3 
 3             165           0 
 4             165           1 
 1             166           0 
 2             166           2 
 3             166           2 
 4             166           0 
 1             167           1 
 2             167           0 
 3             167           0 
 4             167           2 
 1             168           1 
 2             168           0 
 3             168           0 
 4             168           1 
 1             169           3 
 2             169           2 
 3             169           0 
 4             169           0 
 1             170           4 
 2             170           0 
 3             170           0 
 4             170           2 
 1             171           0 
 2             171           0 
 3             171           4 
 4             171           2 
 1             172           2 
 2             172           0 
 3             172           0 
 4             172           1 
 1             173           1 
 2             173           0 
 3             173           2 
 4             173           0 
 1             174           0 
 2             174           2 
 3             174           1 
 4             174           0 
 1             175           0 
 2             175           3 
 3             175           4 
 4             175           0 
 1             176           2 
 2             176           2 
 3             176           0 
 4             176           0 
 1             177           3 
 2             177           0 
 3             177           2 
 4             177           0 
 1             178           0 
 2             178           0 
 3             178           2 
 4             178           1 
 1             179           0 
 2             179           1 
 3             179           0 
 4             179           2 
 1             180           1 
 2             180           3 
 3             180           0 
 4             180           0 
 1             181           0 
 2             181           1 
 3             181           0 
 4             181           1 
 1             182           2 
 2             182           1 
 3             182           0 
 4             182           0 
 1             183           0 
 2             183           1 
 3             183           0 
 4             183           2 
 1             184           0 
 2             184           0 
 3             184           4 
 4             184           1 
 1             185           3 
 2             185           1 
 3             185           0 
 4             185           0 
 1             186           1 
 2             186           0 
 3             186           0 
 4             186           2 
 1             187           0 
 2             187           1 
 3             187           3 
 4             187           0 
 1             188           2 
 2             188           0 
 3             188           0 
 4             188           4 
 1             189           3 
 2             189           2 
 3             189           0 
 4             189           0 
 1             190           3 
 2             190           0 
 3             190           2 
 4             190           0 
 1             191           0 
 2             191           2 
 3             191           1 
 4             191           0 
 1             192           1 
 2             192           0 
 3             192           1 
 4             192           0 
 1             193           0 
 2             193           0 
 3             193           1 
 4             193           2 
 1             194           1 
 2             194           0 
 3             194           0 
 4             194           2 
 1             195           1 
 2             195           1 
 3             195           0 
 4             195           0 
 1             196           3 
 2             196           0 
 3             196           0 
 4             196           3 
 1             197           0 
 2             197           2 
 3             197           0 
 4             197           6 
 1             198           1 
 2             198           0 
 3             198           3 
 4             198           0 
 1             199           2 
 2             199           0 
 3             199           0 
 4             199           3 
 1             200           2 
 2             200           1 
 3             200           0 
 4             200           0 
 1             201           4 
 2             201           0 
 3             201           1 
 4             201           0 
 1             202           2 
 2             202           0 
 3             202           1 
 4             202           0 
 1             203           0 
 2             203           1 
 3             203           0 
 4             203           2 
 1             204           0 
 2             204           0 
 3             204           3 
 4             204           2 
 1             205           1 
 2             205           0 
 3             205           1 
 4             205           0 
 1             206           0 
 2             206           1 
 3             206           1 
 4             206           0 
 1             207           2 
 2             207           2 
 3             207           0 
 4             207           0 
 1             208           2 
 2             208           0 
 3             208           0 
 4             208           1 
 1             209           2 
 2             209           0 
 3             209           0 
 4             209           2 
 1             210           0 
 2             210           2 
 3             210           1 
 4             210           0 
 1             211           1 
 2             211           0 
 3             211           1 
 4             211           0 
 1             212           0 
 2             212           1 
 3             212           0 
 4             212           3 
 1             213           0 
 2             213           4 
 3             213           0 
 4             213           4 
 1             214           0 
 2             214           1 
 3             214           0 
 4             214           1 
 1             215           0 
 2             215           1 
 3             215           0 
 4             215           2 
 1             216           0 
 2             216           0 
 3             216           1 
 4             216           1 
 1             217           0 
 2             217           0 
 3             217           3 
 4             217           1 
 1             218           4 
 2             218           1 
 3             218           0 
 4             218           0 
 1             219           0 
 2             219           2 
 3             219           1 
 4             219           0 
 1             220           0 
 2             220           0 
 3             220           1 
 4             220           3 
 1             221           3 
 2             221           0 
 3             221           0 
 4             221           1 
 1             222           1 
 2             222           1 
 3             222           0 
 4             222           0 
 1             223           2 
 2             223           1 
 3             223           0 
 4             223           0 
 1             224           0 
 2             224           0 
 3             224           1 
 4             224           1 
 1             225           2 
 2             225           0 
 3             225           3 
 4             225           0 
 1             226           2 
 2             226           0 
 3             226           0 
 4             226           2 
 1             227           0 
 2             227           0 
 3             227           2 
 4             227           2 
 1             228           2 
 2             228           3 
 3             228           0 
 4             228           0 
 1             229           0 
 2             229           1 
 3             229           2 
 4             229           0 
 1             230           0 
 2             230           1 
 3             230           2 
 4             230           0 
 1             231           1 
 2             231           0 
 3             231           3 
 4             231           0 
 1             232           3 
 2             232           2 
 3             232           0 
 4             232           0 
 1             233           0 
 2             233           2 
 3             233           2 
 4             233           0 
 1             234           3 
 2             234           2 
 3             234           0 
 4             234           0 
 1             235           1 
 2             235           0 
 3             235           2 
 4             235           0 
 1             236           0 
 2             236           0 
 3             236           1 
 4             236           1 
 1             237           0 
 2             237           4 
 3             237           5 
 4             237           0 
 1             238           1 
 2             238           0 
 3             238           0 
 4             238           3 
 1             239           0 
 2             239           0 
 3             239           1 
 4             239           1 
 1             240           3 
 2             240           0 
 3             240           0 
 4             240           2 
 1             241           1 
 2             241           0 
 3             241           0 
 4             241           3 
 1             242           0 
 2             242           0 
 3             242           1 
 4             242           1 
 1             243           0 
 2             243           3 
 3             243           1 
 4             243           0 
 1             244           0 
 2             244           3 
 3             244           1 
 4             244           0 
 1             245           3 
 2             245           0 
 3             245           0 
 4             245           2 
 1             246           2 
 2             246           0 
 3             246           2 
 4             246           0 
 1             247           1 
 2             247           0 
 3             247           0 
 4             247           2 
 1             248           3 
 2             248           0 
 3             248           0 
 4             248           2 
 1             249           0 
 2             249           1 
 3             249           0 
 4             249           1 
 1             250           2 
 2             250           0 
 3             250           0 
 4             250           1 
 1             251           4 
 2             251           2 
 3             251           0 
 4             251           0 
 1             252           3 
 2             252           0 
 3             252           1 
 4             252           0 
 1             253           2 
 2             253           1 
 3             253           0 
 4             253           0 
 1             254           0 
 2             254           2 
 3             254           0 
 4             254           2 
 1             255           0 
 2             255           0 
 3             255           1 
 4             255           1 
 1             256           0 
 2             256           3 
 3             256           4 
 4             256           0 
 1             257           2 
 2             257           0 
 3             257           0 
 4             257           2 
 1             258           1 
 2             258           4 
 3             258           0 
 4             258           0 
 1             259           0 
 2             259           1 
 3             259           0 
 4             259           1 
 1             260           3 
 2             260           0 
 3             260           2 
 4             260           0 
 1             261           1 
 2             261           2 
 3             261           0 
 4             261           0 
 1             262           3 
 2             262           2 
 3             262           0 
 4             262           0 
 1             263           4 
 2             263           0 
 3             263           0 
 4             263           3 
 1             264           0 
 2             264           3 
 3             264           0 
 4             264           3 
 1             265           3 
 2             265           0 
 3             265           3 
 4             265           0 
 1             266           1 
 2             266           0 
 3             266           2 
 4             266           0 
 1             267           0 
 2             267           3 
 3             267           1 
 4             267           0 
 1             268           0 
 2             268           0 
 3             268           2 
 4             268           2 
 1             269           0 
 2             269           0 
 3             269           2 
 4             269           4 
 1             270           4 
 2             270           2 
 3             270           0 
 4             270           0 
 1             271           0 
 2             271           2 
 3             271           0 
 4             271           2 
 1             272           0 
 2             272           3 
 3             272           2 
 4             272           0 
 1             273           2 
 2             273           0 
 3             273           0 
 4             273           4 
 1             274           1 
 2             274           1 
 3             274           0 
 4             274           0 
 1             275           0 
 2             275           2 
 3             275           2 
 4             275           0 
 1             276           1 
 2             276           0 
 3             276           0 
 4             276           2 
 1             277           0 
 2             277           0 
 3             277           2 
 4             277           3 
 1             278           0 
 2             278           0 
 3             278           1 
 4             278           3 
 1             279           2 
 2             279           0 
 3             279           0 
 4             279           1 
 1             280           0 
 2             280           2 
 3             280           0 
 4             280           2 
 1             281           1 
 2             281           4 
 3             281           0 
 4             281           0 
 1             282           2 
 2             282           3 
 3             282           0 
 4             282           0 
 1             283           0 
 2             283           0 
 3             283           3 
 4             283           1 
 1             284           0 
 2             284           0 
 3             284           2 
 4             284           3 
 1             285           0 
 2             285           2 
 3             285           0 
 4             285           2 
 1             286           0 
 2             286           0 
 3             286           3 
 4             286           2 
 1             287           0 
 2             287           0 
 3             287           2 
 4             287           2 
 1             288           0 
 2             288           2 
 3             288           0 
 4             288           1 
 1             289           0 
 2             289           2 
 3             289           0 
 4             289           2 
 1             290           1 
 2             290           2 
 3             290           0 
 4             290           0 
 1             291           0 
 2             291           4 
 3             291           0 
 4             291           2 
 1             292           0 
 2             292           1 
 3             292           3 
 4             292           0 
 1             293           1 
 2             293           0 
 3             293           1 
 4             293           0 
 1             294           1 
 2             294           0 
 3             294           1 
 4             294           0 
 1             295           3 
 2             295           0 
 3             295           0 
 4             295           2 
 1             296           0 
 2             296           1 
 3             296           0 
 4             296           2 
 1             297           0 
 2             297           1 
 3             297           0 
 4             297           1 
 1             298           2 
 2             298           0 
 3             298           2 
 4             298           0 
 1             299           0 
 2             299           0 
 3             299           2 
 4             299           2 
 1             300           0 
 2             300           1 
 3             300           2 
 4             300           0 
 1             301           0 
 2             301           3 
 3             301           0 
 4             301           2 
 1             302           0 
 2             302           0 
 3             302           0 
 4             302           0 
