 1             1             0 
 2             1             0 
 3             1             0 
 4             1             0 
 1             2             1 
 2             2             1 
 3             2             0 
 4             2             1 
 1             3             2 
 2             3             0 
 3             3             1 
 4             3             1 
 1             4             1 
 2             4             1 
 3             4             2 
 4             4             0 
 1             5             2 
 2             5             0 
 3             5             4 
 4             5             2 
 1             6             2 
 2             6             3 
 3             6             2 
 4             6             0 
 1             7             2 
 2             7             4 
 3             7             2 
 4             7             0 
 1             8             0 
 2             8             2 
 3             8             1 
 4             8             1 
 1             9             4 
 2             9             0 
 3             9             3 
 4             9             2 
 1             10            3 
 2             10            3 
 3             10            0 
 4             10            2 
 1             11            3 
 2             11            2 
 3             11            0 
 4             11            3 
 1             12            1 
 2             12            4 
 3             12            1 
 4             12            0 
 1             13            1 
 2             13            2 
 3             13            0 
 4             13            2 
 1             14            2 
 2             14            3 
 3             14            0 
 4             14            2 
 1             15            0 
 2             15            3 
 3             15            1 
 4             15            3 
 1             16            5 
 2             16            1 
 3             16            0 
 4             16            1 
 1             17            2 
 2             17            1 
 3             17            0 
 4             17            2 
 1             18            2 
 2             18            0 
 3             18            3 
 4             18            1 
 1             19            2 
 2             19            4 
 3             19            0 
 4             19            2 
 1             20            3 
 2             20            4 
 3             20            0 
 4             20            3 
 1             21            3 
 2             21            2 
 3             21            0 
 4             21            1 
 1             22            2 
 2             22            0 
 3             22            1 
 4             22            3 
 1             23            2 
 2             23            2 
 3             23            0 
 4             23            1 
 1             24            3 
 2             24            1 
 3             24            0 
 4             24            2 
 1             25            2 
 2             25            2 
 3             25            0 
 4             25            3 
 1             26            3 
 2             26            1 
 3             26            3 
 4             26            0 
 1             27            0 
 2             27            1 
 3             27            3 
 4             27            1 
 1             28            0 
 2             28            1 
 3             28            3 
 4             28            1 
 1             29            2 
 2             29            0 
 3             29            2 
 4             29            2 
 1             30            2 
 2             30            2 
 3             30            0 
 4             30            2 
 1             31            4 
 2             31            3 
 3             31            2 
 4             31            0 
 1             32            1 
 2             32            0 
 3             32            1 
 4             32            3 
 1             33            1 
 2             33            1 
 3             33            2 
 4             33            0 
 1             34            7 
 2             34            1 
 3             34            1 
 4             34            0 
 1             35            0 
 2             35            1 
 3             35            1 
 4             35            4 
 1             36            1 
 2             36            0 
 3             36            3 
 4             36            2 
 1             37            0 
 2             37            1 
 3             37            2 
 4             37            1 
 1             38            2 
 2             38            4 
 3             38            2 
 4             38            0 
 1             39            2 
 2             39            1 
 3             39            1 
 4             39            0 
 1             40            0 
 2             40            1 
 3             40            2 
 4             40            2 
 1             41            0 
 2             41            2 
 3             41            3 
 4             41            2 
 1             42            0 
 2             42            1 
 3             42            2 
 4             42            2 
 1             43            1 
 2             43            2 
 3             43            0 
 4             43            1 
 1             44            0 
 2             44            3 
 3             44            3 
 4             44            2 
 1             45            2 
 2             45            0 
 3             45            1 
 4             45            1 
 1             46            2 
 2             46            3 
 3             46            2 
 4             46            0 
 1             47            3 
 2             47            2 
 3             47            2 
 4             47            0 
 1             48            3 
 2             48            0 
 3             48            1 
 4             48            2 
 1             49            3 
 2             49            0 
 3             49            1 
 4             49            2 
 1             50            1 
 2             50            2 
 3             50            0 
 4             50            2 
 1             51            0 
 2             51            2 
 3             51            1 
 4             51            4 
 1             52            2 
 2             52            2 
 3             52            0 
 4             52            2 
 1             53            2 
 2             53            2 
 3             53            1 
 4             53            0 
 1             54            1 
 2             54            4 
 3             54            0 
 4             54            1 
 1             55            1 
 2             55            3 
 3             55            0 
 4             55            1 
 1             56            2 
 2             56            1 
 3             56            0 
 4             56            2 
 1             57            3 
 2             57            2 
 3             57            2 
 4             57            0 
 1             58            2 
 2             58            1 
 3             58            3 
 4             58            0 
 1             59            1 
 2             59            2 
 3             59            0 
 4             59            1 
 1             60            0 
 2             60            1 
 3             60            4 
 4             60            1 
 1             61            2 
 2             61            1 
 3             61            0 
 4             61            2 
 1             62            0 
 2             62            1 
 3             62            1 
 4             62            2 
 1             63            2 
 2             63            0 
 3             63            1 
 4             63            2 
 1             64            0 
 2             64            2 
 3             64            2 
 4             64            1 
 1             65            0 
 2             65            3 
 3             65            3 
 4             65            2 
 1             66            2 
 2             66            1 
 3             66            1 
 4             66            0 
 1             67            3 
 2             67            3 
 3             67            0 
 4             67            4 
 1             68            3 
 2             68            4 
 3             68            0 
 4             68            2 
 1             69            0 
 2             69            1 
 3             69            1 
 4             69            2 
 1             70            1 
 2             70            3 
 3             70            3 
 4             70            0 
 1             71            2 
 2             71            0 
 3             71            2 
 4             71            1 
 1             72            1 
 2             72            0 
 3             72            2 
 4             72            1 
 1             73            1 
 2             73            2 
 3             73            2 
 4             73            0 
 1             74            2 
 2             74            0 
 3             74            2 
 4             74            4 
 1             75            1 
 2             75            2 
 3             75            0 
 4             75            3 
 1             76            0 
 2             76            3 
 3             76            1 
 4             76            1 
 1             77            0 
 2             77            1 
 3             77            2 
 4             77            3 
 1             78            2 
 2             78            3 
 3             78            0 
 4             78            1 
 1             79            3 
 2             79            2 
 3             79            3 
 4             79            0 
 1             80            1 
 2             80            2 
 3             80            0 
 4             80            1 
 1             81            1 
 2             81            1 
 3             81            0 
 4             81            1 
 1             82            1 
 2             82            0 
 3             82            3 
 4             82            3 
 1             83            1 
 2             83            0 
 3             83            2 
 4             83            2 
 1             84            0 
 2             84            2 
 3             84            2 
 4             84            1 
 1             85            2 
 2             85            0 
 3             85            1 
 4             85            3 
 1             86            0 
 2             86            1 
 3             86            2 
 4             86            3 
 1             87            3 
 2             87            0 
 3             87            3 
 4             87            3 
 1             88            1 
 2             88            2 
 3             88            0 
 4             88            2 
 1             89            1 
 2             89            2 
 3             89            4 
 4             89            0 
 1             90            2 
 2             90            2 
 3             90            1 
 4             90            0 
 1             91            1 
 2             91            0 
 3             91            2 
 4             91            4 
 1             92            0 
 2             92            2 
 3             92            2 
 4             92            2 
 1             93            1 
 2             93            2 
 3             93            1 
 4             93            0 
 1             94            2 
 2             94            1 
 3             94            2 
 4             94            0 
 1             95            3 
 2             95            2 
 3             95            4 
 4             95            0 
 1             96            1 
 2             96            3 
 3             96            3 
 4             96            0 
 1             97            1 
 2             97            0 
 3             97            2 
 4             97            5 
 1             98            2 
 2             98            0 
 3             98            1 
 4             98            2 
 1             99            0 
 2             99            3 
 3             99            4 
 4             99            3 
 1             100           0 
 2             100           2 
 3             100           3 
 4             100           5 
 1             101           1 
 2             101           3 
 3             101           2 
 4             101           0 
 1             102           2 
 2             102           2 
 3             102           1 
 4             102           0 
 1             103           1 
 2             103           0 
 3             103           2 
 4             103           1 
 1             104           1 
 2             104           3 
 3             104           0 
 4             104           4 
 1             105           0 
 2             105           1 
 3             105           1 
 4             105           2 
 1             106           1 
 2             106           0 
 3             106           2 
 4             106           2 
 1             107           3 
 2             107           2 
 3             107           1 
 4             107           0 
 1             108           3 
 2             108           3 
 3             108           3 
 4             108           0 
 1             109           0 
 2             109           2 
 3             109           3 
 4             109           1 
 1             110           1 
 2             110           1 
 3             110           5 
 4             110           0 
 1             111           2 
 2             111           0 
 3             111           1 
 4             111           3 
 1             112           1 
 2             112           3 
 3             112           2 
 4             112           0 
 1             113           3 
 2             113           3 
 3             113           0 
 4             113           5 
 1             114           3 
 2             114           1 
 3             114           1 
 4             114           0 
 1             115           0 
 2             115           1 
 3             115           1 
 4             115           1 
 1             116           0 
 2             116           3 
 3             116           3 
 4             116           3 
 1             117           3 
 2             117           0 
 3             117           2 
 4             117           1 
 1             118           1 
 2             118           1 
 3             118           0 
 4             118           3 
 1             119           0 
 2             119           3 
 3             119           3 
 4             119           1 
 1             120           1 
 2             120           0 
 3             120           2 
 4             120           1 
 1             121           1 
 2             121           0 
 3             121           1 
 4             121           1 
 1             122           1 
 2             122           0 
 3             122           1 
 4             122           2 
 1             123           2 
 2             123           1 
 3             123           3 
 4             123           0 
 1             124           2 
 2             124           2 
 3             124           0 
 4             124           1 
 1             125           2 
 2             125           0 
 3             125           1 
 4             125           1 
 1             126           0 
 2             126           2 
 3             126           3 
 4             126           2 
 1             127           2 
 2             127           0 
 3             127           2 
 4             127           1 
 1             128           2 
 2             128           1 
 3             128           0 
 4             128           1 
 1             129           0 
 2             129           2 
 3             129           1 
 4             129           3 
 1             130           4 
 2             130           1 
 3             130           0 
 4             130           3 
 1             131           3 
 2             131           0 
 3             131           2 
 4             131           1 
 1             132           2 
 2             132           1 
 3             132           2 
 4             132           0 
 1             133           1 
 2             133           0 
 3             133           2 
 4             133           2 
 1             134           3 
 2             134           2 
 3             134           1 
 4             134           0 
 1             135           2 
 2             135           1 
 3             135           3 
 4             135           0 
 1             136           0 
 2             136           2 
 3             136           1 
 4             136           2 
 1             137           1 
 2             137           2 
 3             137           2 
 4             137           0 
 1             138           0 
 2             138           1 
 3             138           2 
 4             138           2 
 1             139           3 
 2             139           3 
 3             139           0 
 4             139           1 
 1             140           3 
 2             140           0 
 3             140           2 
 4             140           1 
 1             141           1 
 2             141           1 
 3             141           1 
 4             141           0 
 1             142           4 
 2             142           3 
 3             142           2 
 4             142           0 
 1             143           5 
 2             143           0 
 3             143           3 
 4             143           2 
 1             144           1 
 2             144           3 
 3             144           1 
 4             144           0 
 1             145           0 
 2             145           1 
 3             145           1 
 4             145           1 
 1             146           1 
 2             146           0 
 3             146           3 
 4             146           3 
 1             147           2 
 2             147           0 
 3             147           1 
 4             147           3 
 1             148           2 
 2             148           1 
 3             148           1 
 4             148           0 
 1             149           1 
 2             149           1 
 3             149           0 
 4             149           2 
 1             150           2 
 2             150           0 
 3             150           1 
 4             150           5 
 1             151           1 
 2             151           0 
 3             151           2 
 4             151           1 
 1             152           1 
 2             152           0 
 3             152           1 
 4             152           1 
 1             153           0 
 2             153           3 
 3             153           1 
 4             153           3 
 1             154           2 
 2             154           0 
 3             154           2 
 4             154           4 
 1             155           0 
 2             155           2 
 3             155           1 
 4             155           1 
 1             156           3 
 2             156           0 
 3             156           2 
 4             156           2 
 1             157           3 
 2             157           0 
 3             157           3 
 4             157           1 
 1             158           0 
 2             158           1 
 3             158           1 
 4             158           2 
 1             159           2 
 2             159           3 
 3             159           0 
 4             159           4 
 1             160           2 
 2             160           2 
 3             160           2 
 4             160           0 
 1             161           3 
 2             161           1 
 3             161           0 
 4             161           2 
 1             162           2 
 2             162           0 
 3             162           2 
 4             162           3 
 1             163           0 
 2             163           1 
 3             163           3 
 4             163           1 
 1             164           2 
 2             164           3 
 3             164           0 
 4             164           3 
 1             165           2 
 2             165           3 
 3             165           3 
 4             165           0 
 1             166           3 
 2             166           0 
 3             166           2 
 4             166           3 
 1             167           1 
 2             167           3 
 3             167           2 
 4             167           0 
 1             168           3 
 2             168           0 
 3             168           2 
 4             168           1 
 1             169           2 
 2             169           2 
 3             169           0 
 4             169           1 
 1             170           1 
 2             170           1 
 3             170           2 
 4             170           0 
 1             171           1 
 2             171           3 
 3             171           0 
 4             171           1 
 1             172           0 
 2             172           2 
 3             172           1 
 4             172           2 
 1             173           2 
 2             173           1 
 3             173           2 
 4             173           0 
 1             174           0 
 2             174           2 
 3             174           2 
 4             174           2 
 1             175           1 
 2             175           2 
 3             175           0 
 4             175           2 
 1             176           3 
 2             176           4 
 3             176           1 
 4             176           0 
 1             177           4 
 2             177           2 
 3             177           0 
 4             177           1 
 1             178           2 
 2             178           0 
 3             178           1 
 4             178           2 
 1             179           0 
 2             179           5 
 3             179           3 
 4             179           4 
 1             180           2 
 2             180           0 
 3             180           2 
 4             180           1 
 1             181           1 
 2             181           2 
 3             181           2 
 4             181           0 
 1             182           2 
 2             182           0 
 3             182           3 
 4             182           2 
 1             183           0 
 2             183           1 
 3             183           3 
 4             183           2 
 1             184           0 
 2             184           1 
 3             184           1 
 4             184           2 
 1             185           4 
 2             185           2 
 3             185           1 
 4             185           0 
 1             186           0 
 2             186           1 
 3             186           1 
 4             186           1 
 1             187           2 
 2             187           2 
 3             187           2 
 4             187           0 
 1             188           1 
 2             188           1 
 3             188           4 
 4             188           0 
 1             189           3 
 2             189           2 
 3             189           3 
 4             189           0 
 1             190           1 
 2             190           0 
 3             190           1 
 4             190           1 
 1             191           0 
 2             191           3 
 3             191           1 
 4             191           1 
 1             192           0 
 2             192           1 
 3             192           1 
 4             192           1 
 1             193           2 
 2             193           0 
 3             193           3 
 4             193           2 
 1             194           1 
 2             194           0 
 3             194           2 
 4             194           1 
 1             195           2 
 2             195           2 
 3             195           0 
 4             195           2 
 1             196           1 
 2             196           0 
 3             196           1 
 4             196           3 
 1             197           1 
 2             197           2 
 3             197           0 
 4             197           3 
 1             198           1 
 2             198           0 
 3             198           4 
 4             198           2 
 1             199           1 
 2             199           2 
 3             199           0 
 4             199           3 
 1             200           1 
 2             200           3 
 3             200           0 
 4             200           4 
 1             201           0 
 2             201           2 
 3             201           2 
 4             201           1 
 1             202           4 
 2             202           2 
 3             202           0 
 4             202           1 
 1             203           2 
 2             203           3 
 3             203           0 
 4             203           1 
 1             204           0 
 2             204           2 
 3             204           2 
 4             204           1 
 1             205           2 
 2             205           0 
 3             205           2 
 4             205           3 
 1             206           1 
 2             206           1 
 3             206           0 
 4             206           2 
 1             207           0 
 2             207           1 
 3             207           1 
 4             207           1 
 1             208           4 
 2             208           0 
 3             208           2 
 4             208           3 
 1             209           2 
 2             209           2 
 3             209           0 
 4             209           1 
 1             210           2 
 2             210           0 
 3             210           3 
 4             210           4 
 1             211           1 
 2             211           3 
 3             211           2 
 4             211           0 
 1             212           0 
 2             212           1 
 3             212           2 
 4             212           1 
 1             213           5 
 2             213           4 
 3             213           0 
 4             213           1 
 1             214           1 
 2             214           0 
 3             214           1 
 4             214           1 
 1             215           1 
 2             215           0 
 3             215           1 
 4             215           2 
 1             216           0 
 2             216           1 
 3             216           3 
 4             216           1 
 1             217           0 
 2             217           2 
 3             217           1 
 4             217           1 
 1             218           0 
 2             218           2 
 3             218           2 
 4             218           3 
 1             219           2 
 2             219           2 
 3             219           3 
 4             219           0 
 1             220           0 
 2             220           4 
 3             220           4 
 4             220           2 
 1             221           0 
 2             221           3 
 3             221           4 
 4             221           2 
 1             222           2 
 2             222           2 
 3             222           0 
 4             222           2 
 1             223           2 
 2             223           2 
 3             223           1 
 4             223           0 
 1             224           4 
 2             224           0 
 3             224           1 
 4             224           3 
 1             225           0 
 2             225           2 
 3             225           3 
 4             225           3 
 1             226           0 
 2             226           1 
 3             226           2 
 4             226           1 
 1             227           3 
 2             227           0 
 3             227           3 
 4             227           5 
 1             228           1 
 2             228           1 
 3             228           1 
 4             228           0 
 1             229           0 
 2             229           1 
 3             229           1 
 4             229           2 
 1             230           2 
 2             230           1 
 3             230           1 
 4             230           0 
 1             231           2 
 2             231           0 
 3             231           3 
 4             231           2 
 1             232           3 
 2             232           1 
 3             232           1 
 4             232           0 
 1             233           2 
 2             233           0 
 3             233           1 
 4             233           2 
 1             234           2 
 2             234           0 
 3             234           2 
 4             234           1 
 1             235           3 
 2             235           2 
 3             235           2 
 4             235           0 
 1             236           3 
 2             236           1 
 3             236           0 
 4             236           2 
 1             237           0 
 2             237           2 
 3             237           2 
 4             237           1 
 1             238           0 
 2             238           2 
 3             238           1 
 4             238           2 
 1             239           0 
 2             239           1 
 3             239           1 
 4             239           2 
 1             240           1 
 2             240           1 
 3             240           0 
 4             240           2 
 1             241           2 
 2             241           2 
 3             241           1 
 4             241           0 
 1             242           2 
 2             242           3 
 3             242           0 
 4             242           3 
 1             243           3 
 2             243           0 
 3             243           3 
 4             243           2 
 1             244           1 
 2             244           2 
 3             244           2 
 4             244           0 
 1             245           3 
 2             245           2 
 3             245           0 
 4             245           2 
 1             246           1 
 2             246           3 
 3             246           0 
 4             246           1 
 1             247           1 
 2             247           1 
 3             247           0 
 4             247           1 
 1             248           1 
 2             248           2 
 3             248           4 
 4             248           0 
 1             249           5 
 2             249           1 
 3             249           0 
 4             249           1 
 1             250           1 
 2             250           0 
 3             250           1 
 4             250           2 
 1             251           2 
 2             251           2 
 3             251           2 
 4             251           0 
 1             252           0 
 2             252           3 
 3             252           6 
 4             252           4 
 1             253           1 
 2             253           1 
 3             253           0 
 4             253           3 
 1             254           2 
 2             254           0 
 3             254           4 
 4             254           1 
 1             255           3 
 2             255           0 
 3             255           3 
 4             255           2 
 1             256           3 
 2             256           3 
 3             256           4 
 4             256           0 
 1             257           1 
 2             257           0 
 3             257           1 
 4             257           1 
 1             258           1 
 2             258           0 
 3             258           1 
 4             258           4 
 1             259           2 
 2             259           0 
 3             259           3 
 4             259           1 
 1             260           0 
 2             260           1 
 3             260           2 
 4             260           2 
 1             261           1 
 2             261           1 
 3             261           2 
 4             261           0 
 1             262           0 
 2             262           3 
 3             262           2 
 4             262           1 
 1             263           1 
 2             263           2 
 3             263           1 
 4             263           0 
 1             264           2 
 2             264           0 
 3             264           1 
 4             264           2 
 1             265           1 
 2             265           2 
 3             265           0 
 4             265           1 
 1             266           1 
 2             266           0 
 3             266           1 
 4             266           1 
 1             267           2 
 2             267           0 
 3             267           4 
 4             267           2 
 1             268           3 
 2             268           1 
 3             268           0 
 4             268           4 
 1             269           5 
 2             269           1 
 3             269           0 
 4             269           2 
 1             270           2 
 2             270           0 
 3             270           4 
 4             270           2 
 1             271           0 
 2             271           3 
 3             271           3 
 4             271           1 
 1             272           0 
 2             272           2 
 3             272           1 
 4             272           1 
 1             273           2 
 2             273           0 
 3             273           1 
 4             273           1 
 1             274           1 
 2             274           2 
 3             274           1 
 4             274           0 
 1             275           1 
 2             275           1 
 3             275           0 
 4             275           4 
 1             276           4 
 2             276           2 
 3             276           0 
 4             276           2 
 1             277           2 
 2             277           2 
 3             277           1 
 4             277           0 
 1             278           1 
 2             278           0 
 3             278           2 
 4             278           2 
 1             279           2 
 2             279           1 
 3             279           1 
 4             279           0 
 1             280           1 
 2             280           2 
 3             280           2 
 4             280           0 
 1             281           0 
 2             281           6 
 3             281           2 
 4             281           4 
 1             282           0 
 2             282           3 
 3             282           1 
 4             282           2 
 1             283           0 
 2             283           2 
 3             283           2 
 4             283           2 
 1             284           0 
 2             284           3 
 3             284           3 
 4             284           4 
 1             285           1 
 2             285           3 
 3             285           0 
 4             285           2 
 1             286           2 
 2             286           3 
 3             286           0 
 4             286           1 
 1             287           0 
 2             287           3 
 3             287           1 
 4             287           2 
 1             288           1 
 2             288           2 
 3             288           2 
 4             288           0 
 1             289           2 
 2             289           2 
 3             289           0 
 4             289           2 
 1             290           3 
 2             290           2 
 3             290           0 
 4             290           1 
 1             291           2 
 2             291           2 
 3             291           0 
 4             291           1 
 1             292           1 
 2             292           2 
 3             292           0 
 4             292           2 
 1             293           0 
 2             293           2 
 3             293           3 
 4             293           1 
 1             294           1 
 2             294           1 
 3             294           0 
 4             294           1 
 1             295           4 
 2             295           0 
 3             295           2 
 4             295           1 
 1             296           2 
 2             296           0 
 3             296           1 
 4             296           3 
 1             297           0 
 2             297           2 
 3             297           2 
 4             297           1 
 1             298           2 
 2             298           2 
 3             298           0 
 4             298           1 
 1             299           2 
 2             299           1 
 3             299           0 
 4             299           3 
 1             300           0 
 2             300           1 
 3             300           4 
 4             300           5 
 1             301           2 
 2             301           3 
 3             301           3 
 4             301           0 
 1             302           0 
 2             302           0 
 3             302           0 
 4             302           0 
