 1             1             0 
 2             1             0 
 3             1             0 
 4             1             0 
 1             2             0 
 2             2             1 
 3             2             0 
 4             2             0 
 1             3             0 
 2             3             0 
 3             3             0 
 4             3             1 
 1             4             1 
 2             4             0 
 3             4             0 
 4             4             0 
 1             5             0 
 2             5             0 
 3             5             0 
 4             5             4 
 1             6             5 
 2             6             0 
 3             6             0 
 4             6             0 
 1             7             0 
 2             7             4 
 3             7             0 
 4             7             0 
 1             8             0 
 2             8             2 
 3             8             0 
 4             8             0 
 1             9             0 
 2             9             4 
 3             9             0 
 4             9             0 
 1             10            6 
 2             10            0 
 3             10            0 
 4             10            0 
 1             11            0 
 2             11            0 
 3             11            0 
 4             11            7 
 1             12            0 
 2             12            0 
 3             12            1 
 4             12            0 
 1             13            4 
 2             13            0 
 3             13            0 
 4             13            0 
 1             14            0 
 2             14            5 
 3             14            0 
 4             14            0 
 1             15            0 
 2             15            0 
 3             15            1 
 4             15            0 
 1             16            0 
 2             16            0 
 3             16            0 
 4             16            2 
 1             17            0 
 2             17            5 
 3             17            0 
 4             17            0 
 1             18            0 
 2             18            0 
 3             18            4 
 4             18            0 
 1             19            0 
 2             19            0 
 3             19            6 
 4             19            0 
 1             20            2 
 2             20            0 
 3             20            0 
 4             20            0 
 1             21            0 
 2             21            0 
 3             21            5 
 4             21            0 
 1             22            0 
 2             22            0 
 3             22            0 
 4             22            4 
 1             23            5 
 2             23            0 
 3             23            0 
 4             23            0 
 1             24            0 
 2             24            0 
 3             24            0 
 4             24            8 
 1             25            0 
 2             25            0 
 3             25            0 
 4             25            3 
 1             26            0 
 2             26            0 
 3             26            0 
 4             26            4 
 1             27            1 
 2             27            0 
 3             27            0 
 4             27            0 
 1             28            0 
 2             28            0 
 3             28            5 
 4             28            0 
 1             29            0 
 2             29            3 
 3             29            0 
 4             29            0 
 1             30            0 
 2             30            0 
 3             30            2 
 4             30            0 
 1             31            0 
 2             31            0 
 3             31            2 
 4             31            0 
 1             32            0 
 2             32            4 
 3             32            0 
 4             32            0 
 1             33            0 
 2             33            3 
 3             33            0 
 4             33            0 
 1             34            0 
 2             34            0 
 3             34            2 
 4             34            0 
 1             35            0 
 2             35            0 
 3             35            6 
 4             35            0 
 1             36            0 
 2             36            0 
 3             36            5 
 4             36            0 
 1             37            0 
 2             37            4 
 3             37            0 
 4             37            0 
 1             38            7 
 2             38            0 
 3             38            0 
 4             38            0 
 1             39            0 
 2             39            5 
 3             39            0 
 4             39            0 
 1             40            3 
 2             40            0 
 3             40            0 
 4             40            0 
 1             41            0 
 2             41            4 
 3             41            0 
 4             41            0 
 1             42            0 
 2             42            0 
 3             42            7 
 4             42            0 
 1             43            7 
 2             43            0 
 3             43            0 
 4             43            0 
 1             44            0 
 2             44            4 
 3             44            0 
 4             44            0 
 1             45            0 
 2             45            0 
 3             45            0 
 4             45            2 
 1             46            0 
 2             46            4 
 3             46            0 
 4             46            0 
 1             47            0 
 2             47            6 
 3             47            0 
 4             47            0 
 1             48            2 
 2             48            0 
 3             48            0 
 4             48            0 
 1             49            0 
 2             49            5 
 3             49            0 
 4             49            0 
 1             50            2 
 2             50            0 
 3             50            0 
 4             50            0 
 1             51            0 
 2             51            0 
 3             51            5 
 4             51            0 
 1             52            0 
 2             52            5 
 3             52            0 
 4             52            0 
 1             53            6 
 2             53            0 
 3             53            0 
 4             53            0 
 1             54            0 
 2             54            4 
 3             54            0 
 4             54            0 
 1             55            0 
 2             55            4 
 3             55            0 
 4             55            0 
 1             56            0 
 2             56            3 
 3             56            0 
 4             56            0 
 1             57            0 
 2             57            0 
 3             57            3 
 4             57            0 
 1             58            0 
 2             58            0 
 3             58            0 
 4             58            5 
 1             59            0 
 2             59            4 
 3             59            0 
 4             59            0 
 1             60            0 
 2             60            0 
 3             60            0 
 4             60            2 
 1             61            0 
 2             61            0 
 3             61            0 
 4             61            3 
 1             62            0 
 2             62            6 
 3             62            0 
 4             62            0 
 1             63            3 
 2             63            0 
 3             63            0 
 4             63            0 
 1             64            0 
 2             64            0 
 3             64            0 
 4             64            5 
 1             65            0 
 2             65            0 
 3             65            0 
 4             65            5 
 1             66            0 
 2             66            0 
 3             66            3 
 4             66            0 
 1             67            3 
 2             67            0 
 3             67            0 
 4             67            0 
 1             68            0 
 2             68            1 
 3             68            0 
 4             68            0 
 1             69            0 
 2             69            5 
 3             69            0 
 4             69            0 
 1             70            0 
 2             70            2 
 3             70            0 
 4             70            0 
 1             71            0 
 2             71            0 
 3             71            0 
 4             71            1 
 1             72            1 
 2             72            0 
 3             72            0 
 4             72            0 
 1             73            0 
 2             73            3 
 3             73            0 
 4             73            0 
 1             74            7 
 2             74            0 
 3             74            0 
 4             74            0 
 1             75            0 
 2             75            0 
 3             75            0 
 4             75            4 
 1             76            0 
 2             76            0 
 3             76            0 
 4             76            7 
 1             77            3 
 2             77            0 
 3             77            0 
 4             77            0 
 1             78            0 
 2             78            6 
 3             78            0 
 4             78            0 
 1             79            0 
 2             79            2 
 3             79            0 
 4             79            0 
 1             80            0 
 2             80            3 
 3             80            0 
 4             80            0 
 1             81            0 
 2             81            3 
 3             81            0 
 4             81            0 
 1             82            0 
 2             82            7 
 3             82            0 
 4             82            0 
 1             83            0 
 2             83            0 
 3             83            3 
 4             83            0 
 1             84            3 
 2             84            0 
 3             84            0 
 4             84            0 
 1             85            5 
 2             85            0 
 3             85            0 
 4             85            0 
 1             86            0 
 2             86            4 
 3             86            0 
 4             86            0 
 1             87            0 
 2             87            0 
 3             87            0 
 4             87            1 
 1             88            0 
 2             88            5 
 3             88            0 
 4             88            0 
 1             89            0 
 2             89            0 
 3             89            4 
 4             89            0 
 1             90            0 
 2             90            2 
 3             90            0 
 4             90            0 
 1             91            0 
 2             91            0 
 3             91            0 
 4             91            2 
 1             92            1 
 2             92            0 
 3             92            0 
 4             92            0 
 1             93            0 
 2             93            0 
 3             93            0 
 4             93            7 
 1             94            0 
 2             94            0 
 3             94            0 
 4             94            5 
 1             95            0 
 2             95            0 
 3             95            1 
 4             95            0 
 1             96            0 
 2             96            2 
 3             96            0 
 4             96            0 
 1             97            4 
 2             97            0 
 3             97            0 
 4             97            0 
 1             98            3 
 2             98            0 
 3             98            0 
 4             98            0 
 1             99            5 
 2             99            0 
 3             99            0 
 4             99            0 
 1             100           0 
 2             100           0 
 3             100           3 
 4             100           0 
 1             101           0 
 2             101           0 
 3             101           6 
 4             101           0 
 1             102           0 
 2             102           0 
 3             102           0 
 4             102           8 
 1             103           0 
 2             103           0 
 3             103           0 
 4             103           3 
 1             104           0 
 2             104           0 
 3             104           2 
 4             104           0 
 1             105           0 
 2             105           0 
 3             105           0 
 4             105           3 
 1             106           0 
 2             106           0 
 3             106           0 
 4             106           2 
 1             107           0 
 2             107           0 
 3             107           5 
 4             107           0 
 1             108           0 
 2             108           0 
 3             108           10 
 4             108           0 
 1             109           0 
 2             109           0 
 3             109           4 
 4             109           0 
 1             110           4 
 2             110           0 
 3             110           0 
 4             110           0 
 1             111           0 
 2             111           4 
 3             111           0 
 4             111           0 
 1             112           0 
 2             112           3 
 3             112           0 
 4             112           0 
 1             113           0 
 2             113           0 
 3             113           0 
 4             113           7 
 1             114           0 
 2             114           2 
 3             114           0 
 4             114           0 
 1             115           6 
 2             115           0 
 3             115           0 
 4             115           0 
 1             116           3 
 2             116           0 
 3             116           0 
 4             116           0 
 1             117           6 
 2             117           0 
 3             117           0 
 4             117           0 
 1             118           0 
 2             118           9 
 3             118           0 
 4             118           0 
 1             119           0 
 2             119           4 
 3             119           0 
 4             119           0 
 1             120           3 
 2             120           0 
 3             120           0 
 4             120           0 
 1             121           10 
 2             121           0 
 3             121           0 
 4             121           0 
 1             122           5 
 2             122           0 
 3             122           0 
 4             122           0 
 1             123           0 
 2             123           5 
 3             123           0 
 4             123           0 
 1             124           0 
 2             124           5 
 3             124           0 
 4             124           0 
 1             125           3 
 2             125           0 
 3             125           0 
 4             125           0 
 1             126           4 
 2             126           0 
 3             126           0 
 4             126           0 
 1             127           0 
 2             127           0 
 3             127           6 
 4             127           0 
 1             128           4 
 2             128           0 
 3             128           0 
 4             128           0 
 1             129           0 
 2             129           0 
 3             129           2 
 4             129           0 
 1             130           6 
 2             130           0 
 3             130           0 
 4             130           0 
 1             131           0 
 2             131           0 
 3             131           0 
 4             131           3 
 1             132           0 
 2             132           3 
 3             132           0 
 4             132           0 
 1             133           0 
 2             133           2 
 3             133           0 
 4             133           0 
 1             134           0 
 2             134           2 
 3             134           0 
 4             134           0 
 1             135           0 
 2             135           4 
 3             135           0 
 4             135           0 
 1             136           3 
 2             136           0 
 3             136           0 
 4             136           0 
 1             137           0 
 2             137           7 
 3             137           0 
 4             137           0 
 1             138           0 
 2             138           0 
 3             138           0 
 4             138           5 
 1             139           0 
 2             139           4 
 3             139           0 
 4             139           0 
 1             140           5 
 2             140           0 
 3             140           0 
 4             140           0 
 1             141           0 
 2             141           4 
 3             141           0 
 4             141           0 
 1             142           0 
 2             142           5 
 3             142           0 
 4             142           0 
 1             143           4 
 2             143           0 
 3             143           0 
 4             143           0 
 1             144           5 
 2             144           0 
 3             144           0 
 4             144           0 
 1             145           0 
 2             145           6 
 3             145           0 
 4             145           0 
 1             146           0 
 2             146           5 
 3             146           0 
 4             146           0 
 1             147           0 
 2             147           0 
 3             147           4 
 4             147           0 
 1             148           0 
 2             148           0 
 3             148           2 
 4             148           0 
 1             149           0 
 2             149           0 
 3             149           0 
 4             149           5 
 1             150           7 
 2             150           0 
 3             150           0 
 4             150           0 
 1             151           5 
 2             151           0 
 3             151           0 
 4             151           0 
 1             152           0 
 2             152           5 
 3             152           0 
 4             152           0 
 1             153           0 
 2             153           0 
 3             153           4 
 4             153           0 
 1             154           0 
 2             154           4 
 3             154           0 
 4             154           0 
 1             155           0 
 2             155           0 
 3             155           5 
 4             155           0 
 1             156           0 
 2             156           6 
 3             156           0 
 4             156           0 
 1             157           0 
 2             157           0 
 3             157           0 
 4             157           7 
 1             158           0 
 2             158           6 
 3             158           0 
 4             158           0 
 1             159           0 
 2             159           0 
 3             159           4 
 4             159           0 
 1             160           0 
 2             160           0 
 3             160           0 
 4             160           3 
 1             161           0 
 2             161           0 
 3             161           4 
 4             161           0 
 1             162           0 
 2             162           0 
 3             162           4 
 4             162           0 
 1             163           0 
 2             163           3 
 3             163           0 
 4             163           0 
 1             164           0 
 2             164           0 
 3             164           3 
 4             164           0 
 1             165           0 
 2             165           0 
 3             165           0 
 4             165           3 
 1             166           0 
 2             166           0 
 3             166           0 
 4             166           6 
 1             167           5 
 2             167           0 
 3             167           0 
 4             167           0 
 1             168           0 
 2             168           0 
 3             168           0 
 4             168           3 
 1             169           1 
 2             169           0 
 3             169           0 
 4             169           0 
 1             170           3 
 2             170           0 
 3             170           0 
 4             170           0 
 1             171           0 
 2             171           0 
 3             171           4 
 4             171           0 
 1             172           0 
 2             172           0 
 3             172           2 
 4             172           0 
 1             173           0 
 2             173           4 
 3             173           0 
 4             173           0 
 1             174           4 
 2             174           0 
 3             174           0 
 4             174           0 
 1             175           7 
 2             175           0 
 3             175           0 
 4             175           0 
 1             176           0 
 2             176           3 
 3             176           0 
 4             176           0 
 1             177           0 
 2             177           0 
 3             177           10 
 4             177           0 
 1             178           0 
 2             178           0 
 3             178           4 
 4             178           0 
 1             179           4 
 2             179           0 
 3             179           0 
 4             179           0 
 1             180           2 
 2             180           0 
 3             180           0 
 4             180           0 
 1             181           0 
 2             181           4 
 3             181           0 
 4             181           0 
 1             182           0 
 2             182           0 
 3             182           5 
 4             182           0 
 1             183           0 
 2             183           0 
 3             183           0 
 4             183           5 
 1             184           0 
 2             184           5 
 3             184           0 
 4             184           0 
 1             185           0 
 2             185           0 
 3             185           3 
 4             185           0 
 1             186           5 
 2             186           0 
 3             186           0 
 4             186           0 
 1             187           0 
 2             187           0 
 3             187           0 
 4             187           8 
 1             188           3 
 2             188           0 
 3             188           0 
 4             188           0 
 1             189           7 
 2             189           0 
 3             189           0 
 4             189           0 
 1             190           0 
 2             190           0 
 3             190           2 
 4             190           0 
 1             191           2 
 2             191           0 
 3             191           0 
 4             191           0 
 1             192           6 
 2             192           0 
 3             192           0 
 4             192           0 
 1             193           5 
 2             193           0 
 3             193           0 
 4             193           0 
 1             194           0 
 2             194           3 
 3             194           0 
 4             194           0 
 1             195           0 
 2             195           0 
 3             195           2 
 4             195           0 
 1             196           0 
 2             196           0 
 3             196           0 
 4             196           6 
 1             197           0 
 2             197           3 
 3             197           0 
 4             197           0 
 1             198           0 
 2             198           0 
 3             198           4 
 4             198           0 
 1             199           3 
 2             199           0 
 3             199           0 
 4             199           0 
 1             200           2 
 2             200           0 
 3             200           0 
 4             200           0 
 1             201           6 
 2             201           0 
 3             201           0 
 4             201           0 
 1             202           3 
 2             202           0 
 3             202           0 
 4             202           0 
 1             203           0 
 2             203           4 
 3             203           0 
 4             203           0 
 1             204           0 
 2             204           0 
 3             204           0 
 4             204           1 
 1             205           1 
 2             205           0 
 3             205           0 
 4             205           0 
 1             206           0 
 2             206           0 
 3             206           0 
 4             206           4 
 1             207           0 
 2             207           0 
 3             207           0 
 4             207           6 
 1             208           3 
 2             208           0 
 3             208           0 
 4             208           0 
 1             209           0 
 2             209           0 
 3             209           4 
 4             209           0 
 1             210           0 
 2             210           0 
 3             210           0 
 4             210           3 
 1             211           0 
 2             211           1 
 3             211           0 
 4             211           0 
 1             212           0 
 2             212           0 
 3             212           6 
 4             212           0 
 1             213           0 
 2             213           0 
 3             213           0 
 4             213           4 
 1             214           3 
 2             214           0 
 3             214           0 
 4             214           0 
 1             215           0 
 2             215           3 
 3             215           0 
 4             215           0 
 1             216           3 
 2             216           0 
 3             216           0 
 4             216           0 
 1             217           0 
 2             217           0 
 3             217           0 
 4             217           3 
 1             218           0 
 2             218           6 
 3             218           0 
 4             218           0 
 1             219           0 
 2             219           4 
 3             219           0 
 4             219           0 
 1             220           4 
 2             220           0 
 3             220           0 
 4             220           0 
 1             221           0 
 2             221           0 
 3             221           2 
 4             221           0 
 1             222           0 
 2             222           0 
 3             222           0 
 4             222           4 
 1             223           0 
 2             223           0 
 3             223           0 
 4             223           2 
 1             224           0 
 2             224           0 
 3             224           0 
 4             224           5 
 1             225           3 
 2             225           0 
 3             225           0 
 4             225           0 
 1             226           0 
 2             226           0 
 3             226           3 
 4             226           0 
 1             227           0 
 2             227           5 
 3             227           0 
 4             227           0 
 1             228           0 
 2             228           2 
 3             228           0 
 4             228           0 
 1             229           0 
 2             229           0 
 3             229           0 
 4             229           3 
 1             230           0 
 2             230           0 
 3             230           3 
 4             230           0 
 1             231           0 
 2             231           3 
 3             231           0 
 4             231           0 
 1             232           0 
 2             232           3 
 3             232           0 
 4             232           0 
 1             233           2 
 2             233           0 
 3             233           0 
 4             233           0 
 1             234           0 
 2             234           0 
 3             234           7 
 4             234           0 
 1             235           0 
 2             235           0 
 3             235           0 
 4             235           2 
 1             236           0 
 2             236           0 
 3             236           0 
 4             236           6 
 1             237           0 
 2             237           0 
 3             237           7 
 4             237           0 
 1             238           0 
 2             238           0 
 3             238           3 
 4             238           0 
 1             239           2 
 2             239           0 
 3             239           0 
 4             239           0 
 1             240           0 
 2             240           3 
 3             240           0 
 4             240           0 
 1             241           0 
 2             241           0 
 3             241           10 
 4             241           0 
 1             242           0 
 2             242           0 
 3             242           3 
 4             242           0 
 1             243           1 
 2             243           0 
 3             243           0 
 4             243           0 
 1             244           6 
 2             244           0 
 3             244           0 
 4             244           0 
 1             245           0 
 2             245           0 
 3             245           0 
 4             245           5 
 1             246           0 
 2             246           0 
 3             246           0 
 4             246           2 
 1             247           0 
 2             247           0 
 3             247           0 
 4             247           3 
 1             248           0 
 2             248           1 
 3             248           0 
 4             248           0 
 1             249           0 
 2             249           6 
 3             249           0 
 4             249           0 
 1             250           0 
 2             250           3 
 3             250           0 
 4             250           0 
 1             251           0 
 2             251           3 
 3             251           0 
 4             251           0 
 1             252           0 
 2             252           0 
 3             252           5 
 4             252           0 
 1             253           3 
 2             253           0 
 3             253           0 
 4             253           0 
 1             254           0 
 2             254           0 
 3             254           5 
 4             254           0 
 1             255           0 
 2             255           0 
 3             255           0 
 4             255           5 
 1             256           0 
 2             256           0 
 3             256           4 
 4             256           0 
 1             257           8 
 2             257           0 
 3             257           0 
 4             257           0 
 1             258           0 
 2             258           4 
 3             258           0 
 4             258           0 
 1             259           0 
 2             259           0 
 3             259           4 
 4             259           0 
 1             260           0 
 2             260           5 
 3             260           0 
 4             260           0 
 1             261           0 
 2             261           0 
 3             261           0 
 4             261           4 
 1             262           0 
 2             262           0 
 3             262           4 
 4             262           0 
 1             263           5 
 2             263           0 
 3             263           0 
 4             263           0 
 1             264           0 
 2             264           0 
 3             264           0 
 4             264           3 
 1             265           6 
 2             265           0 
 3             265           0 
 4             265           0 
 1             266           0 
 2             266           0 
 3             266           3 
 4             266           0 
 1             267           5 
 2             267           0 
 3             267           0 
 4             267           0 
 1             268           0 
 2             268           5 
 3             268           0 
 4             268           0 
 1             269           0 
 2             269           0 
 3             269           0 
 4             269           3 
 1             270           0 
 2             270           0 
 3             270           0 
 4             270           4 
 1             271           0 
 2             271           0 
 3             271           3 
 4             271           0 
 1             272           0 
 2             272           0 
 3             272           5 
 4             272           0 
 1             273           3 
 2             273           0 
 3             273           0 
 4             273           0 
 1             274           0 
 2             274           4 
 3             274           0 
 4             274           0 
 1             275           0 
 2             275           0 
 3             275           6 
 4             275           0 
 1             276           0 
 2             276           4 
 3             276           0 
 4             276           0 
 1             277           0 
 2             277           0 
 3             277           2 
 4             277           0 
 1             278           3 
 2             278           0 
 3             278           0 
 4             278           0 
 1             279           0 
 2             279           0 
 3             279           3 
 4             279           0 
 1             280           0 
 2             280           0 
 3             280           0 
 4             280           2 
 1             281           0 
 2             281           0 
 3             281           4 
 4             281           0 
 1             282           3 
 2             282           0 
 3             282           0 
 4             282           0 
 1             283           4 
 2             283           0 
 3             283           0 
 4             283           0 
 1             284           0 
 2             284           2 
 3             284           0 
 4             284           0 
 1             285           0 
 2             285           5 
 3             285           0 
 4             285           0 
 1             286           0 
 2             286           0 
 3             286           0 
 4             286           4 
 1             287           6 
 2             287           0 
 3             287           0 
 4             287           0 
 1             288           0 
 2             288           0 
 3             288           2 
 4             288           0 
 1             289           0 
 2             289           5 
 3             289           0 
 4             289           0 
 1             290           0 
 2             290           5 
 3             290           0 
 4             290           0 
 1             291           0 
 2             291           0 
 3             291           0 
 4             291           5 
 1             292           0 
 2             292           0 
 3             292           0 
 4             292           3 
 1             293           0 
 2             293           0 
 3             293           0 
 4             293           5 
 1             294           2 
 2             294           0 
 3             294           0 
 4             294           0 
 1             295           0 
 2             295           0 
 3             295           2 
 4             295           0 
 1             296           0 
 2             296           8 
 3             296           0 
 4             296           0 
 1             297           0 
 2             297           4 
 3             297           0 
 4             297           0 
 1             298           0 
 2             298           0 
 3             298           0 
 4             298           5 
 1             299           0 
 2             299           0 
 3             299           5 
 4             299           0 
 1             300           0 
 2             300           0 
 3             300           2 
 4             300           0 
 1             301           0 
 2             301           0 
 3             301           0 
 4             301           1 
 1             302           0 
 2             302           0 
 3             302           0 
 4             302           0 
