 1             1             0 
 2             1             0 
 3             1             0 
 4             1             0 
 1             2             0 
 2             2             0 
 3             2             1 
 4             2             0 
 1             3             0 
 2             3             0 
 3             3             7 
 4             3             0 
 1             4             0 
 2             4             0 
 3             4             0 
 4             4             1 
 1             5             1 
 2             5             0 
 3             5             0 
 4             5             0 
 1             6             6 
 2             6             0 
 3             6             0 
 4             6             0 
 1             7             0 
 2             7             0 
 3             7             0 
 4             7             4 
 1             8             0 
 2             8             0 
 3             8             0 
 4             8             4 
 1             9             0 
 2             9             0 
 3             9             3 
 4             9             0 
 1             10            4 
 2             10            0 
 3             10            0 
 4             10            0 
 1             11            0 
 2             11            0 
 3             11            6 
 4             11            0 
 1             12            6 
 2             12            0 
 3             12            0 
 4             12            0 
 1             13            0 
 2             13            0 
 3             13            0 
 4             13            2 
 1             14            0 
 2             14            0 
 3             14            5 
 4             14            0 
 1             15            5 
 2             15            0 
 3             15            0 
 4             15            0 
 1             16            0 
 2             16            0 
 3             16            0 
 4             16            5 
 1             17            0 
 2             17            0 
 3             17            7 
 4             17            0 
 1             18            0 
 2             18            0 
 3             18            4 
 4             18            0 
 1             19            0 
 2             19            0 
 3             19            0 
 4             19            2 
 1             20            0 
 2             20            0 
 3             20            0 
 4             20            3 
 1             21            1 
 2             21            0 
 3             21            0 
 4             21            0 
 1             22            4 
 2             22            0 
 3             22            0 
 4             22            0 
 1             23            0 
 2             23            1 
 3             23            0 
 4             23            0 
 1             24            0 
 2             24            5 
 3             24            0 
 4             24            0 
 1             25            2 
 2             25            0 
 3             25            0 
 4             25            0 
 1             26            6 
 2             26            0 
 3             26            0 
 4             26            0 
 1             27            0 
 2             27            0 
 3             27            0 
 4             27            3 
 1             28            0 
 2             28            0 
 3             28            0 
 4             28            7 
 1             29            5 
 2             29            0 
 3             29            0 
 4             29            0 
 1             30            0 
 2             30            0 
 3             30            6 
 4             30            0 
 1             31            0 
 2             31            0 
 3             31            4 
 4             31            0 
 1             32            4 
 2             32            0 
 3             32            0 
 4             32            0 
 1             33            4 
 2             33            0 
 3             33            0 
 4             33            0 
 1             34            0 
 2             34            0 
 3             34            2 
 4             34            0 
 1             35            4 
 2             35            0 
 3             35            0 
 4             35            0 
 1             36            0 
 2             36            5 
 3             36            0 
 4             36            0 
 1             37            4 
 2             37            0 
 3             37            0 
 4             37            0 
 1             38            0 
 2             38            3 
 3             38            0 
 4             38            0 
 1             39            0 
 2             39            0 
 3             39            3 
 4             39            0 
 1             40            0 
 2             40            0 
 3             40            1 
 4             40            0 
 1             41            0 
 2             41            3 
 3             41            0 
 4             41            0 
 1             42            4 
 2             42            0 
 3             42            0 
 4             42            0 
 1             43            4 
 2             43            0 
 3             43            0 
 4             43            0 
 1             44            0 
 2             44            0 
 3             44            0 
 4             44            3 
 1             45            6 
 2             45            0 
 3             45            0 
 4             45            0 
 1             46            0 
 2             46            0 
 3             46            0 
 4             46            5 
 1             47            0 
 2             47            0 
 3             47            5 
 4             47            0 
 1             48            0 
 2             48            5 
 3             48            0 
 4             48            0 
 1             49            0 
 2             49            0 
 3             49            0 
 4             49            2 
 1             50            0 
 2             50            3 
 3             50            0 
 4             50            0 
 1             51            0 
 2             51            0 
 3             51            5 
 4             51            0 
 1             52            0 
 2             52            0 
 3             52            3 
 4             52            0 
 1             53            5 
 2             53            0 
 3             53            0 
 4             53            0 
 1             54            0 
 2             54            0 
 3             54            5 
 4             54            0 
 1             55            0 
 2             55            0 
 3             55            0 
 4             55            2 
 1             56            6 
 2             56            0 
 3             56            0 
 4             56            0 
 1             57            0 
 2             57            0 
 3             57            3 
 4             57            0 
 1             58            0 
 2             58            0 
 3             58            0 
 4             58            3 
 1             59            4 
 2             59            0 
 3             59            0 
 4             59            0 
 1             60            6 
 2             60            0 
 3             60            0 
 4             60            0 
 1             61            0 
 2             61            5 
 3             61            0 
 4             61            0 
 1             62            0 
 2             62            2 
 3             62            0 
 4             62            0 
 1             63            0 
 2             63            0 
 3             63            0 
 4             63            5 
 1             64            0 
 2             64            0 
 3             64            3 
 4             64            0 
 1             65            0 
 2             65            6 
 3             65            0 
 4             65            0 
 1             66            0 
 2             66            9 
 3             66            0 
 4             66            0 
 1             67            0 
 2             67            0 
 3             67            0 
 4             67            8 
 1             68            0 
 2             68            0 
 3             68            0 
 4             68            8 
 1             69            2 
 2             69            0 
 3             69            0 
 4             69            0 
 1             70            0 
 2             70            0 
 3             70            0 
 4             70            3 
 1             71            0 
 2             71            0 
 3             71            0 
 4             71            5 
 1             72            0 
 2             72            0 
 3             72            0 
 4             72            3 
 1             73            0 
 2             73            5 
 3             73            0 
 4             73            0 
 1             74            0 
 2             74            1 
 3             74            0 
 4             74            0 
 1             75            0 
 2             75            0 
 3             75            3 
 4             75            0 
 1             76            2 
 2             76            0 
 3             76            0 
 4             76            0 
 1             77            0 
 2             77            0 
 3             77            0 
 4             77            4 
 1             78            0 
 2             78            0 
 3             78            5 
 4             78            0 
 1             79            4 
 2             79            0 
 3             79            0 
 4             79            0 
 1             80            0 
 2             80            0 
 3             80            2 
 4             80            0 
 1             81            0 
 2             81            0 
 3             81            4 
 4             81            0 
 1             82            0 
 2             82            0 
 3             82            3 
 4             82            0 
 1             83            0 
 2             83            0 
 3             83            0 
 4             83            5 
 1             84            3 
 2             84            0 
 3             84            0 
 4             84            0 
 1             85            0 
 2             85            0 
 3             85            8 
 4             85            0 
 1             86            0 
 2             86            4 
 3             86            0 
 4             86            0 
 1             87            0 
 2             87            0 
 3             87            3 
 4             87            0 
 1             88            5 
 2             88            0 
 3             88            0 
 4             88            0 
 1             89            0 
 2             89            8 
 3             89            0 
 4             89            0 
 1             90            5 
 2             90            0 
 3             90            0 
 4             90            0 
 1             91            0 
 2             91            0 
 3             91            0 
 4             91            5 
 1             92            0 
 2             92            0 
 3             92            0 
 4             92            5 
 1             93            0 
 2             93            0 
 3             93            0 
 4             93            4 
 1             94            0 
 2             94            0 
 3             94            2 
 4             94            0 
 1             95            2 
 2             95            0 
 3             95            0 
 4             95            0 
 1             96            0 
 2             96            0 
 3             96            0 
 4             96            7 
 1             97            3 
 2             97            0 
 3             97            0 
 4             97            0 
 1             98            0 
 2             98            0 
 3             98            0 
 4             98            3 
 1             99            0 
 2             99            0 
 3             99            0 
 4             99            6 
 1             100           3 
 2             100           0 
 3             100           0 
 4             100           0 
 1             101           0 
 2             101           0 
 3             101           0 
 4             101           4 
 1             102           0 
 2             102           2 
 3             102           0 
 4             102           0 
 1             103           0 
 2             103           0 
 3             103           4 
 4             103           0 
 1             104           3 
 2             104           0 
 3             104           0 
 4             104           0 
 1             105           0 
 2             105           6 
 3             105           0 
 4             105           0 
 1             106           0 
 2             106           0 
 3             106           0 
 4             106           2 
 1             107           0 
 2             107           0 
 3             107           2 
 4             107           0 
 1             108           0 
 2             108           0 
 3             108           3 
 4             108           0 
 1             109           0 
 2             109           0 
 3             109           0 
 4             109           4 
 1             110           0 
 2             110           0 
 3             110           0 
 4             110           2 
 1             111           0 
 2             111           0 
 3             111           4 
 4             111           0 
 1             112           0 
 2             112           0 
 3             112           2 
 4             112           0 
 1             113           0 
 2             113           0 
 3             113           0 
 4             113           4 
 1             114           0 
 2             114           0 
 3             114           0 
 4             114           1 
 1             115           5 
 2             115           0 
 3             115           0 
 4             115           0 
 1             116           0 
 2             116           0 
 3             116           2 
 4             116           0 
 1             117           4 
 2             117           0 
 3             117           0 
 4             117           0 
 1             118           5 
 2             118           0 
 3             118           0 
 4             118           0 
 1             119           0 
 2             119           0 
 3             119           6 
 4             119           0 
 1             120           3 
 2             120           0 
 3             120           0 
 4             120           0 
 1             121           6 
 2             121           0 
 3             121           0 
 4             121           0 
 1             122           0 
 2             122           3 
 3             122           0 
 4             122           0 
 1             123           0 
 2             123           0 
 3             123           6 
 4             123           0 
 1             124           0 
 2             124           0 
 3             124           0 
 4             124           1 
 1             125           0 
 2             125           0 
 3             125           0 
 4             125           3 
 1             126           0 
 2             126           3 
 3             126           0 
 4             126           0 
 1             127           3 
 2             127           0 
 3             127           0 
 4             127           0 
 1             128           0 
 2             128           0 
 3             128           0 
 4             128           3 
 1             129           0 
 2             129           0 
 3             129           3 
 4             129           0 
 1             130           5 
 2             130           0 
 3             130           0 
 4             130           0 
 1             131           0 
 2             131           0 
 3             131           0 
 4             131           4 
 1             132           0 
 2             132           4 
 3             132           0 
 4             132           0 
 1             133           0 
 2             133           5 
 3             133           0 
 4             133           0 
 1             134           0 
 2             134           0 
 3             134           0 
 4             134           7 
 1             135           0 
 2             135           0 
 3             135           0 
 4             135           3 
 1             136           0 
 2             136           3 
 3             136           0 
 4             136           0 
 1             137           0 
 2             137           1 
 3             137           0 
 4             137           0 
 1             138           0 
 2             138           0 
 3             138           0 
 4             138           5 
 1             139           0 
 2             139           5 
 3             139           0 
 4             139           0 
 1             140           0 
 2             140           0 
 3             140           7 
 4             140           0 
 1             141           0 
 2             141           3 
 3             141           0 
 4             141           0 
 1             142           0 
 2             142           0 
 3             142           7 
 4             142           0 
 1             143           0 
 2             143           0 
 3             143           0 
 4             143           7 
 1             144           0 
 2             144           0 
 3             144           0 
 4             144           4 
 1             145           0 
 2             145           0 
 3             145           2 
 4             145           0 
 1             146           0 
 2             146           0 
 3             146           5 
 4             146           0 
 1             147           0 
 2             147           0 
 3             147           2 
 4             147           0 
 1             148           4 
 2             148           0 
 3             148           0 
 4             148           0 
 1             149           0 
 2             149           3 
 3             149           0 
 4             149           0 
 1             150           0 
 2             150           0 
 3             150           0 
 4             150           3 
 1             151           0 
 2             151           5 
 3             151           0 
 4             151           0 
 1             152           0 
 2             152           5 
 3             152           0 
 4             152           0 
 1             153           6 
 2             153           0 
 3             153           0 
 4             153           0 
 1             154           5 
 2             154           0 
 3             154           0 
 4             154           0 
 1             155           3 
 2             155           0 
 3             155           0 
 4             155           0 
 1             156           4 
 2             156           0 
 3             156           0 
 4             156           0 
 1             157           6 
 2             157           0 
 3             157           0 
 4             157           0 
 1             158           0 
 2             158           0 
 3             158           4 
 4             158           0 
 1             159           0 
 2             159           4 
 3             159           0 
 4             159           0 
 1             160           0 
 2             160           3 
 3             160           0 
 4             160           0 
 1             161           0 
 2             161           0 
 3             161           2 
 4             161           0 
 1             162           1 
 2             162           0 
 3             162           0 
 4             162           0 
 1             163           0 
 2             163           5 
 3             163           0 
 4             163           0 
 1             164           0 
 2             164           3 
 3             164           0 
 4             164           0 
 1             165           0 
 2             165           0 
 3             165           0 
 4             165           5 
 1             166           2 
 2             166           0 
 3             166           0 
 4             166           0 
 1             167           0 
 2             167           0 
 3             167           1 
 4             167           0 
 1             168           0 
 2             168           0 
 3             168           0 
 4             168           7 
 1             169           0 
 2             169           0 
 3             169           8 
 4             169           0 
 1             170           0 
 2             170           0 
 3             170           0 
 4             170           2 
 1             171           0 
 2             171           0 
 3             171           0 
 4             171           4 
 1             172           0 
 2             172           0 
 3             172           0 
 4             172           6 
 1             173           0 
 2             173           0 
 3             173           0 
 4             173           5 
 1             174           0 
 2             174           0 
 3             174           0 
 4             174           4 
 1             175           0 
 2             175           3 
 3             175           0 
 4             175           0 
 1             176           2 
 2             176           0 
 3             176           0 
 4             176           0 
 1             177           4 
 2             177           0 
 3             177           0 
 4             177           0 
 1             178           0 
 2             178           4 
 3             178           0 
 4             178           0 
 1             179           0 
 2             179           4 
 3             179           0 
 4             179           0 
 1             180           0 
 2             180           4 
 3             180           0 
 4             180           0 
 1             181           0 
 2             181           3 
 3             181           0 
 4             181           0 
 1             182           0 
 2             182           2 
 3             182           0 
 4             182           0 
 1             183           0 
 2             183           0 
 3             183           9 
 4             183           0 
 1             184           0 
 2             184           0 
 3             184           1 
 4             184           0 
 1             185           0 
 2             185           0 
 3             185           0 
 4             185           4 
 1             186           4 
 2             186           0 
 3             186           0 
 4             186           0 
 1             187           5 
 2             187           0 
 3             187           0 
 4             187           0 
 1             188           6 
 2             188           0 
 3             188           0 
 4             188           0 
 1             189           0 
 2             189           0 
 3             189           0 
 4             189           4 
 1             190           0 
 2             190           0 
 3             190           5 
 4             190           0 
 1             191           0 
 2             191           3 
 3             191           0 
 4             191           0 
 1             192           0 
 2             192           0 
 3             192           2 
 4             192           0 
 1             193           1 
 2             193           0 
 3             193           0 
 4             193           0 
 1             194           0 
 2             194           0 
 3             194           0 
 4             194           3 
 1             195           0 
 2             195           0 
 3             195           0 
 4             195           2 
 1             196           0 
 2             196           4 
 3             196           0 
 4             196           0 
 1             197           2 
 2             197           0 
 3             197           0 
 4             197           0 
 1             198           0 
 2             198           0 
 3             198           4 
 4             198           0 
 1             199           0 
 2             199           0 
 3             199           4 
 4             199           0 
 1             200           0 
 2             200           0 
 3             200           2 
 4             200           0 
 1             201           0 
 2             201           0 
 3             201           3 
 4             201           0 
 1             202           7 
 2             202           0 
 3             202           0 
 4             202           0 
 1             203           6 
 2             203           0 
 3             203           0 
 4             203           0 
 1             204           0 
 2             204           0 
 3             204           3 
 4             204           0 
 1             205           0 
 2             205           0 
 3             205           0 
 4             205           4 
 1             206           0 
 2             206           0 
 3             206           6 
 4             206           0 
 1             207           0 
 2             207           0 
 3             207           5 
 4             207           0 
 1             208           0 
 2             208           0 
 3             208           0 
 4             208           5 
 1             209           0 
 2             209           6 
 3             209           0 
 4             209           0 
 1             210           0 
 2             210           0 
 3             210           0 
 4             210           4 
 1             211           5 
 2             211           0 
 3             211           0 
 4             211           0 
 1             212           0 
 2             212           0 
 3             212           5 
 4             212           0 
 1             213           5 
 2             213           0 
 3             213           0 
 4             213           0 
 1             214           5 
 2             214           0 
 3             214           0 
 4             214           0 
 1             215           3 
 2             215           0 
 3             215           0 
 4             215           0 
 1             216           4 
 2             216           0 
 3             216           0 
 4             216           0 
 1             217           3 
 2             217           0 
 3             217           0 
 4             217           0 
 1             218           4 
 2             218           0 
 3             218           0 
 4             218           0 
 1             219           0 
 2             219           0 
 3             219           0 
 4             219           3 
 1             220           3 
 2             220           0 
 3             220           0 
 4             220           0 
 1             221           0 
 2             221           0 
 3             221           3 
 4             221           0 
 1             222           0 
 2             222           0 
 3             222           0 
 4             222           2 
 1             223           0 
 2             223           6 
 3             223           0 
 4             223           0 
 1             224           0 
 2             224           3 
 3             224           0 
 4             224           0 
 1             225           4 
 2             225           0 
 3             225           0 
 4             225           0 
 1             226           0 
 2             226           4 
 3             226           0 
 4             226           0 
 1             227           0 
 2             227           0 
 3             227           2 
 4             227           0 
 1             228           3 
 2             228           0 
 3             228           0 
 4             228           0 
 1             229           4 
 2             229           0 
 3             229           0 
 4             229           0 
 1             230           4 
 2             230           0 
 3             230           0 
 4             230           0 
 1             231           6 
 2             231           0 
 3             231           0 
 4             231           0 
 1             232           0 
 2             232           2 
 3             232           0 
 4             232           0 
 1             233           3 
 2             233           0 
 3             233           0 
 4             233           0 
 1             234           0 
 2             234           0 
 3             234           6 
 4             234           0 
 1             235           0 
 2             235           0 
 3             235           0 
 4             235           3 
 1             236           0 
 2             236           0 
 3             236           0 
 4             236           4 
 1             237           0 
 2             237           6 
 3             237           0 
 4             237           0 
 1             238           4 
 2             238           0 
 3             238           0 
 4             238           0 
 1             239           0 
 2             239           0 
 3             239           0 
 4             239           5 
 1             240           0 
 2             240           4 
 3             240           0 
 4             240           0 
 1             241           0 
 2             241           0 
 3             241           0 
 4             241           4 
 1             242           4 
 2             242           0 
 3             242           0 
 4             242           0 
 1             243           0 
 2             243           3 
 3             243           0 
 4             243           0 
 1             244           0 
 2             244           0 
 3             244           4 
 4             244           0 
 1             245           0 
 2             245           0 
 3             245           0 
 4             245           5 
 1             246           0 
 2             246           0 
 3             246           0 
 4             246           4 
 1             247           4 
 2             247           0 
 3             247           0 
 4             247           0 
 1             248           0 
 2             248           0 
 3             248           0 
 4             248           5 
 1             249           4 
 2             249           0 
 3             249           0 
 4             249           0 
 1             250           0 
 2             250           0 
 3             250           2 
 4             250           0 
 1             251           0 
 2             251           4 
 3             251           0 
 4             251           0 
 1             252           0 
 2             252           0 
 3             252           0 
 4             252           4 
 1             253           0 
 2             253           0 
 3             253           0 
 4             253           4 
 1             254           0 
 2             254           0 
 3             254           4 
 4             254           0 
 1             255           0 
 2             255           2 
 3             255           0 
 4             255           0 
 1             256           0 
 2             256           0 
 3             256           0 
 4             256           4 
 1             257           0 
 2             257           0 
 3             257           0 
 4             257           6 
 1             258           0 
 2             258           0 
 3             258           0 
 4             258           4 
 1             259           0 
 2             259           0 
 3             259           5 
 4             259           0 
 1             260           0 
 2             260           0 
 3             260           0 
 4             260           6 
 1             261           3 
 2             261           0 
 3             261           0 
 4             261           0 
 1             262           0 
 2             262           0 
 3             262           5 
 4             262           0 
 1             263           5 
 2             263           0 
 3             263           0 
 4             263           0 
 1             264           0 
 2             264           3 
 3             264           0 
 4             264           0 
 1             265           0 
 2             265           4 
 3             265           0 
 4             265           0 
 1             266           0 
 2             266           0 
 3             266           3 
 4             266           0 
 1             267           0 
 2             267           8 
 3             267           0 
 4             267           0 
 1             268           0 
 2             268           3 
 3             268           0 
 4             268           0 
 1             269           0 
 2             269           0 
 3             269           0 
 4             269           5 
 1             270           0 
 2             270           0 
 3             270           0 
 4             270           2 
 1             271           3 
 2             271           0 
 3             271           0 
 4             271           0 
 1             272           0 
 2             272           2 
 3             272           0 
 4             272           0 
 1             273           6 
 2             273           0 
 3             273           0 
 4             273           0 
 1             274           3 
 2             274           0 
 3             274           0 
 4             274           0 
 1             275           0 
 2             275           0 
 3             275           4 
 4             275           0 
 1             276           0 
 2             276           0 
 3             276           5 
 4             276           0 
 1             277           0 
 2             277           0 
 3             277           3 
 4             277           0 
 1             278           0 
 2             278           0 
 3             278           2 
 4             278           0 
 1             279           0 
 2             279           0 
 3             279           6 
 4             279           0 
 1             280           0 
 2             280           0 
 3             280           5 
 4             280           0 
 1             281           0 
 2             281           7 
 3             281           0 
 4             281           0 
 1             282           0 
 2             282           4 
 3             282           0 
 4             282           0 
 1             283           0 
 2             283           0 
 3             283           6 
 4             283           0 
 1             284           0 
 2             284           0 
 3             284           0 
 4             284           6 
 1             285           0 
 2             285           0 
 3             285           3 
 4             285           0 
 1             286           0 
 2             286           0 
 3             286           0 
 4             286           5 
 1             287           4 
 2             287           0 
 3             287           0 
 4             287           0 
 1             288           0 
 2             288           0 
 3             288           0 
 4             288           3 
 1             289           2 
 2             289           0 
 3             289           0 
 4             289           0 
 1             290           0 
 2             290           0 
 3             290           0 
 4             290           2 
 1             291           0 
 2             291           0 
 3             291           0 
 4             291           2 
 1             292           0 
 2             292           0 
 3             292           4 
 4             292           0 
 1             293           0 
 2             293           0 
 3             293           3 
 4             293           0 
 1             294           0 
 2             294           5 
 3             294           0 
 4             294           0 
 1             295           0 
 2             295           0 
 3             295           6 
 4             295           0 
 1             296           0 
 2             296           5 
 3             296           0 
 4             296           0 
 1             297           0 
 2             297           0 
 3             297           0 
 4             297           2 
 1             298           0 
 2             298           0 
 3             298           5 
 4             298           0 
 1             299           0 
 2             299           0 
 3             299           0 
 4             299           4 
 1             300           0 
 2             300           4 
 3             300           0 
 4             300           0 
 1             301           0 
 2             301           0 
 3             301           0 
 4             301           5 
 1             302           0 
 2             302           0 
 3             302           0 
 4             302           0 
