 1             1             0 
 2             1             0 
 3             1             0 
 4             1             0 
 1             2             0 
 2             2             0 
 3             2             0 
 4             2             1 
 1             3             0 
 2             3             0 
 3             3             3 
 4             3             0 
 1             4             4 
 2             4             0 
 3             4             0 
 4             4             0 
 1             5             0 
 2             5             2 
 3             5             0 
 4             5             0 
 1             6             0 
 2             6             6 
 3             6             0 
 4             6             0 
 1             7             4 
 2             7             0 
 3             7             0 
 4             7             0 
 1             8             0 
 2             8             6 
 3             8             0 
 4             8             0 
 1             9             5 
 2             9             0 
 3             9             0 
 4             9             0 
 1             10            0 
 2             10            0 
 3             10            8 
 4             10            0 
 1             11            8 
 2             11            0 
 3             11            0 
 4             11            0 
 1             12            0 
 2             12            5 
 3             12            0 
 4             12            0 
 1             13            0 
 2             13            0 
 3             13            7 
 4             13            0 
 1             14            0 
 2             14            3 
 3             14            0 
 4             14            0 
 1             15            0 
 2             15            0 
 3             15            0 
 4             15            5 
 1             16            0 
 2             16            0 
 3             16            0 
 4             16            5 
 1             17            5 
 2             17            0 
 3             17            0 
 4             17            0 
 1             18            0 
 2             18            2 
 3             18            0 
 4             18            0 
 1             19            5 
 2             19            0 
 3             19            0 
 4             19            0 
 1             20            3 
 2             20            0 
 3             20            0 
 4             20            0 
 1             21            0 
 2             21            5 
 3             21            0 
 4             21            0 
 1             22            9 
 2             22            0 
 3             22            0 
 4             22            0 
 1             23            0 
 2             23            7 
 3             23            0 
 4             23            0 
 1             24            0 
 2             24            0 
 3             24            0 
 4             24            5 
 1             25            0 
 2             25            0 
 3             25            0 
 4             25            5 
 1             26            2 
 2             26            0 
 3             26            0 
 4             26            0 
 1             27            10 
 2             27            0 
 3             27            0 
 4             27            0 
 1             28            0 
 2             28            0 
 3             28            0 
 4             28            4 
 1             29            0 
 2             29            6 
 3             29            0 
 4             29            0 
 1             30            0 
 2             30            0 
 3             30            0 
 4             30            6 
 1             31            0 
 2             31            0 
 3             31            4 
 4             31            0 
 1             32            0 
 2             32            0 
 3             32            0 
 4             32            5 
 1             33            3 
 2             33            0 
 3             33            0 
 4             33            0 
 1             34            0 
 2             34            0 
 3             34            5 
 4             34            0 
 1             35            5 
 2             35            0 
 3             35            0 
 4             35            0 
 1             36            0 
 2             36            0 
 3             36            7 
 4             36            0 
 1             37            0 
 2             37            0 
 3             37            0 
 4             37            6 
 1             38            6 
 2             38            0 
 3             38            0 
 4             38            0 
 1             39            4 
 2             39            0 
 3             39            0 
 4             39            0 
 1             40            0 
 2             40            0 
 3             40            0 
 4             40            8 
 1             41            0 
 2             41            0 
 3             41            0 
 4             41            6 
 1             42            6 
 2             42            0 
 3             42            0 
 4             42            0 
 1             43            0 
 2             43            0 
 3             43            0 
 4             43            10 
 1             44            5 
 2             44            0 
 3             44            0 
 4             44            0 
 1             45            0 
 2             45            0 
 3             45            6 
 4             45            0 
 1             46            6 
 2             46            0 
 3             46            0 
 4             46            0 
 1             47            0 
 2             47            5 
 3             47            0 
 4             47            0 
 1             48            0 
 2             48            7 
 3             48            0 
 4             48            0 
 1             49            0 
 2             49            0 
 3             49            0 
 4             49            9 
 1             50            0 
 2             50            0 
 3             50            0 
 4             50            5 
 1             51            0 
 2             51            0 
 3             51            0 
 4             51            5 
 1             52            0 
 2             52            0 
 3             52            6 
 4             52            0 
 1             53            0 
 2             53            0 
 3             53            0 
 4             53            5 
 1             54            0 
 2             54            0 
 3             54            2 
 4             54            0 
 1             55            4 
 2             55            0 
 3             55            0 
 4             55            0 
 1             56            0 
 2             56            0 
 3             56            3 
 4             56            0 
 1             57            0 
 2             57            0 
 3             57            0 
 4             57            8 
 1             58            0 
 2             58            0 
 3             58            7 
 4             58            0 
 1             59            0 
 2             59            4 
 3             59            0 
 4             59            0 
 1             60            0 
 2             60            0 
 3             60            0 
 4             60            8 
 1             61            0 
 2             61            0 
 3             61            6 
 4             61            0 
 1             62            0 
 2             62            9 
 3             62            0 
 4             62            0 
 1             63            0 
 2             63            0 
 3             63            0 
 4             63            5 
 1             64            8 
 2             64            0 
 3             64            0 
 4             64            0 
 1             65            0 
 2             65            4 
 3             65            0 
 4             65            0 
 1             66            0 
 2             66            0 
 3             66            6 
 4             66            0 
 1             67            0 
 2             67            0 
 3             67            0 
 4             67            10 
 1             68            0 
 2             68            0 
 3             68            0 
 4             68            8 
 1             69            7 
 2             69            0 
 3             69            0 
 4             69            0 
 1             70            0 
 2             70            0 
 3             70            7 
 4             70            0 
 1             71            8 
 2             71            0 
 3             71            0 
 4             71            0 
 1             72            0 
 2             72            0 
 3             72            0 
 4             72            8 
 1             73            0 
 2             73            0 
 3             73            6 
 4             73            0 
 1             74            0 
 2             74            6 
 3             74            0 
 4             74            0 
 1             75            0 
 2             75            6 
 3             75            0 
 4             75            0 
 1             76            0 
 2             76            0 
 3             76            0 
 4             76            1 
 1             77            0 
 2             77            0 
 3             77            0 
 4             77            7 
 1             78            0 
 2             78            0 
 3             78            0 
 4             78            4 
 1             79            0 
 2             79            0 
 3             79            0 
 4             79            2 
 1             80            0 
 2             80            0 
 3             80            0 
 4             80            6 
 1             81            0 
 2             81            5 
 3             81            0 
 4             81            0 
 1             82            0 
 2             82            0 
 3             82            0 
 4             82            9 
 1             83            8 
 2             83            0 
 3             83            0 
 4             83            0 
 1             84            0 
 2             84            0 
 3             84            2 
 4             84            0 
 1             85            0 
 2             85            4 
 3             85            0 
 4             85            0 
 1             86            0 
 2             86            0 
 3             86            6 
 4             86            0 
 1             87            0 
 2             87            10 
 3             87            0 
 4             87            0 
 1             88            0 
 2             88            7 
 3             88            0 
 4             88            0 
 1             89            3 
 2             89            0 
 3             89            0 
 4             89            0 
 1             90            5 
 2             90            0 
 3             90            0 
 4             90            0 
 1             91            0 
 2             91            0 
 3             91            6 
 4             91            0 
 1             92            0 
 2             92            0 
 3             92            0 
 4             92            4 
 1             93            0 
 2             93            0 
 3             93            6 
 4             93            0 
 1             94            8 
 2             94            0 
 3             94            0 
 4             94            0 
 1             95            5 
 2             95            0 
 3             95            0 
 4             95            0 
 1             96            0 
 2             96            0 
 3             96            9 
 4             96            0 
 1             97            0 
 2             97            3 
 3             97            0 
 4             97            0 
 1             98            4 
 2             98            0 
 3             98            0 
 4             98            0 
 1             99            8 
 2             99            0 
 3             99            0 
 4             99            0 
 1             100           0 
 2             100           3 
 3             100           0 
 4             100           0 
 1             101           0 
 2             101           8 
 3             101           0 
 4             101           0 
 1             102           0 
 2             102           0 
 3             102           6 
 4             102           0 
 1             103           0 
 2             103           3 
 3             103           0 
 4             103           0 
 1             104           0 
 2             104           0 
 3             104           4 
 4             104           0 
 1             105           0 
 2             105           0 
 3             105           6 
 4             105           0 
 1             106           0 
 2             106           5 
 3             106           0 
 4             106           0 
 1             107           0 
 2             107           0 
 3             107           7 
 4             107           0 
 1             108           0 
 2             108           0 
 3             108           7 
 4             108           0 
 1             109           0 
 2             109           0 
 3             109           0 
 4             109           4 
 1             110           4 
 2             110           0 
 3             110           0 
 4             110           0 
 1             111           0 
 2             111           6 
 3             111           0 
 4             111           0 
 1             112           0 
 2             112           0 
 3             112           4 
 4             112           0 
 1             113           0 
 2             113           0 
 3             113           7 
 4             113           0 
 1             114           0 
 2             114           6 
 3             114           0 
 4             114           0 
 1             115           0 
 2             115           0 
 3             115           0 
 4             115           3 
 1             116           8 
 2             116           0 
 3             116           0 
 4             116           0 
 1             117           0 
 2             117           0 
 3             117           0 
 4             117           9 
 1             118           8 
 2             118           0 
 3             118           0 
 4             118           0 
 1             119           0 
 2             119           5 
 3             119           0 
 4             119           0 
 1             120           0 
 2             120           0 
 3             120           0 
 4             120           7 
 1             121           0 
 2             121           6 
 3             121           0 
 4             121           0 
 1             122           0 
 2             122           6 
 3             122           0 
 4             122           0 
 1             123           0 
 2             123           0 
 3             123           10 
 4             123           0 
 1             124           0 
 2             124           0 
 3             124           0 
 4             124           10 
 1             125           0 
 2             125           0 
 3             125           0 
 4             125           5 
 1             126           0 
 2             126           0 
 3             126           0 
 4             126           8 
 1             127           0 
 2             127           0 
 3             127           10 
 4             127           0 
 1             128           0 
 2             128           7 
 3             128           0 
 4             128           0 
 1             129           3 
 2             129           0 
 3             129           0 
 4             129           0 
 1             130           0 
 2             130           0 
 3             130           0 
 4             130           5 
 1             131           0 
 2             131           0 
 3             131           7 
 4             131           0 
 1             132           0 
 2             132           8 
 3             132           0 
 4             132           0 
 1             133           0 
 2             133           0 
 3             133           4 
 4             133           0 
 1             134           0 
 2             134           6 
 3             134           0 
 4             134           0 
 1             135           0 
 2             135           8 
 3             135           0 
 4             135           0 
 1             136           4 
 2             136           0 
 3             136           0 
 4             136           0 
 1             137           0 
 2             137           0 
 3             137           0 
 4             137           5 
 1             138           0 
 2             138           6 
 3             138           0 
 4             138           0 
 1             139           0 
 2             139           0 
 3             139           5 
 4             139           0 
 1             140           0 
 2             140           6 
 3             140           0 
 4             140           0 
 1             141           6 
 2             141           0 
 3             141           0 
 4             141           0 
 1             142           7 
 2             142           0 
 3             142           0 
 4             142           0 
 1             143           0 
 2             143           0 
 3             143           0 
 4             143           7 
 1             144           0 
 2             144           0 
 3             144           0 
 4             144           4 
 1             145           0 
 2             145           6 
 3             145           0 
 4             145           0 
 1             146           4 
 2             146           0 
 3             146           0 
 4             146           0 
 1             147           0 
 2             147           0 
 3             147           5 
 4             147           0 
 1             148           0 
 2             148           6 
 3             148           0 
 4             148           0 
 1             149           0 
 2             149           6 
 3             149           0 
 4             149           0 
 1             150           0 
 2             150           4 
 3             150           0 
 4             150           0 
 1             151           0 
 2             151           0 
 3             151           10 
 4             151           0 
 1             152           6 
 2             152           0 
 3             152           0 
 4             152           0 
 1             153           10 
 2             153           0 
 3             153           0 
 4             153           0 
 1             154           0 
 2             154           0 
 3             154           5 
 4             154           0 
 1             155           0 
 2             155           8 
 3             155           0 
 4             155           0 
 1             156           0 
 2             156           0 
 3             156           0 
 4             156           6 
 1             157           0 
 2             157           0 
 3             157           5 
 4             157           0 
 1             158           0 
 2             158           0 
 3             158           0 
 4             158           8 
 1             159           0 
 2             159           0 
 3             159           0 
 4             159           8 
 1             160           0 
 2             160           6 
 3             160           0 
 4             160           0 
 1             161           0 
 2             161           0 
 3             161           7 
 4             161           0 
 1             162           8 
 2             162           0 
 3             162           0 
 4             162           0 
 1             163           0 
 2             163           8 
 3             163           0 
 4             163           0 
 1             164           8 
 2             164           0 
 3             164           0 
 4             164           0 
 1             165           0 
 2             165           0 
 3             165           7 
 4             165           0 
 1             166           0 
 2             166           0 
 3             166           7 
 4             166           0 
 1             167           0 
 2             167           0 
 3             167           0 
 4             167           8 
 1             168           0 
 2             168           0 
 3             168           8 
 4             168           0 
 1             169           0 
 2             169           6 
 3             169           0 
 4             169           0 
 1             170           0 
 2             170           8 
 3             170           0 
 4             170           0 
 1             171           0 
 2             171           0 
 3             171           1 
 4             171           0 
 1             172           3 
 2             172           0 
 3             172           0 
 4             172           0 
 1             173           0 
 2             173           0 
 3             173           0 
 4             173           9 
 1             174           0 
 2             174           0 
 3             174           5 
 4             174           0 
 1             175           0 
 2             175           0 
 3             175           8 
 4             175           0 
 1             176           3 
 2             176           0 
 3             176           0 
 4             176           0 
 1             177           0 
 2             177           0 
 3             177           0 
 4             177           6 
 1             178           0 
 2             178           8 
 3             178           0 
 4             178           0 
 1             179           0 
 2             179           0 
 3             179           0 
 4             179           3 
 1             180           0 
 2             180           0 
 3             180           0 
 4             180           8 
 1             181           0 
 2             181           0 
 3             181           0 
 4             181           5 
 1             182           0 
 2             182           7 
 3             182           0 
 4             182           0 
 1             183           0 
 2             183           0 
 3             183           0 
 4             183           6 
 1             184           5 
 2             184           0 
 3             184           0 
 4             184           0 
 1             185           0 
 2             185           0 
 3             185           0 
 4             185           5 
 1             186           0 
 2             186           0 
 3             186           4 
 4             186           0 
 1             187           10 
 2             187           0 
 3             187           0 
 4             187           0 
 1             188           0 
 2             188           0 
 3             188           0 
 4             188           3 
 1             189           0 
 2             189           0 
 3             189           0 
 4             189           4 
 1             190           9 
 2             190           0 
 3             190           0 
 4             190           0 
 1             191           0 
 2             191           8 
 3             191           0 
 4             191           0 
 1             192           0 
 2             192           0 
 3             192           5 
 4             192           0 
 1             193           0 
 2             193           0 
 3             193           8 
 4             193           0 
 1             194           0 
 2             194           0 
 3             194           0 
 4             194           4 
 1             195           0 
 2             195           0 
 3             195           8 
 4             195           0 
 1             196           10 
 2             196           0 
 3             196           0 
 4             196           0 
 1             197           0 
 2             197           0 
 3             197           0 
 4             197           6 
 1             198           0 
 2             198           0 
 3             198           10 
 4             198           0 
 1             199           0 
 2             199           0 
 3             199           0 
 4             199           3 
 1             200           0 
 2             200           0 
 3             200           8 
 4             200           0 
 1             201           0 
 2             201           0 
 3             201           0 
 4             201           6 
 1             202           9 
 2             202           0 
 3             202           0 
 4             202           0 
 1             203           0 
 2             203           0 
 3             203           6 
 4             203           0 
 1             204           0 
 2             204           0 
 3             204           0 
 4             204           5 
 1             205           0 
 2             205           0 
 3             205           0 
 4             205           6 
 1             206           5 
 2             206           0 
 3             206           0 
 4             206           0 
 1             207           0 
 2             207           5 
 3             207           0 
 4             207           0 
 1             208           0 
 2             208           0 
 3             208           0 
 4             208           4 
 1             209           4 
 2             209           0 
 3             209           0 
 4             209           0 
 1             210           0 
 2             210           0 
 3             210           0 
 4             210           6 
 1             211           0 
 2             211           0 
 3             211           8 
 4             211           0 
 1             212           0 
 2             212           0 
 3             212           0 
 4             212           5 
 1             213           2 
 2             213           0 
 3             213           0 
 4             213           0 
 1             214           0 
 2             214           0 
 3             214           0 
 4             214           7 
 1             215           0 
 2             215           10 
 3             215           0 
 4             215           0 
 1             216           0 
 2             216           0 
 3             216           0 
 4             216           8 
 1             217           0 
 2             217           0 
 3             217           0 
 4             217           5 
 1             218           0 
 2             218           0 
 3             218           3 
 4             218           0 
 1             219           0 
 2             219           4 
 3             219           0 
 4             219           0 
 1             220           6 
 2             220           0 
 3             220           0 
 4             220           0 
 1             221           0 
 2             221           8 
 3             221           0 
 4             221           0 
 1             222           0 
 2             222           8 
 3             222           0 
 4             222           0 
 1             223           5 
 2             223           0 
 3             223           0 
 4             223           0 
 1             224           2 
 2             224           0 
 3             224           0 
 4             224           0 
 1             225           0 
 2             225           0 
 3             225           4 
 4             225           0 
 1             226           0 
 2             226           0 
 3             226           0 
 4             226           4 
 1             227           10 
 2             227           0 
 3             227           0 
 4             227           0 
 1             228           0 
 2             228           0 
 3             228           8 
 4             228           0 
 1             229           0 
 2             229           0 
 3             229           0 
 4             229           10 
 1             230           0 
 2             230           6 
 3             230           0 
 4             230           0 
 1             231           0 
 2             231           0 
 3             231           5 
 4             231           0 
 1             232           0 
 2             232           0 
 3             232           5 
 4             232           0 
 1             233           0 
 2             233           0 
 3             233           0 
 4             233           5 
 1             234           0 
 2             234           0 
 3             234           8 
 4             234           0 
 1             235           7 
 2             235           0 
 3             235           0 
 4             235           0 
 1             236           0 
 2             236           0 
 3             236           3 
 4             236           0 
 1             237           0 
 2             237           0 
 3             237           3 
 4             237           0 
 1             238           0 
 2             238           0 
 3             238           6 
 4             238           0 
 1             239           0 
 2             239           6 
 3             239           0 
 4             239           0 
 1             240           0 
 2             240           0 
 3             240           3 
 4             240           0 
 1             241           9 
 2             241           0 
 3             241           0 
 4             241           0 
 1             242           0 
 2             242           0 
 3             242           0 
 4             242           6 
 1             243           0 
 2             243           9 
 3             243           0 
 4             243           0 
 1             244           0 
 2             244           0 
 3             244           6 
 4             244           0 
 1             245           0 
 2             245           1 
 3             245           0 
 4             245           0 
 1             246           6 
 2             246           0 
 3             246           0 
 4             246           0 
 1             247           0 
 2             247           0 
 3             247           8 
 4             247           0 
 1             248           0 
 2             248           7 
 3             248           0 
 4             248           0 
 1             249           0 
 2             249           0 
 3             249           0 
 4             249           6 
 1             250           0 
 2             250           0 
 3             250           8 
 4             250           0 
 1             251           0 
 2             251           0 
 3             251           0 
 4             251           6 
 1             252           5 
 2             252           0 
 3             252           0 
 4             252           0 
 1             253           0 
 2             253           0 
 3             253           5 
 4             253           0 
 1             254           0 
 2             254           0 
 3             254           0 
 4             254           7 
 1             255           0 
 2             255           0 
 3             255           4 
 4             255           0 
 1             256           0 
 2             256           0 
 3             256           0 
 4             256           8 
 1             257           7 
 2             257           0 
 3             257           0 
 4             257           0 
 1             258           8 
 2             258           0 
 3             258           0 
 4             258           0 
 1             259           0 
 2             259           0 
 3             259           0 
 4             259           4 
 1             260           0 
 2             260           0 
 3             260           0 
 4             260           7 
 1             261           0 
 2             261           0 
 3             261           0 
 4             261           7 
 1             262           0 
 2             262           0 
 3             262           9 
 4             262           0 
 1             263           0 
 2             263           0 
 3             263           0 
 4             263           8 
 1             264           5 
 2             264           0 
 3             264           0 
 4             264           0 
 1             265           0 
 2             265           0 
 3             265           0 
 4             265           5 
 1             266           0 
 2             266           9 
 3             266           0 
 4             266           0 
 1             267           0 
 2             267           0 
 3             267           6 
 4             267           0 
 1             268           0 
 2             268           0 
 3             268           9 
 4             268           0 
 1             269           0 
 2             269           0 
 3             269           4 
 4             269           0 
 1             270           0 
 2             270           9 
 3             270           0 
 4             270           0 
 1             271           0 
 2             271           5 
 3             271           0 
 4             271           0 
 1             272           0 
 2             272           0 
 3             272           0 
 4             272           6 
 1             273           0 
 2             273           0 
 3             273           9 
 4             273           0 
 1             274           5 
 2             274           0 
 3             274           0 
 4             274           0 
 1             275           0 
 2             275           0 
 3             275           5 
 4             275           0 
 1             276           0 
 2             276           0 
 3             276           4 
 4             276           0 
 1             277           0 
 2             277           0 
 3             277           6 
 4             277           0 
 1             278           5 
 2             278           0 
 3             278           0 
 4             278           0 
 1             279           0 
 2             279           6 
 3             279           0 
 4             279           0 
 1             280           0 
 2             280           0 
 3             280           7 
 4             280           0 
 1             281           0 
 2             281           5 
 3             281           0 
 4             281           0 
 1             282           0 
 2             282           4 
 3             282           0 
 4             282           0 
 1             283           0 
 2             283           0 
 3             283           0 
 4             283           6 
 1             284           4 
 2             284           0 
 3             284           0 
 4             284           0 
 1             285           8 
 2             285           0 
 3             285           0 
 4             285           0 
 1             286           0 
 2             286           3 
 3             286           0 
 4             286           0 
 1             287           0 
 2             287           7 
 3             287           0 
 4             287           0 
 1             288           0 
 2             288           0 
 3             288           0 
 4             288           6 
 1             289           0 
 2             289           5 
 3             289           0 
 4             289           0 
 1             290           10 
 2             290           0 
 3             290           0 
 4             290           0 
 1             291           6 
 2             291           0 
 3             291           0 
 4             291           0 
 1             292           0 
 2             292           0 
 3             292           4 
 4             292           0 
 1             293           0 
 2             293           0 
 3             293           0 
 4             293           9 
 1             294           0 
 2             294           0 
 3             294           5 
 4             294           0 
 1             295           0 
 2             295           0 
 3             295           7 
 4             295           0 
 1             296           0 
 2             296           0 
 3             296           7 
 4             296           0 
 1             297           4 
 2             297           0 
 3             297           0 
 4             297           0 
 1             298           0 
 2             298           0 
 3             298           5 
 4             298           0 
 1             299           0 
 2             299           0 
 3             299           0 
 4             299           7 
 1             300           0 
 2             300           9 
 3             300           0 
 4             300           0 
 1             301           8 
 2             301           0 
 3             301           0 
 4             301           0 
 1             302           0 
 2             302           0 
 3             302           0 
 4             302           0 
