 1             1             0 
 2             1             0 
 3             1             0 
 4             1             0 
 1             2             1 
 2             2             0 
 3             2             1 
 4             2             4 
 1             3             2 
 2             3             1 
 3             3             0 
 4             3             4 
 1             4             4 
 2             4             5 
 3             4             0 
 4             4             3 
 1             5             3 
 2             5             5 
 3             5             5 
 4             5             0 
 1             6             0 
 2             6             4 
 3             6             2 
 4             6             1 
 1             7             5 
 2             7             0 
 3             7             3 
 4             7             5 
 1             8             1 
 2             8             0 
 3             8             8 
 4             8             3 
 1             9             4 
 2             9             0 
 3             9             7 
 4             9             4 
 1             10            0 
 2             10            5 
 3             10            5 
 4             10            3 
 1             11            3 
 2             11            4 
 3             11            4 
 4             11            0 
 1             12            0 
 2             12            3 
 3             12            6 
 4             12            5 
 1             13            0 
 2             13            5 
 3             13            3 
 4             13            3 
 1             14            4 
 2             14            2 
 3             14            4 
 4             14            0 
 1             15            3 
 2             15            0 
 3             15            5 
 4             15            4 
 1             16            4 
 2             16            4 
 3             16            0 
 4             16            3 
 1             17            0 
 2             17            7 
 3             17            5 
 4             17            5 
 1             18            3 
 2             18            0 
 3             18            4 
 4             18            4 
 1             19            4 
 2             19            5 
 3             19            0 
 4             19            3 
 1             20            5 
 2             20            2 
 3             20            0 
 4             20            2 
 1             21            0 
 2             21            1 
 3             21            2 
 4             21            3 
 1             22            5 
 2             22            0 
 3             22            4 
 4             22            7 
 1             23            0 
 2             23            4 
 3             23            2 
 4             23            4 
 1             24            2 
 2             24            0 
 3             24            6 
 4             24            2 
 1             25            0 
 2             25            5 
 3             25            5 
 4             25            2 
 1             26            0 
 2             26            7 
 3             26            9 
 4             26            3 
 1             27            8 
 2             27            6 
 3             27            7 
 4             27            0 
 1             28            4 
 2             28            0 
 3             28            3 
 4             28            1 
 1             29            8 
 2             29            0 
 3             29            3 
 4             29            2 
 1             30            0 
 2             30            5 
 3             30            4 
 4             30            6 
 1             31            0 
 2             31            5 
 3             31            4 
 4             31            4 
 1             32            6 
 2             32            3 
 3             32            0 
 4             32            6 
 1             33            4 
 2             33            4 
 3             33            0 
 4             33            3 
 1             34            1 
 2             34            0 
 3             34            3 
 4             34            6 
 1             35            0 
 2             35            3 
 3             35            5 
 4             35            5 
 1             36            4 
 2             36            5 
 3             36            5 
 4             36            0 
 1             37            2 
 2             37            0 
 3             37            5 
 4             37            3 
 1             38            2 
 2             38            3 
 3             38            3 
 4             38            0 
 1             39            2 
 2             39            6 
 3             39            0 
 4             39            3 
 1             40            3 
 2             40            0 
 3             40            3 
 4             40            5 
 1             41            6 
 2             41            0 
 3             41            3 
 4             41            6 
 1             42            4 
 2             42            4 
 3             42            6 
 4             42            0 
 1             43            3 
 2             43            0 
 3             43            2 
 4             43            2 
 1             44            0 
 2             44            3 
 3             44            4 
 4             44            1 
 1             45            5 
 2             45            4 
 3             45            5 
 4             45            0 
 1             46            3 
 2             46            6 
 3             46            3 
 4             46            0 
 1             47            0 
 2             47            3 
 3             47            6 
 4             47            2 
 1             48            0 
 2             48            4 
 3             48            5 
 4             48            2 
 1             49            6 
 2             49            6 
 3             49            7 
 4             49            0 
 1             50            5 
 2             50            4 
 3             50            0 
 4             50            5 
 1             51            4 
 2             51            4 
 3             51            0 
 4             51            4 
 1             52            6 
 2             52            3 
 3             52            0 
 4             52            6 
 1             53            5 
 2             53            4 
 3             53            6 
 4             53            0 
 1             54            8 
 2             54            1 
 3             54            0 
 4             54            3 
 1             55            6 
 2             55            0 
 3             55            6 
 4             55            6 
 1             56            0 
 2             56            6 
 3             56            4 
 4             56            5 
 1             57            0 
 2             57            3 
 3             57            5 
 4             57            3 
 1             58            2 
 2             58            0 
 3             58            1 
 4             58            6 
 1             59            7 
 2             59            5 
 3             59            5 
 4             59            0 
 1             60            0 
 2             60            2 
 3             60            2 
 4             60            6 
 1             61            5 
 2             61            0 
 3             61            3 
 4             61            5 
 1             62            6 
 2             62            2 
 3             62            0 
 4             62            4 
 1             63            2 
 2             63            0 
 3             63            2 
 4             63            1 
 1             64            0 
 2             64            6 
 3             64            3 
 4             64            4 
 1             65            4 
 2             65            0 
 3             65            4 
 4             65            4 
 1             66            2 
 2             66            0 
 3             66            1 
 4             66            6 
 1             67            0 
 2             67            3 
 3             67            4 
 4             67            4 
 1             68            3 
 2             68            3 
 3             68            0 
 4             68            1 
 1             69            5 
 2             69            0 
 3             69            3 
 4             69            3 
 1             70            0 
 2             70            4 
 3             70            3 
 4             70            3 
 1             71            0 
 2             71            4 
 3             71            6 
 4             71            5 
 1             72            4 
 2             72            3 
 3             72            0 
 4             72            3 
 1             73            5 
 2             73            5 
 3             73            0 
 4             73            3 
 1             74            0 
 2             74            6 
 3             74            5 
 4             74            1 
 1             75            5 
 2             75            7 
 3             75            0 
 4             75            2 
 1             76            7 
 2             76            5 
 3             76            0 
 4             76            1 
 1             77            3 
 2             77            4 
 3             77            2 
 4             77            0 
 1             78            0 
 2             78            3 
 3             78            3 
 4             78            3 
 1             79            0 
 2             79            5 
 3             79            3 
 4             79            4 
 1             80            2 
 2             80            1 
 3             80            0 
 4             80            2 
 1             81            0 
 2             81            3 
 3             81            3 
 4             81            4 
 1             82            2 
 2             82            5 
 3             82            0 
 4             82            3 
 1             83            1 
 2             83            2 
 3             83            0 
 4             83            5 
 1             84            8 
 2             84            0 
 3             84            3 
 4             84            5 
 1             85            0 
 2             85            4 
 3             85            4 
 4             85            5 
 1             86            0 
 2             86            1 
 3             86            2 
 4             86            2 
 1             87            4 
 2             87            0 
 3             87            4 
 4             87            3 
 1             88            2 
 2             88            0 
 3             88            6 
 4             88            6 
 1             89            0 
 2             89            2 
 3             89            4 
 4             89            4 
 1             90            4 
 2             90            2 
 3             90            0 
 4             90            2 
 1             91            6 
 2             91            5 
 3             91            3 
 4             91            0 
 1             92            6 
 2             92            4 
 3             92            0 
 4             92            4 
 1             93            0 
 2             93            4 
 3             93            4 
 4             93            3 
 1             94            2 
 2             94            5 
 3             94            0 
 4             94            5 
 1             95            2 
 2             95            0 
 3             95            2 
 4             95            2 
 1             96            0 
 2             96            4 
 3             96            4 
 4             96            6 
 1             97            4 
 2             97            0 
 3             97            2 
 4             97            1 
 1             98            3 
 2             98            3 
 3             98            0 
 4             98            6 
 1             99            0 
 2             99            4 
 3             99            5 
 4             99            2 
 1             100           6 
 2             100           0 
 3             100           3 
 4             100           2 
 1             101           4 
 2             101           8 
 3             101           5 
 4             101           0 
 1             102           1 
 2             102           0 
 3             102           4 
 4             102           6 
 1             103           3 
 2             103           0 
 3             103           4 
 4             103           7 
 1             104           3 
 2             104           5 
 3             104           0 
 4             104           2 
 1             105           3 
 2             105           4 
 3             105           2 
 4             105           0 
 1             106           3 
 2             106           2 
 3             106           3 
 4             106           0 
 1             107           0 
 2             107           4 
 3             107           3 
 4             107           5 
 1             108           2 
 2             108           2 
 3             108           5 
 4             108           0 
 1             109           0 
 2             109           3 
 3             109           5 
 4             109           8 
 1             110           3 
 2             110           5 
 3             110           5 
 4             110           0 
 1             111           0 
 2             111           5 
 3             111           4 
 4             111           7 
 1             112           7 
 2             112           1 
 3             112           0 
 4             112           6 
 1             113           3 
 2             113           5 
 3             113           5 
 4             113           0 
 1             114           5 
 2             114           5 
 3             114           6 
 4             114           0 
 1             115           4 
 2             115           8 
 3             115           0 
 4             115           5 
 1             116           0 
 2             116           7 
 3             116           3 
 4             116           4 
 1             117           5 
 2             117           3 
 3             117           6 
 4             117           0 
 1             118           0 
 2             118           3 
 3             118           7 
 4             118           3 
 1             119           1 
 2             119           6 
 3             119           4 
 4             119           0 
 1             120           0 
 2             120           3 
 3             120           4 
 4             120           2 
 1             121           4 
 2             121           0 
 3             121           5 
 4             121           3 
 1             122           1 
 2             122           6 
 3             122           0 
 4             122           4 
 1             123           7 
 2             123           6 
 3             123           0 
 4             123           4 
 1             124           7 
 2             124           0 
 3             124           4 
 4             124           2 
 1             125           2 
 2             125           0 
 3             125           9 
 4             125           3 
 1             126           0 
 2             126           3 
 3             126           3 
 4             126           5 
 1             127           3 
 2             127           2 
 3             127           4 
 4             127           0 
 1             128           0 
 2             128           2 
 3             128           2 
 4             128           5 
 1             129           4 
 2             129           3 
 3             129           0 
 4             129           2 
 1             130           6 
 2             130           4 
 3             130           5 
 4             130           0 
 1             131           5 
 2             131           0 
 3             131           6 
 4             131           3 
 1             132           1 
 2             132           4 
 3             132           0 
 4             132           6 
 1             133           0 
 2             133           3 
 3             133           2 
 4             133           3 
 1             134           1 
 2             134           4 
 3             134           0 
 4             134           5 
 1             135           0 
 2             135           6 
 3             135           2 
 4             135           6 
 1             136           3 
 2             136           2 
 3             136           0 
 4             136           6 
 1             137           5 
 2             137           2 
 3             137           0 
 4             137           6 
 1             138           4 
 2             138           0 
 3             138           7 
 4             138           7 
 1             139           3 
 2             139           0 
 3             139           3 
 4             139           3 
 1             140           6 
 2             140           3 
 3             140           5 
 4             140           0 
 1             141           0 
 2             141           6 
 3             141           2 
 4             141           4 
 1             142           0 
 2             142           4 
 3             142           4 
 4             142           6 
 1             143           4 
 2             143           4 
 3             143           0 
 4             143           3 
 1             144           3 
 2             144           0 
 3             144           3 
 4             144           8 
 1             145           0 
 2             145           9 
 3             145           4 
 4             145           6 
 1             146           4 
 2             146           2 
 3             146           8 
 4             146           0 
 1             147           2 
 2             147           4 
 3             147           0 
 4             147           5 
 1             148           5 
 2             148           0 
 3             148           6 
 4             148           4 
 1             149           0 
 2             149           4 
 3             149           2 
 4             149           4 
 1             150           2 
 2             150           3 
 3             150           3 
 4             150           0 
 1             151           5 
 2             151           0 
 3             151           3 
 4             151           3 
 1             152           0 
 2             152           1 
 3             152           3 
 4             152           5 
 1             153           4 
 2             153           0 
 3             153           1 
 4             153           3 
 1             154           2 
 2             154           3 
 3             154           4 
 4             154           0 
 1             155           5 
 2             155           0 
 3             155           3 
 4             155           4 
 1             156           6 
 2             156           0 
 3             156           3 
 4             156           1 
 1             157           4 
 2             157           0 
 3             157           4 
 4             157           5 
 1             158           3 
 2             158           3 
 3             158           0 
 4             158           3 
 1             159           0 
 2             159           7 
 3             159           5 
 4             159           3 
 1             160           3 
 2             160           5 
 3             160           2 
 4             160           0 
 1             161           3 
 2             161           5 
 3             161           0 
 4             161           3 
 1             162           5 
 2             162           0 
 3             162           4 
 4             162           3 
 1             163           4 
 2             163           1 
 3             163           0 
 4             163           2 
 1             164           4 
 2             164           5 
 3             164           3 
 4             164           0 
 1             165           0 
 2             165           2 
 3             165           4 
 4             165           1 
 1             166           0 
 2             166           5 
 3             166           5 
 4             166           5 
 1             167           5 
 2             167           0 
 3             167           5 
 4             167           5 
 1             168           8 
 2             168           0 
 3             168           8 
 4             168           5 
 1             169           0 
 2             169           4 
 3             169           2 
 4             169           3 
 1             170           3 
 2             170           7 
 3             170           5 
 4             170           0 
 1             171           6 
 2             171           4 
 3             171           3 
 4             171           0 
 1             172           5 
 2             172           2 
 3             172           6 
 4             172           0 
 1             173           5 
 2             173           4 
 3             173           2 
 4             173           0 
 1             174           0 
 2             174           3 
 3             174           4 
 4             174           7 
 1             175           3 
 2             175           0 
 3             175           3 
 4             175           4 
 1             176           2 
 2             176           4 
 3             176           5 
 4             176           0 
 1             177           8 
 2             177           4 
 3             177           4 
 4             177           0 
 1             178           6 
 2             178           3 
 3             178           2 
 4             178           0 
 1             179           4 
 2             179           4 
 3             179           0 
 4             179           2 
 1             180           5 
 2             180           4 
 3             180           1 
 4             180           0 
 1             181           4 
 2             181           2 
 3             181           4 
 4             181           0 
 1             182           3 
 2             182           0 
 3             182           5 
 4             182           5 
 1             183           3 
 2             183           5 
 3             183           5 
 4             183           0 
 1             184           2 
 2             184           0 
 3             184           5 
 4             184           6 
 1             185           3 
 2             185           2 
 3             185           0 
 4             185           4 
 1             186           2 
 2             186           2 
 3             186           0 
 4             186           4 
 1             187           3 
 2             187           5 
 3             187           0 
 4             187           5 
 1             188           8 
 2             188           6 
 3             188           2 
 4             188           0 
 1             189           0 
 2             189           3 
 3             189           3 
 4             189           9 
 1             190           7 
 2             190           1 
 3             190           0 
 4             190           2 
 1             191           6 
 2             191           7 
 3             191           5 
 4             191           0 
 1             192           0 
 2             192           4 
 3             192           5 
 4             192           5 
 1             193           2 
 2             193           0 
 3             193           2 
 4             193           5 
 1             194           8 
 2             194           5 
 3             194           0 
 4             194           4 
 1             195           5 
 2             195           6 
 3             195           0 
 4             195           5 
 1             196           5 
 2             196           7 
 3             196           0 
 4             196           5 
 1             197           5 
 2             197           3 
 3             197           0 
 4             197           4 
 1             198           3 
 2             198           8 
 3             198           0 
 4             198           3 
 1             199           6 
 2             199           4 
 3             199           4 
 4             199           0 
 1             200           5 
 2             200           3 
 3             200           0 
 4             200           2 
 1             201           0 
 2             201           3 
 3             201           5 
 4             201           4 
 1             202           0 
 2             202           3 
 3             202           6 
 4             202           3 
 1             203           5 
 2             203           7 
 3             203           3 
 4             203           0 
 1             204           0 
 2             204           3 
 3             204           4 
 4             204           3 
 1             205           4 
 2             205           3 
 3             205           0 
 4             205           2 
 1             206           1 
 2             206           0 
 3             206           4 
 4             206           1 
 1             207           2 
 2             207           0 
 3             207           5 
 4             207           3 
 1             208           5 
 2             208           3 
 3             208           0 
 4             208           3 
 1             209           4 
 2             209           2 
 3             209           8 
 4             209           0 
 1             210           0 
 2             210           2 
 3             210           3 
 4             210           7 
 1             211           0 
 2             211           3 
 3             211           6 
 4             211           5 
 1             212           2 
 2             212           0 
 3             212           3 
 4             212           5 
 1             213           0 
 2             213           2 
 3             213           5 
 4             213           7 
 1             214           8 
 2             214           1 
 3             214           0 
 4             214           3 
 1             215           0 
 2             215           5 
 3             215           7 
 4             215           3 
 1             216           3 
 2             216           3 
 3             216           0 
 4             216           5 
 1             217           8 
 2             217           5 
 3             217           0 
 4             217           3 
 1             218           2 
 2             218           5 
 3             218           6 
 4             218           0 
 1             219           5 
 2             219           3 
 3             219           0 
 4             219           3 
 1             220           0 
 2             220           5 
 3             220           2 
 4             220           4 
 1             221           3 
 2             221           3 
 3             221           1 
 4             221           0 
 1             222           8 
 2             222           2 
 3             222           0 
 4             222           8 
 1             223           4 
 2             223           1 
 3             223           0 
 4             223           4 
 1             224           0 
 2             224           1 
 3             224           3 
 4             224           4 
 1             225           0 
 2             225           4 
 3             225           5 
 4             225           2 
 1             226           0 
 2             226           3 
 3             226           6 
 4             226           4 
 1             227           3 
 2             227           0 
 3             227           4 
 4             227           4 
 1             228           4 
 2             228           9 
 3             228           3 
 4             228           0 
 1             229           4 
 2             229           6 
 3             229           0 
 4             229           4 
 1             230           0 
 2             230           3 
 3             230           5 
 4             230           1 
 1             231           0 
 2             231           1 
 3             231           2 
 4             231           7 
 1             232           3 
 2             232           0 
 3             232           3 
 4             232           6 
 1             233           0 
 2             233           3 
 3             233           2 
 4             233           2 
 1             234           3 
 2             234           4 
 3             234           0 
 4             234           5 
 1             235           2 
 2             235           3 
 3             235           2 
 4             235           0 
 1             236           5 
 2             236           6 
 3             236           3 
 4             236           0 
 1             237           0 
 2             237           5 
 3             237           7 
 4             237           4 
 1             238           3 
 2             238           4 
 3             238           0 
 4             238           3 
 1             239           2 
 2             239           5 
 3             239           5 
 4             239           0 
 1             240           4 
 2             240           0 
 3             240           8 
 4             240           3 
 1             241           4 
 2             241           0 
 3             241           2 
 4             241           6 
 1             242           0 
 2             242           6 
 3             242           4 
 4             242           2 
 1             243           3 
 2             243           5 
 3             243           2 
 4             243           0 
 1             244           3 
 2             244           4 
 3             244           2 
 4             244           0 
 1             245           0 
 2             245           3 
 3             245           5 
 4             245           5 
 1             246           4 
 2             246           6 
 3             246           0 
 4             246           4 
 1             247           3 
 2             247           3 
 3             247           0 
 4             247           10 
 1             248           3 
 2             248           2 
 3             248           3 
 4             248           0 
 1             249           3 
 2             249           0 
 3             249           2 
 4             249           4 
 1             250           6 
 2             250           3 
 3             250           6 
 4             250           0 
 1             251           3 
 2             251           0 
 3             251           2 
 4             251           3 
 1             252           5 
 2             252           5 
 3             252           0 
 4             252           7 
 1             253           3 
 2             253           0 
 3             253           3 
 4             253           7 
 1             254           6 
 2             254           4 
 3             254           0 
 4             254           5 
 1             255           3 
 2             255           1 
 3             255           3 
 4             255           0 
 1             256           5 
 2             256           6 
 3             256           3 
 4             256           0 
 1             257           0 
 2             257           4 
 3             257           6 
 4             257           5 
 1             258           0 
 2             258           4 
 3             258           3 
 4             258           5 
 1             259           4 
 2             259           4 
 3             259           0 
 4             259           3 
 1             260           5 
 2             260           0 
 3             260           2 
 4             260           3 
 1             261           3 
 2             261           4 
 3             261           0 
 4             261           7 
 1             262           4 
 2             262           3 
 3             262           4 
 4             262           0 
 1             263           3 
 2             263           0 
 3             263           3 
 4             263           5 
 1             264           3 
 2             264           0 
 3             264           2 
 4             264           3 
 1             265           3 
 2             265           5 
 3             265           0 
 4             265           6 
 1             266           6 
 2             266           0 
 3             266           4 
 4             266           3 
 1             267           3 
 2             267           2 
 3             267           0 
 4             267           5 
 1             268           4 
 2             268           0 
 3             268           2 
 4             268           3 
 1             269           0 
 2             269           4 
 3             269           4 
 4             269           1 
 1             270           3 
 2             270           5 
 3             270           3 
 4             270           0 
 1             271           3 
 2             271           0 
 3             271           6 
 4             271           6 
 1             272           0 
 2             272           5 
 3             272           5 
 4             272           5 
 1             273           5 
 2             273           7 
 3             273           5 
 4             273           0 
 1             274           3 
 2             274           3 
 3             274           5 
 4             274           0 
 1             275           0 
 2             275           5 
 3             275           3 
 4             275           6 
 1             276           7 
 2             276           8 
 3             276           0 
 4             276           4 
 1             277           0 
 2             277           3 
 3             277           3 
 4             277           7 
 1             278           1 
 2             278           4 
 3             278           5 
 4             278           0 
 1             279           5 
 2             279           4 
 3             279           0 
 4             279           2 
 1             280           4 
 2             280           4 
 3             280           6 
 4             280           0 
 1             281           3 
 2             281           8 
 3             281           0 
 4             281           2 
 1             282           3 
 2             282           4 
 3             282           5 
 4             282           0 
 1             283           6 
 2             283           4 
 3             283           4 
 4             283           0 
 1             284           2 
 2             284           3 
 3             284           4 
 4             284           0 
 1             285           6 
 2             285           6 
 3             285           0 
 4             285           1 
 1             286           4 
 2             286           8 
 3             286           0 
 4             286           3 
 1             287           2 
 2             287           2 
 3             287           6 
 4             287           0 
 1             288           4 
 2             288           0 
 3             288           4 
 4             288           4 
 1             289           0 
 2             289           4 
 3             289           5 
 4             289           5 
 1             290           6 
 2             290           0 
 3             290           4 
 4             290           5 
 1             291           4 
 2             291           2 
 3             291           0 
 4             291           3 
 1             292           3 
 2             292           0 
 3             292           2 
 4             292           4 
 1             293           0 
 2             293           5 
 3             293           5 
 4             293           3 
 1             294           3 
 2             294           4 
 3             294           0 
 4             294           3 
 1             295           0 
 2             295           4 
 3             295           5 
 4             295           6 
 1             296           3 
 2             296           6 
 3             296           0 
 4             296           4 
 1             297           6 
 2             297           0 
 3             297           4 
 4             297           4 
 1             298           3 
 2             298           4 
 3             298           0 
 4             298           2 
 1             299           3 
 2             299           4 
 3             299           1 
 4             299           0 
 1             300           5 
 2             300           0 
 3             300           2 
 4             300           4 
 1             301           7 
 2             301           3 
 3             301           5 
 4             301           0 
 1             302           0 
 2             302           0 
 3             302           0 
 4             302           0 
