 1             1             0 
 2             1             0 
 3             1             0 
 4             1             0 
 1             2             1 
 2             2             1 
 3             2             2 
 4             2             0 
 1             3             0 
 2             3             2 
 3             3             4 
 4             3             3 
 1             4             0 
 2             4             3 
 3             4             4 
 4             4             5 
 1             5             4 
 2             5             0 
 3             5             4 
 4             5             10 
 1             6             3 
 2             6             3 
 3             6             0 
 4             6             5 
 1             7             3 
 2             7             0 
 3             7             7 
 4             7             2 
 1             8             0 
 2             8             2 
 3             8             6 
 4             8             7 
 1             9             2 
 2             9             0 
 3             9             5 
 4             9             2 
 1             10            3 
 2             10            5 
 3             10            0 
 4             10            4 
 1             11            6 
 2             11            3 
 3             11            3 
 4             11            0 
 1             12            1 
 2             12            1 
 3             12            0 
 4             12            4 
 1             13            2 
 2             13            4 
 3             13            0 
 4             13            1 
 1             14            1 
 2             14            0 
 3             14            3 
 4             14            5 
 1             15            0 
 2             15            3 
 3             15            6 
 4             15            4 
 1             16            4 
 2             16            3 
 3             16            3 
 4             16            0 
 1             17            6 
 2             17            0 
 3             17            7 
 4             17            6 
 1             18            5 
 2             18            2 
 3             18            0 
 4             18            5 
 1             19            2 
 2             19            4 
 3             19            3 
 4             19            0 
 1             20            3 
 2             20            0 
 3             20            4 
 4             20            3 
 1             21            4 
 2             21            0 
 3             21            6 
 4             21            2 
 1             22            6 
 2             22            0 
 3             22            1 
 4             22            3 
 1             23            6 
 2             23            0 
 3             23            10 
 4             23            3 
 1             24            3 
 2             24            1 
 3             24            0 
 4             24            5 
 1             25            3 
 2             25            6 
 3             25            7 
 4             25            0 
 1             26            2 
 2             26            4 
 3             26            8 
 4             26            0 
 1             27            4 
 2             27            4 
 3             27            8 
 4             27            0 
 1             28            0 
 2             28            7 
 3             28            8 
 4             28            3 
 1             29            5 
 2             29            3 
 3             29            2 
 4             29            0 
 1             30            5 
 2             30            7 
 3             30            0 
 4             30            4 
 1             31            0 
 2             31            4 
 3             31            6 
 4             31            8 
 1             32            5 
 2             32            2 
 3             32            0 
 4             32            6 
 1             33            0 
 2             33            4 
 3             33            4 
 4             33            5 
 1             34            3 
 2             34            5 
 3             34            3 
 4             34            0 
 1             35            4 
 2             35            4 
 3             35            0 
 4             35            2 
 1             36            4 
 2             36            3 
 3             36            3 
 4             36            0 
 1             37            0 
 2             37            1 
 3             37            4 
 4             37            2 
 1             38            3 
 2             38            3 
 3             38            4 
 4             38            0 
 1             39            0 
 2             39            3 
 3             39            7 
 4             39            3 
 1             40            2 
 2             40            2 
 3             40            6 
 4             40            0 
 1             41            2 
 2             41            6 
 3             41            0 
 4             41            2 
 1             42            1 
 2             42            0 
 3             42            7 
 4             42            5 
 1             43            3 
 2             43            0 
 3             43            4 
 4             43            4 
 1             44            0 
 2             44            4 
 3             44            5 
 4             44            2 
 1             45            0 
 2             45            4 
 3             45            5 
 4             45            8 
 1             46            5 
 2             46            0 
 3             46            1 
 4             46            4 
 1             47            4 
 2             47            3 
 3             47            0 
 4             47            2 
 1             48            0 
 2             48            4 
 3             48            3 
 4             48            4 
 1             49            4 
 2             49            0 
 3             49            4 
 4             49            3 
 1             50            2 
 2             50            5 
 3             50            4 
 4             50            0 
 1             51            4 
 2             51            3 
 3             51            6 
 4             51            0 
 1             52            7 
 2             52            4 
 3             52            8 
 4             52            0 
 1             53            4 
 2             53            4 
 3             53            5 
 4             53            0 
 1             54            3 
 2             54            3 
 3             54            0 
 4             54            6 
 1             55            4 
 2             55            4 
 3             55            0 
 4             55            7 
 1             56            6 
 2             56            3 
 3             56            0 
 4             56            5 
 1             57            3 
 2             57            2 
 3             57            0 
 4             57            3 
 1             58            7 
 2             58            0 
 3             58            1 
 4             58            3 
 1             59            6 
 2             59            3 
 3             59            0 
 4             59            5 
 1             60            5 
 2             60            0 
 3             60            3 
 4             60            1 
 1             61            4 
 2             61            5 
 3             61            0 
 4             61            3 
 1             62            4 
 2             62            6 
 3             62            0 
 4             62            2 
 1             63            3 
 2             63            3 
 3             63            8 
 4             63            0 
 1             64            3 
 2             64            2 
 3             64            0 
 4             64            3 
 1             65            8 
 2             65            0 
 3             65            8 
 4             65            8 
 1             66            0 
 2             66            5 
 3             66            6 
 4             66            3 
 1             67            7 
 2             67            3 
 3             67            0 
 4             67            6 
 1             68            0 
 2             68            8 
 3             68            4 
 4             68            6 
 1             69            2 
 2             69            2 
 3             69            9 
 4             69            0 
 1             70            0 
 2             70            1 
 3             70            6 
 4             70            2 
 1             71            3 
 2             71            0 
 3             71            4 
 4             71            3 
 1             72            4 
 2             72            5 
 3             72            3 
 4             72            0 
 1             73            6 
 2             73            4 
 3             73            0 
 4             73            3 
 1             74            7 
 2             74            0 
 3             74            5 
 4             74            6 
 1             75            2 
 2             75            0 
 3             75            4 
 4             75            5 
 1             76            0 
 2             76            4 
 3             76            2 
 4             76            5 
 1             77            0 
 2             77            3 
 3             77            3 
 4             77            5 
 1             78            0 
 2             78            3 
 3             78            3 
 4             78            2 
 1             79            0 
 2             79            4 
 3             79            5 
 4             79            1 
 1             80            4 
 2             80            3 
 3             80            0 
 4             80            6 
 1             81            6 
 2             81            0 
 3             81            4 
 4             81            8 
 1             82            4 
 2             82            0 
 3             82            4 
 4             82            4 
 1             83            1 
 2             83            5 
 3             83            3 
 4             83            0 
 1             84            7 
 2             84            0 
 3             84            3 
 4             84            3 
 1             85            4 
 2             85            4 
 3             85            0 
 4             85            5 
 1             86            2 
 2             86            4 
 3             86            0 
 4             86            4 
 1             87            3 
 2             87            2 
 3             87            2 
 4             87            0 
 1             88            0 
 2             88            2 
 3             88            6 
 4             88            6 
 1             89            4 
 2             89            3 
 3             89            0 
 4             89            3 
 1             90            5 
 2             90            9 
 3             90            0 
 4             90            3 
 1             91            3 
 2             91            4 
 3             91            3 
 4             91            0 
 1             92            6 
 2             92            3 
 3             92            0 
 4             92            6 
 1             93            6 
 2             93            0 
 3             93            6 
 4             93            1 
 1             94            4 
 2             94            2 
 3             94            3 
 4             94            0 
 1             95            5 
 2             95            4 
 3             95            0 
 4             95            3 
 1             96            5 
 2             96            5 
 3             96            0 
 4             96            3 
 1             97            8 
 2             97            4 
 3             97            0 
 4             97            3 
 1             98            5 
 2             98            5 
 3             98            0 
 4             98            4 
 1             99            0 
 2             99            3 
 3             99            3 
 4             99            1 
 1             100           0 
 2             100           3 
 3             100           5 
 4             100           5 
 1             101           0 
 2             101           2 
 3             101           3 
 4             101           7 
 1             102           3 
 2             102           0 
 3             102           5 
 4             102           2 
 1             103           5 
 2             103           3 
 3             103           0 
 4             103           3 
 1             104           0 
 2             104           6 
 3             104           2 
 4             104           5 
 1             105           2 
 2             105           5 
 3             105           6 
 4             105           0 
 1             106           6 
 2             106           3 
 3             106           0 
 4             106           5 
 1             107           4 
 2             107           7 
 3             107           0 
 4             107           4 
 1             108           5 
 2             108           4 
 3             108           0 
 4             108           5 
 1             109           3 
 2             109           3 
 3             109           0 
 4             109           2 
 1             110           0 
 2             110           9 
 3             110           3 
 4             110           1 
 1             111           3 
 2             111           4 
 3             111           6 
 4             111           0 
 1             112           0 
 2             112           4 
 3             112           2 
 4             112           5 
 1             113           2 
 2             113           4 
 3             113           0 
 4             113           2 
 1             114           4 
 2             114           0 
 3             114           3 
 4             114           6 
 1             115           3 
 2             115           10 
 3             115           0 
 4             115           3 
 1             116           4 
 2             116           6 
 3             116           6 
 4             116           0 
 1             117           6 
 2             117           2 
 3             117           2 
 4             117           0 
 1             118           3 
 2             118           6 
 3             118           0 
 4             118           3 
 1             119           0 
 2             119           5 
 3             119           5 
 4             119           2 
 1             120           3 
 2             120           0 
 3             120           2 
 4             120           4 
 1             121           4 
 2             121           0 
 3             121           2 
 4             121           3 
 1             122           0 
 2             122           1 
 3             122           2 
 4             122           5 
 1             123           2 
 2             123           3 
 3             123           0 
 4             123           7 
 1             124           0 
 2             124           6 
 3             124           4 
 4             124           8 
 1             125           9 
 2             125           0 
 3             125           1 
 4             125           3 
 1             126           4 
 2             126           0 
 3             126           1 
 4             126           4 
 1             127           3 
 2             127           6 
 3             127           4 
 4             127           0 
 1             128           6 
 2             128           7 
 3             128           6 
 4             128           0 
 1             129           0 
 2             129           5 
 3             129           3 
 4             129           5 
 1             130           3 
 2             130           0 
 3             130           3 
 4             130           4 
 1             131           2 
 2             131           0 
 3             131           4 
 4             131           2 
 1             132           3 
 2             132           0 
 3             132           2 
 4             132           3 
 1             133           3 
 2             133           2 
 3             133           3 
 4             133           0 
 1             134           0 
 2             134           6 
 3             134           6 
 4             134           2 
 1             135           7 
 2             135           4 
 3             135           3 
 4             135           0 
 1             136           4 
 2             136           4 
 3             136           4 
 4             136           0 
 1             137           2 
 2             137           5 
 3             137           0 
 4             137           5 
 1             138           5 
 2             138           0 
 3             138           4 
 4             138           3 
 1             139           6 
 2             139           0 
 3             139           4 
 4             139           2 
 1             140           1 
 2             140           0 
 3             140           5 
 4             140           4 
 1             141           0 
 2             141           3 
 3             141           3 
 4             141           5 
 1             142           7 
 2             142           0 
 3             142           3 
 4             142           2 
 1             143           0 
 2             143           3 
 3             143           5 
 4             143           4 
 1             144           0 
 2             144           4 
 3             144           3 
 4             144           4 
 1             145           5 
 2             145           0 
 3             145           5 
 4             145           2 
 1             146           0 
 2             146           2 
 3             146           5 
 4             146           4 
 1             147           2 
 2             147           7 
 3             147           0 
 4             147           3 
 1             148           6 
 2             148           0 
 3             148           5 
 4             148           4 
 1             149           5 
 2             149           3 
 3             149           4 
 4             149           0 
 1             150           6 
 2             150           0 
 3             150           4 
 4             150           7 
 1             151           4 
 2             151           3 
 3             151           0 
 4             151           2 
 1             152           7 
 2             152           4 
 3             152           0 
 4             152           3 
 1             153           5 
 2             153           4 
 3             153           0 
 4             153           3 
 1             154           5 
 2             154           6 
 3             154           0 
 4             154           2 
 1             155           4 
 2             155           6 
 3             155           6 
 4             155           0 
 1             156           5 
 2             156           3 
 3             156           0 
 4             156           3 
 1             157           3 
 2             157           0 
 3             157           5 
 4             157           5 
 1             158           0 
 2             158           10 
 3             158           1 
 4             158           5 
 1             159           0 
 2             159           6 
 3             159           3 
 4             159           2 
 1             160           0 
 2             160           4 
 3             160           3 
 4             160           3 
 1             161           4 
 2             161           4 
 3             161           0 
 4             161           5 
 1             162           3 
 2             162           0 
 3             162           4 
 4             162           6 
 1             163           0 
 2             163           1 
 3             163           5 
 4             163           7 
 1             164           4 
 2             164           3 
 3             164           0 
 4             164           3 
 1             165           4 
 2             165           2 
 3             165           6 
 4             165           0 
 1             166           6 
 2             166           6 
 3             166           5 
 4             166           0 
 1             167           5 
 2             167           0 
 3             167           3 
 4             167           6 
 1             168           4 
 2             168           2 
 3             168           5 
 4             168           0 
 1             169           5 
 2             169           7 
 3             169           0 
 4             169           7 
 1             170           5 
 2             170           0 
 3             170           5 
 4             170           3 
 1             171           0 
 2             171           2 
 3             171           6 
 4             171           5 
 1             172           3 
 2             172           0 
 3             172           2 
 4             172           5 
 1             173           5 
 2             173           5 
 3             173           0 
 4             173           5 
 1             174           7 
 2             174           0 
 3             174           2 
 4             174           6 
 1             175           7 
 2             175           0 
 3             175           2 
 4             175           4 
 1             176           6 
 2             176           0 
 3             176           5 
 4             176           1 
 1             177           8 
 2             177           1 
 3             177           0 
 4             177           2 
 1             178           4 
 2             178           4 
 3             178           2 
 4             178           0 
 1             179           3 
 2             179           5 
 3             179           0 
 4             179           7 
 1             180           4 
 2             180           3 
 3             180           5 
 4             180           0 
 1             181           3 
 2             181           3 
 3             181           3 
 4             181           0 
 1             182           2 
 2             182           4 
 3             182           0 
 4             182           6 
 1             183           2 
 2             183           0 
 3             183           4 
 4             183           4 
 1             184           3 
 2             184           3 
 3             184           6 
 4             184           0 
 1             185           0 
 2             185           6 
 3             185           4 
 4             185           5 
 1             186           5 
 2             186           5 
 3             186           2 
 4             186           0 
 1             187           2 
 2             187           0 
 3             187           4 
 4             187           6 
 1             188           1 
 2             188           5 
 3             188           4 
 4             188           0 
 1             189           3 
 2             189           6 
 3             189           0 
 4             189           3 
 1             190           3 
 2             190           6 
 3             190           1 
 4             190           0 
 1             191           3 
 2             191           0 
 3             191           2 
 4             191           5 
 1             192           4 
 2             192           0 
 3             192           5 
 4             192           3 
 1             193           0 
 2             193           4 
 3             193           6 
 4             193           4 
 1             194           5 
 2             194           3 
 3             194           3 
 4             194           0 
 1             195           0 
 2             195           4 
 3             195           5 
 4             195           6 
 1             196           3 
 2             196           4 
 3             196           2 
 4             196           0 
 1             197           0 
 2             197           7 
 3             197           3 
 4             197           4 
 1             198           5 
 2             198           2 
 3             198           0 
 4             198           3 
 1             199           2 
 2             199           3 
 3             199           0 
 4             199           6 
 1             200           0 
 2             200           1 
 3             200           8 
 4             200           5 
 1             201           2 
 2             201           0 
 3             201           3 
 4             201           2 
 1             202           0 
 2             202           4 
 3             202           3 
 4             202           7 
 1             203           5 
 2             203           3 
 3             203           9 
 4             203           0 
 1             204           4 
 2             204           4 
 3             204           0 
 4             204           2 
 1             205           3 
 2             205           4 
 3             205           0 
 4             205           1 
 1             206           3 
 2             206           2 
 3             206           2 
 4             206           0 
 1             207           4 
 2             207           2 
 3             207           4 
 4             207           0 
 1             208           5 
 2             208           0 
 3             208           2 
 4             208           8 
 1             209           0 
 2             209           7 
 3             209           3 
 4             209           3 
 1             210           2 
 2             210           0 
 3             210           3 
 4             210           3 
 1             211           3 
 2             211           4 
 3             211           0 
 4             211           6 
 1             212           3 
 2             212           0 
 3             212           4 
 4             212           5 
 1             213           9 
 2             213           1 
 3             213           0 
 4             213           3 
 1             214           4 
 2             214           3 
 3             214           0 
 4             214           3 
 1             215           5 
 2             215           0 
 3             215           3 
 4             215           10 
 1             216           4 
 2             216           6 
 3             216           4 
 4             216           0 
 1             217           4 
 2             217           4 
 3             217           0 
 4             217           5 
 1             218           4 
 2             218           6 
 3             218           6 
 4             218           0 
 1             219           3 
 2             219           5 
 3             219           3 
 4             219           0 
 1             220           4 
 2             220           0 
 3             220           8 
 4             220           3 
 1             221           6 
 2             221           7 
 3             221           0 
 4             221           2 
 1             222           3 
 2             222           7 
 3             222           0 
 4             222           4 
 1             223           7 
 2             223           0 
 3             223           3 
 4             223           2 
 1             224           7 
 2             224           3 
 3             224           4 
 4             224           0 
 1             225           0 
 2             225           5 
 3             225           2 
 4             225           3 
 1             226           1 
 2             226           2 
 3             226           4 
 4             226           0 
 1             227           3 
 2             227           3 
 3             227           1 
 4             227           0 
 1             228           3 
 2             228           3 
 3             228           0 
 4             228           3 
 1             229           0 
 2             229           5 
 3             229           4 
 4             229           2 
 1             230           1 
 2             230           4 
 3             230           2 
 4             230           0 
 1             231           0 
 2             231           5 
 3             231           3 
 4             231           4 
 1             232           4 
 2             232           5 
 3             232           5 
 4             232           0 
 1             233           3 
 2             233           2 
 3             233           6 
 4             233           0 
 1             234           0 
 2             234           4 
 3             234           6 
 4             234           6 
 1             235           7 
 2             235           4 
 3             235           0 
 4             235           2 
 1             236           5 
 2             236           0 
 3             236           3 
 4             236           3 
 1             237           4 
 2             237           0 
 3             237           4 
 4             237           4 
 1             238           6 
 2             238           0 
 3             238           6 
 4             238           6 
 1             239           0 
 2             239           2 
 3             239           9 
 4             239           7 
 1             240           1 
 2             240           0 
 3             240           4 
 4             240           4 
 1             241           2 
 2             241           7 
 3             241           1 
 4             241           0 
 1             242           6 
 2             242           5 
 3             242           0 
 4             242           1 
 1             243           4 
 2             243           3 
 3             243           0 
 4             243           5 
 1             244           3 
 2             244           3 
 3             244           1 
 4             244           0 
 1             245           0 
 2             245           4 
 3             245           2 
 4             245           2 
 1             246           4 
 2             246           0 
 3             246           5 
 4             246           1 
 1             247           3 
 2             247           3 
 3             247           0 
 4             247           6 
 1             248           1 
 2             248           7 
 3             248           6 
 4             248           0 
 1             249           5 
 2             249           4 
 3             249           3 
 4             249           0 
 1             250           2 
 2             250           6 
 3             250           0 
 4             250           4 
 1             251           0 
 2             251           5 
 3             251           3 
 4             251           3 
 1             252           6 
 2             252           0 
 3             252           3 
 4             252           3 
 1             253           4 
 2             253           5 
 3             253           2 
 4             253           0 
 1             254           0 
 2             254           6 
 3             254           4 
 4             254           4 
 1             255           0 
 2             255           3 
 3             255           4 
 4             255           8 
 1             256           6 
 2             256           0 
 3             256           4 
 4             256           5 
 1             257           5 
 2             257           2 
 3             257           0 
 4             257           3 
 1             258           4 
 2             258           2 
 3             258           3 
 4             258           0 
 1             259           2 
 2             259           0 
 3             259           1 
 4             259           6 
 1             260           2 
 2             260           6 
 3             260           0 
 4             260           2 
 1             261           5 
 2             261           3 
 3             261           1 
 4             261           0 
 1             262           7 
 2             262           0 
 3             262           4 
 4             262           3 
 1             263           3 
 2             263           3 
 3             263           4 
 4             263           0 
 1             264           2 
 2             264           3 
 3             264           4 
 4             264           0 
 1             265           1 
 2             265           0 
 3             265           4 
 4             265           1 
 1             266           1 
 2             266           5 
 3             266           0 
 4             266           5 
 1             267           0 
 2             267           3 
 3             267           3 
 4             267           2 
 1             268           3 
 2             268           0 
 3             268           2 
 4             268           8 
 1             269           3 
 2             269           1 
 3             269           0 
 4             269           2 
 1             270           3 
 2             270           1 
 3             270           5 
 4             270           0 
 1             271           2 
 2             271           6 
 3             271           5 
 4             271           0 
 1             272           0 
 2             272           3 
 3             272           4 
 4             272           2 
 1             273           0 
 2             273           1 
 3             273           2 
 4             273           4 
 1             274           6 
 2             274           0 
 3             274           1 
 4             274           4 
 1             275           4 
 2             275           6 
 3             275           1 
 4             275           0 
 1             276           4 
 2             276           5 
 3             276           0 
 4             276           5 
 1             277           3 
 2             277           0 
 3             277           4 
 4             277           5 
 1             278           5 
 2             278           2 
 3             278           0 
 4             278           3 
 1             279           5 
 2             279           0 
 3             279           2 
 4             279           3 
 1             280           6 
 2             280           4 
 3             280           3 
 4             280           0 
 1             281           2 
 2             281           0 
 3             281           6 
 4             281           7 
 1             282           4 
 2             282           0 
 3             282           3 
 4             282           3 
 1             283           2 
 2             283           0 
 3             283           6 
 4             283           2 
 1             284           3 
 2             284           6 
 3             284           2 
 4             284           0 
 1             285           0 
 2             285           8 
 3             285           4 
 4             285           1 
 1             286           4 
 2             286           2 
 3             286           4 
 4             286           0 
 1             287           6 
 2             287           8 
 3             287           6 
 4             287           0 
 1             288           3 
 2             288           3 
 3             288           4 
 4             288           0 
 1             289           2 
 2             289           0 
 3             289           3 
 4             289           6 
 1             290           0 
 2             290           3 
 3             290           3 
 4             290           4 
 1             291           7 
 2             291           0 
 3             291           3 
 4             291           3 
 1             292           4 
 2             292           10 
 3             292           4 
 4             292           0 
 1             293           6 
 2             293           0 
 3             293           3 
 4             293           5 
 1             294           3 
 2             294           3 
 3             294           8 
 4             294           0 
 1             295           0 
 2             295           4 
 3             295           5 
 4             295           5 
 1             296           6 
 2             296           3 
 3             296           3 
 4             296           0 
 1             297           5 
 2             297           3 
 3             297           2 
 4             297           0 
 1             298           2 
 2             298           2 
 3             298           1 
 4             298           0 
 1             299           4 
 2             299           7 
 3             299           0 
 4             299           2 
 1             300           2 
 2             300           4 
 3             300           6 
 4             300           0 
 1             301           6 
 2             301           0 
 3             301           2 
 4             301           4 
 1             302           0 
 2             302           0 
 3             302           0 
 4             302           0 
