 1             1             0 
 2             1             0 
 3             1             0 
 4             1             0 
 1             2             0 
 2             2             1 
 3             2             0 
 4             2             1 
 1             3             1 
 2             3             0 
 3             3             1 
 4             3             0 
 1             4             5 
 2             4             2 
 3             4             0 
 4             4             0 
 1             5             0 
 2             5             2 
 3             5             3 
 4             5             0 
 1             6             4 
 2             6             2 
 3             6             0 
 4             6             0 
 1             7             2 
 2             7             0 
 3             7             2 
 4             7             0 
 1             8             0 
 2             8             3 
 3             8             0 
 4             8             2 
 1             9             0 
 2             9             1 
 3             9             3 
 4             9             0 
 1             10            3 
 2             10            0 
 3             10            5 
 4             10            0 
 1             11            4 
 2             11            0 
 3             11            3 
 4             11            0 
 1             12            0 
 2             12            2 
 3             12            2 
 4             12            0 
 1             13            2 
 2             13            0 
 3             13            0 
 4             13            1 
 1             14            2 
 2             14            0 
 3             14            1 
 4             14            0 
 1             15            3 
 2             15            1 
 3             15            0 
 4             15            0 
 1             16            2 
 2             16            0 
 3             16            1 
 4             16            0 
 1             17            3 
 2             17            0 
 3             17            0 
 4             17            3 
 1             18            0 
 2             18            2 
 3             18            2 
 4             18            0 
 1             19            0 
 2             19            3 
 3             19            2 
 4             19            0 
 1             20            2 
 2             20            0 
 3             20            0 
 4             20            2 
 1             21            0 
 2             21            0 
 3             21            2 
 4             21            2 
 1             22            1 
 2             22            2 
 3             22            0 
 4             22            0 
 1             23            4 
 2             23            2 
 3             23            0 
 4             23            0 
 1             24            3 
 2             24            0 
 3             24            0 
 4             24            2 
 1             25            0 
 2             25            2 
 3             25            0 
 4             25            2 
 1             26            0 
 2             26            1 
 3             26            2 
 4             26            0 
 1             27            0 
 2             27            3 
 3             27            0 
 4             27            2 
 1             28            0 
 2             28            1 
 3             28            0 
 4             28            2 
 1             29            1 
 2             29            2 
 3             29            0 
 4             29            0 
 1             30            0 
 2             30            1 
 3             30            0 
 4             30            1 
 1             31            1 
 2             31            2 
 3             31            0 
 4             31            0 
 1             32            0 
 2             32            0 
 3             32            3 
 4             32            3 
 1             33            0 
 2             33            3 
 3             33            3 
 4             33            0 
 1             34            2 
 2             34            0 
 3             34            2 
 4             34            0 
 1             35            2 
 2             35            1 
 3             35            0 
 4             35            0 
 1             36            2 
 2             36            0 
 3             36            3 
 4             36            0 
 1             37            2 
 2             37            0 
 3             37            2 
 4             37            0 
 1             38            2 
 2             38            3 
 3             38            0 
 4             38            0 
 1             39            0 
 2             39            2 
 3             39            2 
 4             39            0 
 1             40            2 
 2             40            0 
 3             40            1 
 4             40            0 
 1             41            0 
 2             41            0 
 3             41            2 
 4             41            2 
 1             42            2 
 2             42            0 
 3             42            2 
 4             42            0 
 1             43            2 
 2             43            2 
 3             43            0 
 4             43            0 
 1             44            3 
 2             44            0 
 3             44            3 
 4             44            0 
 1             45            0 
 2             45            0 
 3             45            2 
 4             45            3 
 1             46            0 
 2             46            1 
 3             46            1 
 4             46            0 
 1             47            2 
 2             47            0 
 3             47            0 
 4             47            3 
 1             48            3 
 2             48            0 
 3             48            2 
 4             48            0 
 1             49            0 
 2             49            1 
 3             49            0 
 4             49            3 
 1             50            0 
 2             50            2 
 3             50            1 
 4             50            0 
 1             51            2 
 2             51            0 
 3             51            1 
 4             51            0 
 1             52            3 
 2             52            1 
 3             52            0 
 4             52            0 
 1             53            1 
 2             53            1 
 3             53            0 
 4             53            0 
 1             54            2 
 2             54            1 
 3             54            0 
 4             54            0 
 1             55            0 
 2             55            1 
 3             55            1 
 4             55            0 
 1             56            0 
 2             56            2 
 3             56            0 
 4             56            2 
 1             57            1 
 2             57            1 
 3             57            0 
 4             57            0 
 1             58            0 
 2             58            0 
 3             58            3 
 4             58            2 
 1             59            2 
 2             59            1 
 3             59            0 
 4             59            0 
 1             60            3 
 2             60            0 
 3             60            2 
 4             60            0 
 1             61            1 
 2             61            0 
 3             61            0 
 4             61            1 
 1             62            1 
 2             62            0 
 3             62            0 
 4             62            1 
 1             63            0 
 2             63            1 
 3             63            0 
 4             63            1 
 1             64            1 
 2             64            0 
 3             64            2 
 4             64            0 
 1             65            3 
 2             65            0 
 3             65            1 
 4             65            0 
 1             66            0 
 2             66            0 
 3             66            3 
 4             66            2 
 1             67            1 
 2             67            0 
 3             67            0 
 4             67            1 
 1             68            2 
 2             68            0 
 3             68            2 
 4             68            0 
 1             69            2 
 2             69            0 
 3             69            0 
 4             69            2 
 1             70            3 
 2             70            0 
 3             70            0 
 4             70            2 
 1             71            0 
 2             71            2 
 3             71            0 
 4             71            3 
 1             72            0 
 2             72            0 
 3             72            2 
 4             72            2 
 1             73            0 
 2             73            2 
 3             73            3 
 4             73            0 
 1             74            0 
 2             74            2 
 3             74            1 
 4             74            0 
 1             75            0 
 2             75            4 
 3             75            0 
 4             75            1 
 1             76            1 
 2             76            0 
 3             76            0 
 4             76            2 
 1             77            0 
 2             77            3 
 3             77            0 
 4             77            4 
 1             78            0 
 2             78            1 
 3             78            0 
 4             78            2 
 1             79            0 
 2             79            0 
 3             79            1 
 4             79            1 
 1             80            2 
 2             80            0 
 3             80            1 
 4             80            0 
 1             81            2 
 2             81            0 
 3             81            3 
 4             81            0 
 1             82            0 
 2             82            0 
 3             82            2 
 4             82            1 
 1             83            0 
 2             83            3 
 3             83            0 
 4             83            3 
 1             84            2 
 2             84            0 
 3             84            1 
 4             84            0 
 1             85            0 
 2             85            3 
 3             85            0 
 4             85            3 
 1             86            0 
 2             86            2 
 3             86            4 
 4             86            0 
 1             87            0 
 2             87            2 
 3             87            0 
 4             87            3 
 1             88            2 
 2             88            3 
 3             88            0 
 4             88            0 
 1             89            2 
 2             89            0 
 3             89            0 
 4             89            1 
 1             90            0 
 2             90            0 
 3             90            2 
 4             90            4 
 1             91            0 
 2             91            3 
 3             91            1 
 4             91            0 
 1             92            2 
 2             92            0 
 3             92            0 
 4             92            1 
 1             93            1 
 2             93            0 
 3             93            3 
 4             93            0 
 1             94            0 
 2             94            0 
 3             94            1 
 4             94            1 
 1             95            0 
 2             95            0 
 3             95            1 
 4             95            1 
 1             96            2 
 2             96            1 
 3             96            0 
 4             96            0 
 1             97            1 
 2             97            2 
 3             97            0 
 4             97            0 
 1             98            2 
 2             98            0 
 3             98            2 
 4             98            0 
 1             99            1 
 2             99            0 
 3             99            3 
 4             99            0 
 1             100           0 
 2             100           4 
 3             100           0 
 4             100           4 
 1             101           0 
 2             101           0 
 3             101           1 
 4             101           2 
 1             102           0 
 2             102           0 
 3             102           4 
 4             102           2 
 1             103           2 
 2             103           2 
 3             103           0 
 4             103           0 
 1             104           1 
 2             104           4 
 3             104           0 
 4             104           0 
 1             105           3 
 2             105           0 
 3             105           0 
 4             105           1 
 1             106           0 
 2             106           4 
 3             106           1 
 4             106           0 
 1             107           0 
 2             107           2 
 3             107           0 
 4             107           3 
 1             108           3 
 2             108           0 
 3             108           1 
 4             108           0 
 1             109           2 
 2             109           0 
 3             109           0 
 4             109           2 
 1             110           0 
 2             110           3 
 3             110           1 
 4             110           0 
 1             111           2 
 2             111           3 
 3             111           0 
 4             111           0 
 1             112           0 
 2             112           0 
 3             112           2 
 4             112           2 
 1             113           0 
 2             113           2 
 3             113           0 
 4             113           2 
 1             114           4 
 2             114           1 
 3             114           0 
 4             114           0 
 1             115           1 
 2             115           0 
 3             115           0 
 4             115           1 
 1             116           2 
 2             116           0 
 3             116           0 
 4             116           1 
 1             117           1 
 2             117           5 
 3             117           0 
 4             117           0 
 1             118           0 
 2             118           1 
 3             118           0 
 4             118           1 
 1             119           0 
 2             119           2 
 3             119           3 
 4             119           0 
 1             120           0 
 2             120           0 
 3             120           2 
 4             120           1 
 1             121           1 
 2             121           2 
 3             121           0 
 4             121           0 
 1             122           0 
 2             122           0 
 3             122           2 
 4             122           2 
 1             123           2 
 2             123           0 
 3             123           2 
 4             123           0 
 1             124           5 
 2             124           1 
 3             124           0 
 4             124           0 
 1             125           2 
 2             125           0 
 3             125           2 
 4             125           0 
 1             126           1 
 2             126           0 
 3             126           0 
 4             126           2 
 1             127           3 
 2             127           0 
 3             127           0 
 4             127           3 
 1             128           0 
 2             128           3 
 3             128           3 
 4             128           0 
 1             129           0 
 2             129           1 
 3             129           0 
 4             129           2 
 1             130           0 
 2             130           0 
 3             130           1 
 4             130           2 
 1             131           0 
 2             131           0 
 3             131           1 
 4             131           4 
 1             132           2 
 2             132           0 
 3             132           3 
 4             132           0 
 1             133           1 
 2             133           0 
 3             133           3 
 4             133           0 
 1             134           3 
 2             134           2 
 3             134           0 
 4             134           0 
 1             135           0 
 2             135           0 
 3             135           1 
 4             135           1 
 1             136           2 
 2             136           0 
 3             136           0 
 4             136           5 
 1             137           1 
 2             137           0 
 3             137           0 
 4             137           2 
 1             138           0 
 2             138           1 
 3             138           1 
 4             138           0 
 1             139           0 
 2             139           0 
 3             139           1 
 4             139           1 
 1             140           3 
 2             140           1 
 3             140           0 
 4             140           0 
 1             141           2 
 2             141           0 
 3             141           0 
 4             141           3 
 1             142           0 
 2             142           2 
 3             142           0 
 4             142           2 
 1             143           0 
 2             143           2 
 3             143           1 
 4             143           0 
 1             144           0 
 2             144           0 
 3             144           3 
 4             144           3 
 1             145           1 
 2             145           0 
 3             145           1 
 4             145           0 
 1             146           0 
 2             146           1 
 3             146           1 
 4             146           0 
 1             147           1 
 2             147           2 
 3             147           0 
 4             147           0 
 1             148           0 
 2             148           1 
 3             148           3 
 4             148           0 
 1             149           1 
 2             149           0 
 3             149           0 
 4             149           2 
 1             150           0 
 2             150           0 
 3             150           2 
 4             150           4 
 1             151           3 
 2             151           5 
 3             151           0 
 4             151           0 
 1             152           0 
 2             152           0 
 3             152           3 
 4             152           1 
 1             153           2 
 2             153           6 
 3             153           0 
 4             153           0 
 1             154           1 
 2             154           0 
 3             154           0 
 4             154           2 
 1             155           0 
 2             155           2 
 3             155           0 
 4             155           1 
 1             156           1 
 2             156           0 
 3             156           0 
 4             156           4 
 1             157           1 
 2             157           1 
 3             157           0 
 4             157           0 
 1             158           2 
 2             158           0 
 3             158           2 
 4             158           0 
 1             159           0 
 2             159           1 
 3             159           3 
 4             159           0 
 1             160           2 
 2             160           0 
 3             160           3 
 4             160           0 
 1             161           0 
 2             161           2 
 3             161           1 
 4             161           0 
 1             162           0 
 2             162           3 
 3             162           1 
 4             162           0 
 1             163           0 
 2             163           3 
 3             163           1 
 4             163           0 
 1             164           0 
 2             164           3 
 3             164           0 
 4             164           2 
 1             165           2 
 2             165           0 
 3             165           0 
 4             165           3 
 1             166           2 
 2             166           3 
 3             166           0 
 4             166           0 
 1             167           0 
 2             167           2 
 3             167           2 
 4             167           0 
 1             168           2 
 2             168           0 
 3             168           2 
 4             168           0 
 1             169           0 
 2             169           0 
 3             169           1 
 4             169           2 
 1             170           0 
 2             170           1 
 3             170           0 
 4             170           1 
 1             171           0 
 2             171           4 
 3             171           0 
 4             171           2 
 1             172           2 
 2             172           0 
 3             172           2 
 4             172           0 
 1             173           0 
 2             173           0 
 3             173           1 
 4             173           3 
 1             174           0 
 2             174           0 
 3             174           4 
 4             174           1 
 1             175           0 
 2             175           0 
 3             175           3 
 4             175           1 
 1             176           0 
 2             176           2 
 3             176           0 
 4             176           1 
 1             177           0 
 2             177           2 
 3             177           0 
 4             177           1 
 1             178           0 
 2             178           3 
 3             178           1 
 4             178           0 
 1             179           2 
 2             179           0 
 3             179           0 
 4             179           3 
 1             180           2 
 2             180           0 
 3             180           3 
 4             180           0 
 1             181           1 
 2             181           0 
 3             181           3 
 4             181           0 
 1             182           2 
 2             182           0 
 3             182           0 
 4             182           3 
 1             183           0 
 2             183           1 
 3             183           2 
 4             183           0 
 1             184           3 
 2             184           0 
 3             184           2 
 4             184           0 
 1             185           1 
 2             185           1 
 3             185           0 
 4             185           0 
 1             186           1 
 2             186           3 
 3             186           0 
 4             186           0 
 1             187           0 
 2             187           2 
 3             187           0 
 4             187           3 
 1             188           0 
 2             188           1 
 3             188           0 
 4             188           2 
 1             189           0 
 2             189           0 
 3             189           2 
 4             189           2 
 1             190           0 
 2             190           2 
 3             190           4 
 4             190           0 
 1             191           2 
 2             191           3 
 3             191           0 
 4             191           0 
 1             192           0 
 2             192           2 
 3             192           0 
 4             192           1 
 1             193           0 
 2             193           0 
 3             193           2 
 4             193           2 
 1             194           1 
 2             194           0 
 3             194           1 
 4             194           0 
 1             195           0 
 2             195           1 
 3             195           2 
 4             195           0 
 1             196           0 
 2             196           0 
 3             196           1 
 4             196           1 
 1             197           2 
 2             197           1 
 3             197           0 
 4             197           0 
 1             198           0 
 2             198           0 
 3             198           1 
 4             198           2 
 1             199           0 
 2             199           0 
 3             199           1 
 4             199           3 
 1             200           0 
 2             200           1 
 3             200           0 
 4             200           3 
 1             201           0 
 2             201           0 
 3             201           2 
 4             201           1 
 1             202           4 
 2             202           0 
 3             202           0 
 4             202           4 
 1             203           0 
 2             203           0 
 3             203           1 
 4             203           2 
 1             204           0 
 2             204           1 
 3             204           0 
 4             204           2 
 1             205           0 
 2             205           3 
 3             205           1 
 4             205           0 
 1             206           0 
 2             206           0 
 3             206           1 
 4             206           2 
 1             207           0 
 2             207           5 
 3             207           0 
 4             207           1 
 1             208           1 
 2             208           0 
 3             208           2 
 4             208           0 
 1             209           0 
 2             209           3 
 3             209           0 
 4             209           2 
 1             210           0 
 2             210           3 
 3             210           0 
 4             210           1 
 1             211           0 
 2             211           0 
 3             211           2 
 4             211           1 
 1             212           0 
 2             212           2 
 3             212           2 
 4             212           0 
 1             213           1 
 2             213           0 
 3             213           2 
 4             213           0 
 1             214           1 
 2             214           2 
 3             214           0 
 4             214           0 
 1             215           2 
 2             215           0 
 3             215           1 
 4             215           0 
 1             216           1 
 2             216           1 
 3             216           0 
 4             216           0 
 1             217           0 
 2             217           1 
 3             217           2 
 4             217           0 
 1             218           0 
 2             218           0 
 3             218           1 
 4             218           2 
 1             219           0 
 2             219           0 
 3             219           1 
 4             219           2 
 1             220           0 
 2             220           0 
 3             220           1 
 4             220           2 
 1             221           3 
 2             221           0 
 3             221           2 
 4             221           0 
 1             222           0 
 2             222           1 
 3             222           3 
 4             222           0 
 1             223           1 
 2             223           0 
 3             223           1 
 4             223           0 
 1             224           0 
 2             224           0 
 3             224           1 
 4             224           3 
 1             225           1 
 2             225           3 
 3             225           0 
 4             225           0 
 1             226           5 
 2             226           0 
 3             226           2 
 4             226           0 
 1             227           1 
 2             227           0 
 3             227           1 
 4             227           0 
 1             228           2 
 2             228           1 
 3             228           0 
 4             228           0 
 1             229           0 
 2             229           0 
 3             229           3 
 4             229           2 
 1             230           2 
 2             230           0 
 3             230           0 
 4             230           2 
 1             231           0 
 2             231           0 
 3             231           1 
 4             231           1 
 1             232           1 
 2             232           0 
 3             232           0 
 4             232           1 
 1             233           0 
 2             233           0 
 3             233           2 
 4             233           2 
 1             234           0 
 2             234           0 
 3             234           1 
 4             234           4 
 1             235           0 
 2             235           2 
 3             235           2 
 4             235           0 
 1             236           0 
 2             236           0 
 3             236           5 
 4             236           3 
 1             237           0 
 2             237           0 
 3             237           4 
 4             237           3 
 1             238           0 
 2             238           2 
 3             238           0 
 4             238           2 
 1             239           4 
 2             239           0 
 3             239           1 
 4             239           0 
 1             240           0 
 2             240           0 
 3             240           2 
 4             240           1 
 1             241           4 
 2             241           0 
 3             241           2 
 4             241           0 
 1             242           2 
 2             242           1 
 3             242           0 
 4             242           0 
 1             243           2 
 2             243           1 
 3             243           0 
 4             243           0 
 1             244           0 
 2             244           1 
 3             244           1 
 4             244           0 
 1             245           1 
 2             245           1 
 3             245           0 
 4             245           0 
 1             246           0 
 2             246           0 
 3             246           1 
 4             246           6 
 1             247           0 
 2             247           1 
 3             247           0 
 4             247           3 
 1             248           0 
 2             248           0 
 3             248           2 
 4             248           2 
 1             249           1 
 2             249           0 
 3             249           0 
 4             249           1 
 1             250           0 
 2             250           0 
 3             250           2 
 4             250           2 
 1             251           0 
 2             251           0 
 3             251           3 
 4             251           1 
 1             252           3 
 2             252           0 
 3             252           1 
 4             252           0 
 1             253           2 
 2             253           0 
 3             253           3 
 4             253           0 
 1             254           1 
 2             254           0 
 3             254           2 
 4             254           0 
 1             255           0 
 2             255           0 
 3             255           1 
 4             255           2 
 1             256           0 
 2             256           1 
 3             256           0 
 4             256           2 
 1             257           0 
 2             257           0 
 3             257           2 
 4             257           2 
 1             258           0 
 2             258           1 
 3             258           2 
 4             258           0 
 1             259           0 
 2             259           0 
 3             259           2 
 4             259           1 
 1             260           0 
 2             260           1 
 3             260           0 
 4             260           1 
 1             261           0 
 2             261           2 
 3             261           4 
 4             261           0 
 1             262           2 
 2             262           1 
 3             262           0 
 4             262           0 
 1             263           1 
 2             263           0 
 3             263           1 
 4             263           0 
 1             264           3 
 2             264           0 
 3             264           2 
 4             264           0 
 1             265           3 
 2             265           0 
 3             265           2 
 4             265           0 
 1             266           0 
 2             266           2 
 3             266           2 
 4             266           0 
 1             267           0 
 2             267           0 
 3             267           3 
 4             267           2 
 1             268           0 
 2             268           1 
 3             268           4 
 4             268           0 
 1             269           0 
 2             269           3 
 3             269           0 
 4             269           2 
 1             270           0 
 2             270           0 
 3             270           2 
 4             270           2 
 1             271           0 
 2             271           0 
 3             271           1 
 4             271           2 
 1             272           0 
 2             272           4 
 3             272           0 
 4             272           1 
 1             273           0 
 2             273           2 
 3             273           3 
 4             273           0 
 1             274           1 
 2             274           1 
 3             274           0 
 4             274           0 
 1             275           0 
 2             275           2 
 3             275           0 
 4             275           1 
 1             276           4 
 2             276           2 
 3             276           0 
 4             276           0 
 1             277           0 
 2             277           1 
 3             277           1 
 4             277           0 
 1             278           2 
 2             278           2 
 3             278           0 
 4             278           0 
 1             279           2 
 2             279           2 
 3             279           0 
 4             279           0 
 1             280           0 
 2             280           2 
 3             280           2 
 4             280           0 
 1             281           3 
 2             281           0 
 3             281           1 
 4             281           0 
 1             282           1 
 2             282           0 
 3             282           0 
 4             282           2 
 1             283           1 
 2             283           1 
 3             283           0 
 4             283           0 
 1             284           3 
 2             284           0 
 3             284           0 
 4             284           2 
 1             285           0 
 2             285           1 
 3             285           0 
 4             285           1 
 1             286           1 
 2             286           0 
 3             286           2 
 4             286           0 
 1             287           3 
 2             287           0 
 3             287           4 
 4             287           0 
 1             288           2 
 2             288           0 
 3             288           1 
 4             288           0 
 1             289           1 
 2             289           0 
 3             289           0 
 4             289           2 
 1             290           0 
 2             290           2 
 3             290           4 
 4             290           0 
 1             291           1 
 2             291           0 
 3             291           0 
 4             291           1 
 1             292           0 
 2             292           2 
 3             292           1 
 4             292           0 
 1             293           0 
 2             293           0 
 3             293           3 
 4             293           2 
 1             294           0 
 2             294           0 
 3             294           4 
 4             294           2 
 1             295           0 
 2             295           3 
 3             295           0 
 4             295           1 
 1             296           0 
 2             296           0 
 3             296           2 
 4             296           1 
 1             297           0 
 2             297           0 
 3             297           3 
 4             297           1 
 1             298           0 
 2             298           2 
 3             298           2 
 4             298           0 
 1             299           0 
 2             299           0 
 3             299           4 
 4             299           1 
 1             300           0 
 2             300           4 
 3             300           0 
 4             300           4 
 1             301           0 
 2             301           3 
 3             301           0 
 4             301           2 
 1             302           0 
 2             302           0 
 3             302           0 
 4             302           0 
