 1             1             0 
 2             1             0 
 3             1             0 
 4             1             0 
 1             2             6 
 2             2             10 
 3             2             7 
 4             2             9 
 1             3             4 
 2             3             6 
 3             3             9 
 4             3             5 
 1             4             7 
 2             4             10 
 3             4             6 
 4             4             4 
 1             5             9 
 2             5             8 
 3             5             8 
 4             5             7 
 1             6             7 
 2             6             8 
 3             6             9 
 4             6             9 
 1             7             7 
 2             7             10 
 3             7             10 
 4             7             10 
 1             8             6 
 2             8             6 
 3             8             6 
 4             8             8 
 1             9             4 
 2             9             10 
 3             9             7 
 4             9             9 
 1             10            7 
 2             10            9 
 3             10            10 
 4             10            10 
 1             11            10 
 2             11            6 
 3             11            10 
 4             11            10 
 1             12            8 
 2             12            10 
 3             12            8 
 4             12            6 
 1             13            7 
 2             13            10 
 3             13            9 
 4             13            9 
 1             14            6 
 2             14            10 
 3             14            6 
 4             14            10 
 1             15            7 
 2             15            7 
 3             15            9 
 4             15            10 
 1             16            7 
 2             16            7 
 3             16            10 
 4             16            6 
 1             17            6 
 2             17            8 
 3             17            7 
 4             17            3 
 1             18            10 
 2             18            8 
 3             18            4 
 4             18            9 
 1             19            8 
 2             19            6 
 3             19            4 
 4             19            7 
 1             20            9 
 2             20            7 
 3             20            7 
 4             20            7 
 1             21            10 
 2             21            8 
 3             21            9 
 4             21            7 
 1             22            10 
 2             22            10 
 3             22            10 
 4             22            9 
 1             23            8 
 2             23            10 
 3             23            10 
 4             23            10 
 1             24            10 
 2             24            8 
 3             24            10 
 4             24            3 
 1             25            7 
 2             25            9 
 3             25            4 
 4             25            8 
 1             26            10 
 2             26            8 
 3             26            7 
 4             26            10 
 1             27            9 
 2             27            9 
 3             27            8 
 4             27            7 
 1             28            9 
 2             28            6 
 3             28            9 
 4             28            10 
 1             29            5 
 2             29            8 
 3             29            10 
 4             29            9 
 1             30            10 
 2             30            6 
 3             30            8 
 4             30            10 
 1             31            9 
 2             31            8 
 3             31            6 
 4             31            9 
 1             32            9 
 2             32            5 
 3             32            10 
 4             32            8 
 1             33            5 
 2             33            9 
 3             33            5 
 4             33            10 
 1             34            6 
 2             34            8 
 3             34            10 
 4             34            5 
 1             35            2 
 2             35            9 
 3             35            6 
 4             35            10 
 1             36            3 
 2             36            7 
 3             36            6 
 4             36            8 
 1             37            9 
 2             37            8 
 3             37            10 
 4             37            10 
 1             38            9 
 2             38            8 
 3             38            9 
 4             38            5 
 1             39            7 
 2             39            10 
 3             39            6 
 4             39            4 
 1             40            7 
 2             40            8 
 3             40            8 
 4             40            9 
 1             41            8 
 2             41            10 
 3             41            5 
 4             41            10 
 1             42            10 
 2             42            8 
 3             42            7 
 4             42            9 
 1             43            5 
 2             43            4 
 3             43            6 
 4             43            9 
 1             44            5 
 2             44            2 
 3             44            9 
 4             44            7 
 1             45            10 
 2             45            6 
 3             45            10 
 4             45            9 
 1             46            7 
 2             46            7 
 3             46            4 
 4             46            8 
 1             47            10 
 2             47            10 
 3             47            8 
 4             47            10 
 1             48            10 
 2             48            7 
 3             48            9 
 4             48            5 
 1             49            10 
 2             49            6 
 3             49            6 
 4             49            7 
 1             50            5 
 2             50            10 
 3             50            6 
 4             50            9 
 1             51            8 
 2             51            5 
 3             51            10 
 4             51            8 
 1             52            9 
 2             52            5 
 3             52            10 
 4             52            8 
 1             53            4 
 2             53            5 
 3             53            7 
 4             53            10 
 1             54            10 
 2             54            9 
 3             54            8 
 4             54            5 
 1             55            6 
 2             55            10 
 3             55            8 
 4             55            10 
 1             56            6 
 2             56            8 
 3             56            9 
 4             56            7 
 1             57            10 
 2             57            7 
 3             57            4 
 4             57            6 
 1             58            4 
 2             58            9 
 3             58            8 
 4             58            8 
 1             59            10 
 2             59            10 
 3             59            10 
 4             59            10 
 1             60            10 
 2             60            3 
 3             60            6 
 4             60            10 
 1             61            6 
 2             61            9 
 3             61            5 
 4             61            2 
 1             62            6 
 2             62            5 
 3             62            8 
 4             62            10 
 1             63            8 
 2             63            7 
 3             63            8 
 4             63            8 
 1             64            10 
 2             64            3 
 3             64            9 
 4             64            8 
 1             65            6 
 2             65            10 
 3             65            7 
 4             65            4 
 1             66            10 
 2             66            8 
 3             66            6 
 4             66            9 
 1             67            10 
 2             67            8 
 3             67            8 
 4             67            10 
 1             68            9 
 2             68            7 
 3             68            9 
 4             68            4 
 1             69            10 
 2             69            6 
 3             69            6 
 4             69            9 
 1             70            6 
 2             70            10 
 3             70            10 
 4             70            5 
 1             71            6 
 2             71            10 
 3             71            5 
 4             71            9 
 1             72            5 
 2             72            10 
 3             72            10 
 4             72            10 
 1             73            10 
 2             73            10 
 3             73            8 
 4             73            9 
 1             74            8 
 2             74            10 
 3             74            8 
 4             74            9 
 1             75            10 
 2             75            5 
 3             75            10 
 4             75            7 
 1             76            7 
 2             76            10 
 3             76            6 
 4             76            8 
 1             77            10 
 2             77            10 
 3             77            9 
 4             77            6 
 1             78            3 
 2             78            10 
 3             78            8 
 4             78            9 
 1             79            8 
 2             79            8 
 3             79            10 
 4             79            10 
 1             80            8 
 2             80            9 
 3             80            9 
 4             80            10 
 1             81            10 
 2             81            10 
 3             81            10 
 4             81            6 
 1             82            8 
 2             82            6 
 3             82            10 
 4             82            6 
 1             83            8 
 2             83            6 
 3             83            9 
 4             83            10 
 1             84            4 
 2             84            10 
 3             84            9 
 4             84            6 
 1             85            7 
 2             85            10 
 3             85            6 
 4             85            8 
 1             86            9 
 2             86            9 
 3             86            8 
 4             86            10 
 1             87            8 
 2             87            10 
 3             87            10 
 4             87            8 
 1             88            8 
 2             88            10 
 3             88            7 
 4             88            8 
 1             89            5 
 2             89            10 
 3             89            8 
 4             89            10 
 1             90            10 
 2             90            10 
 3             90            5 
 4             90            5 
 1             91            5 
 2             91            9 
 3             91            10 
 4             91            10 
 1             92            7 
 2             92            4 
 3             92            10 
 4             92            10 
 1             93            8 
 2             93            9 
 3             93            8 
 4             93            5 
 1             94            7 
 2             94            8 
 3             94            10 
 4             94            7 
 1             95            10 
 2             95            10 
 3             95            9 
 4             95            8 
 1             96            5 
 2             96            10 
 3             96            8 
 4             96            7 
 1             97            8 
 2             97            8 
 3             97            8 
 4             97            10 
 1             98            10 
 2             98            8 
 3             98            8 
 4             98            10 
 1             99            10 
 2             99            7 
 3             99            6 
 4             99            7 
 1             100           7 
 2             100           10 
 3             100           7 
 4             100           9 
 1             101           9 
 2             101           10 
 3             101           5 
 4             101           7 
 1             102           9 
 2             102           10 
 3             102           10 
 4             102           10 
 1             103           5 
 2             103           10 
 3             103           9 
 4             103           6 
 1             104           10 
 2             104           10 
 3             104           7 
 4             104           6 
 1             105           6 
 2             105           10 
 3             105           10 
 4             105           8 
 1             106           7 
 2             106           8 
 3             106           10 
 4             106           7 
 1             107           10 
 2             107           8 
 3             107           9 
 4             107           9 
 1             108           9 
 2             108           10 
 3             108           10 
 4             108           10 
 1             109           10 
 2             109           6 
 3             109           6 
 4             109           10 
 1             110           10 
 2             110           10 
 3             110           5 
 4             110           6 
 1             111           6 
 2             111           9 
 3             111           9 
 4             111           7 
 1             112           10 
 2             112           9 
 3             112           7 
 4             112           6 
 1             113           8 
 2             113           10 
 3             113           9 
 4             113           9 
 1             114           9 
 2             114           10 
 3             114           8 
 4             114           7 
 1             115           9 
 2             115           7 
 3             115           10 
 4             115           10 
 1             116           6 
 2             116           10 
 3             116           7 
 4             116           9 
 1             117           9 
 2             117           10 
 3             117           4 
 4             117           10 
 1             118           5 
 2             118           7 
 3             118           10 
 4             118           10 
 1             119           9 
 2             119           4 
 3             119           9 
 4             119           4 
 1             120           4 
 2             120           6 
 3             120           7 
 4             120           8 
 1             121           8 
 2             121           8 
 3             121           10 
 4             121           10 
 1             122           10 
 2             122           10 
 3             122           10 
 4             122           8 
 1             123           7 
 2             123           5 
 3             123           6 
 4             123           10 
 1             124           10 
 2             124           4 
 3             124           6 
 4             124           6 
 1             125           7 
 2             125           8 
 3             125           9 
 4             125           10 
 1             126           7 
 2             126           10 
 3             126           10 
 4             126           8 
 1             127           10 
 2             127           7 
 3             127           10 
 4             127           8 
 1             128           9 
 2             128           10 
 3             128           6 
 4             128           10 
 1             129           7 
 2             129           7 
 3             129           10 
 4             129           5 
 1             130           10 
 2             130           3 
 3             130           8 
 4             130           9 
 1             131           10 
 2             131           10 
 3             131           10 
 4             131           6 
 1             132           7 
 2             132           7 
 3             132           6 
 4             132           9 
 1             133           6 
 2             133           10 
 3             133           9 
 4             133           8 
 1             134           5 
 2             134           10 
 3             134           5 
 4             134           10 
 1             135           9 
 2             135           6 
 3             135           7 
 4             135           5 
 1             136           6 
 2             136           5 
 3             136           7 
 4             136           9 
 1             137           6 
 2             137           9 
 3             137           9 
 4             137           4 
 1             138           8 
 2             138           7 
 3             138           7 
 4             138           7 
 1             139           10 
 2             139           9 
 3             139           6 
 4             139           10 
 1             140           10 
 2             140           10 
 3             140           6 
 4             140           6 
 1             141           8 
 2             141           10 
 3             141           10 
 4             141           5 
 1             142           6 
 2             142           7 
 3             142           5 
 4             142           10 
 1             143           10 
 2             143           10 
 3             143           8 
 4             143           9 
 1             144           10 
 2             144           8 
 3             144           9 
 4             144           7 
 1             145           6 
 2             145           7 
 3             145           8 
 4             145           7 
 1             146           9 
 2             146           10 
 3             146           10 
 4             146           6 
 1             147           10 
 2             147           9 
 3             147           10 
 4             147           9 
 1             148           2 
 2             148           10 
 3             148           8 
 4             148           10 
 1             149           10 
 2             149           7 
 3             149           10 
 4             149           9 
 1             150           9 
 2             150           10 
 3             150           10 
 4             150           7 
 1             151           10 
 2             151           10 
 3             151           7 
 4             151           7 
 1             152           10 
 2             152           10 
 3             152           4 
 4             152           7 
 1             153           4 
 2             153           8 
 3             153           7 
 4             153           7 
 1             154           10 
 2             154           10 
 3             154           10 
 4             154           8 
 1             155           10 
 2             155           9 
 3             155           10 
 4             155           9 
 1             156           8 
 2             156           8 
 3             156           10 
 4             156           7 
 1             157           10 
 2             157           7 
 3             157           6 
 4             157           9 
 1             158           9 
 2             158           6 
 3             158           10 
 4             158           10 
 1             159           10 
 2             159           6 
 3             159           10 
 4             159           7 
 1             160           7 
 2             160           6 
 3             160           9 
 4             160           6 
 1             161           9 
 2             161           6 
 3             161           10 
 4             161           8 
 1             162           6 
 2             162           8 
 3             162           8 
 4             162           7 
 1             163           10 
 2             163           5 
 3             163           9 
 4             163           8 
 1             164           6 
 2             164           5 
 3             164           6 
 4             164           10 
 1             165           10 
 2             165           10 
 3             165           10 
 4             165           9 
 1             166           9 
 2             166           6 
 3             166           7 
 4             166           7 
 1             167           5 
 2             167           10 
 3             167           7 
 4             167           10 
 1             168           10 
 2             168           10 
 3             168           10 
 4             168           7 
 1             169           10 
 2             169           7 
 3             169           5 
 4             169           10 
 1             170           6 
 2             170           9 
 3             170           8 
 4             170           8 
 1             171           10 
 2             171           10 
 3             171           9 
 4             171           10 
 1             172           5 
 2             172           8 
 3             172           8 
 4             172           10 
 1             173           9 
 2             173           5 
 3             173           10 
 4             173           7 
 1             174           10 
 2             174           8 
 3             174           10 
 4             174           10 
 1             175           9 
 2             175           4 
 3             175           10 
 4             175           10 
 1             176           10 
 2             176           8 
 3             176           7 
 4             176           5 
 1             177           10 
 2             177           8 
 3             177           7 
 4             177           9 
 1             178           9 
 2             178           3 
 3             178           10 
 4             178           8 
 1             179           10 
 2             179           4 
 3             179           8 
 4             179           10 
 1             180           10 
 2             180           5 
 3             180           6 
 4             180           9 
 1             181           6 
 2             181           9 
 3             181           9 
 4             181           4 
 1             182           8 
 2             182           10 
 3             182           8 
 4             182           7 
 1             183           9 
 2             183           6 
 3             183           10 
 4             183           10 
 1             184           8 
 2             184           10 
 3             184           10 
 4             184           6 
 1             185           10 
 2             185           7 
 3             185           8 
 4             185           9 
 1             186           10 
 2             186           5 
 3             186           5 
 4             186           10 
 1             187           10 
 2             187           10 
 3             187           7 
 4             187           9 
 1             188           6 
 2             188           10 
 3             188           10 
 4             188           10 
 1             189           7 
 2             189           10 
 3             189           10 
 4             189           10 
 1             190           9 
 2             190           10 
 3             190           6 
 4             190           5 
 1             191           8 
 2             191           8 
 3             191           9 
 4             191           10 
 1             192           9 
 2             192           10 
 3             192           6 
 4             192           6 
 1             193           10 
 2             193           10 
 3             193           10 
 4             193           8 
 1             194           7 
 2             194           8 
 3             194           10 
 4             194           7 
 1             195           9 
 2             195           10 
 3             195           5 
 4             195           5 
 1             196           7 
 2             196           10 
 3             196           10 
 4             196           10 
 1             197           6 
 2             197           10 
 3             197           7 
 4             197           9 
 1             198           5 
 2             198           5 
 3             198           4 
 4             198           10 
 1             199           7 
 2             199           10 
 3             199           10 
 4             199           7 
 1             200           8 
 2             200           10 
 3             200           8 
 4             200           10 
 1             201           3 
 2             201           6 
 3             201           10 
 4             201           6 
 1             202           10 
 2             202           6 
 3             202           9 
 4             202           4 
 1             203           4 
 2             203           9 
 3             203           6 
 4             203           7 
 1             204           9 
 2             204           10 
 3             204           9 
 4             204           10 
 1             205           10 
 2             205           10 
 3             205           8 
 4             205           4 
 1             206           8 
 2             206           9 
 3             206           6 
 4             206           8 
 1             207           6 
 2             207           7 
 3             207           7 
 4             207           7 
 1             208           10 
 2             208           7 
 3             208           10 
 4             208           7 
 1             209           7 
 2             209           10 
 3             209           6 
 4             209           10 
 1             210           8 
 2             210           10 
 3             210           6 
 4             210           5 
 1             211           7 
 2             211           7 
 3             211           10 
 4             211           10 
 1             212           10 
 2             212           6 
 3             212           7 
 4             212           4 
 1             213           6 
 2             213           5 
 3             213           8 
 4             213           7 
 1             214           9 
 2             214           10 
 3             214           10 
 4             214           6 
 1             215           6 
 2             215           9 
 3             215           10 
 4             215           10 
 1             216           9 
 2             216           7 
 3             216           7 
 4             216           9 
 1             217           10 
 2             217           9 
 3             217           9 
 4             217           8 
 1             218           7 
 2             218           7 
 3             218           6 
 4             218           5 
 1             219           7 
 2             219           9 
 3             219           4 
 4             219           10 
 1             220           10 
 2             220           6 
 3             220           9 
 4             220           9 
 1             221           7 
 2             221           8 
 3             221           8 
 4             221           5 
 1             222           9 
 2             222           9 
 3             222           6 
 4             222           10 
 1             223           7 
 2             223           10 
 3             223           8 
 4             223           8 
 1             224           5 
 2             224           9 
 3             224           10 
 4             224           6 
 1             225           7 
 2             225           7 
 3             225           7 
 4             225           10 
 1             226           5 
 2             226           8 
 3             226           8 
 4             226           10 
 1             227           7 
 2             227           8 
 3             227           8 
 4             227           10 
 1             228           8 
 2             228           9 
 3             228           8 
 4             228           7 
 1             229           10 
 2             229           10 
 3             229           9 
 4             229           9 
 1             230           9 
 2             230           4 
 3             230           6 
 4             230           3 
 1             231           10 
 2             231           10 
 3             231           8 
 4             231           7 
 1             232           10 
 2             232           9 
 3             232           8 
 4             232           10 
 1             233           10 
 2             233           9 
 3             233           10 
 4             233           8 
 1             234           9 
 2             234           5 
 3             234           8 
 4             234           8 
 1             235           10 
 2             235           9 
 3             235           10 
 4             235           10 
 1             236           9 
 2             236           5 
 3             236           10 
 4             236           4 
 1             237           10 
 2             237           2 
 3             237           4 
 4             237           10 
 1             238           10 
 2             238           4 
 3             238           6 
 4             238           9 
 1             239           7 
 2             239           8 
 3             239           10 
 4             239           10 
 1             240           10 
 2             240           9 
 3             240           10 
 4             240           10 
 1             241           7 
 2             241           10 
 3             241           6 
 4             241           6 
 1             242           6 
 2             242           9 
 3             242           10 
 4             242           10 
 1             243           10 
 2             243           8 
 3             243           10 
 4             243           10 
 1             244           10 
 2             244           6 
 3             244           7 
 4             244           10 
 1             245           5 
 2             245           5 
 3             245           4 
 4             245           8 
 1             246           10 
 2             246           9 
 3             246           10 
 4             246           10 
 1             247           5 
 2             247           8 
 3             247           10 
 4             247           6 
 1             248           10 
 2             248           7 
 3             248           9 
 4             248           10 
 1             249           10 
 2             249           6 
 3             249           7 
 4             249           4 
 1             250           10 
 2             250           10 
 3             250           8 
 4             250           8 
 1             251           10 
 2             251           10 
 3             251           10 
 4             251           6 
 1             252           10 
 2             252           6 
 3             252           8 
 4             252           10 
 1             253           8 
 2             253           10 
 3             253           10 
 4             253           8 
 1             254           10 
 2             254           10 
 3             254           9 
 4             254           10 
 1             255           5 
 2             255           5 
 3             255           8 
 4             255           8 
 1             256           8 
 2             256           10 
 3             256           7 
 4             256           10 
 1             257           5 
 2             257           10 
 3             257           9 
 4             257           5 
 1             258           10 
 2             258           10 
 3             258           7 
 4             258           10 
 1             259           10 
 2             259           9 
 3             259           7 
 4             259           5 
 1             260           10 
 2             260           6 
 3             260           9 
 4             260           7 
 1             261           8 
 2             261           6 
 3             261           5 
 4             261           7 
 1             262           3 
 2             262           3 
 3             262           6 
 4             262           10 
 1             263           10 
 2             263           9 
 3             263           8 
 4             263           6 
 1             264           7 
 2             264           8 
 3             264           4 
 4             264           3 
 1             265           5 
 2             265           5 
 3             265           8 
 4             265           10 
 1             266           10 
 2             266           10 
 3             266           10 
 4             266           10 
 1             267           10 
 2             267           8 
 3             267           3 
 4             267           10 
 1             268           6 
 2             268           5 
 3             268           10 
 4             268           10 
 1             269           10 
 2             269           7 
 3             269           7 
 4             269           10 
 1             270           8 
 2             270           10 
 3             270           6 
 4             270           8 
 1             271           10 
 2             271           9 
 3             271           10 
 4             271           6 
 1             272           6 
 2             272           10 
 3             272           9 
 4             272           7 
 1             273           5 
 2             273           8 
 3             273           10 
 4             273           10 
 1             274           4 
 2             274           8 
 3             274           10 
 4             274           5 
 1             275           10 
 2             275           9 
 3             275           5 
 4             275           8 
 1             276           10 
 2             276           6 
 3             276           9 
 4             276           10 
 1             277           10 
 2             277           9 
 3             277           4 
 4             277           10 
 1             278           4 
 2             278           10 
 3             278           10 
 4             278           10 
 1             279           5 
 2             279           6 
 3             279           6 
 4             279           10 
 1             280           10 
 2             280           10 
 3             280           8 
 4             280           7 
 1             281           6 
 2             281           6 
 3             281           6 
 4             281           10 
 1             282           8 
 2             282           5 
 3             282           6 
 4             282           7 
 1             283           8 
 2             283           5 
 3             283           7 
 4             283           7 
 1             284           9 
 2             284           9 
 3             284           10 
 4             284           6 
 1             285           10 
 2             285           10 
 3             285           7 
 4             285           5 
 1             286           8 
 2             286           9 
 3             286           10 
 4             286           10 
 1             287           10 
 2             287           10 
 3             287           9 
 4             287           9 
 1             288           8 
 2             288           10 
 3             288           7 
 4             288           9 
 1             289           5 
 2             289           9 
 3             289           9 
 4             289           8 
 1             290           8 
 2             290           10 
 3             290           10 
 4             290           5 
 1             291           10 
 2             291           8 
 3             291           10 
 4             291           5 
 1             292           5 
 2             292           7 
 3             292           10 
 4             292           8 
 1             293           10 
 2             293           9 
 3             293           8 
 4             293           9 
 1             294           10 
 2             294           10 
 3             294           10 
 4             294           10 
 1             295           10 
 2             295           7 
 3             295           9 
 4             295           10 
 1             296           9 
 2             296           4 
 3             296           9 
 4             296           6 
 1             297           8 
 2             297           8 
 3             297           10 
 4             297           5 
 1             298           7 
 2             298           4 
 3             298           3 
 4             298           10 
 1             299           10 
 2             299           7 
 3             299           7 
 4             299           6 
 1             300           8 
 2             300           6 
 3             300           6 
 4             300           10 
 1             301           10 
 2             301           4 
 3             301           7 
 4             301           10 
 1             302           0 
 2             302           0 
 3             302           0 
 4             302           0 
