 1             1             0 
 2             1             0 
 3             1             0 
 4             1             0 
 1             2             0 
 2             2             7 
 3             2             7 
 4             2             6 
 1             3             2 
 2             3             0 
 3             3             10 
 4             3             6 
 1             4             0 
 2             4             9 
 3             4             8 
 4             4             9 
 1             5             7 
 2             5             10 
 3             5             2 
 4             5             0 
 1             6             5 
 2             6             0 
 3             6             10 
 4             6             10 
 1             7             4 
 2             7             6 
 3             7             10 
 4             7             0 
 1             8             0 
 2             8             7 
 3             8             10 
 4             8             5 
 1             9             0 
 2             9             9 
 3             9             7 
 4             9             6 
 1             10            0 
 2             10            10 
 3             10            8 
 4             10            10 
 1             11            0 
 2             11            9 
 3             11            5 
 4             11            4 
 1             12            9 
 2             12            10 
 3             12            0 
 4             12            9 
 1             13            0 
 2             13            10 
 3             13            7 
 4             13            10 
 1             14            10 
 2             14            10 
 3             14            7 
 4             14            0 
 1             15            6 
 2             15            10 
 3             15            6 
 4             15            0 
 1             16            0 
 2             16            2 
 3             16            7 
 4             16            8 
 1             17            0 
 2             17            10 
 3             17            10 
 4             17            6 
 1             18            0 
 2             18            8 
 3             18            7 
 4             18            7 
 1             19            10 
 2             19            10 
 3             19            4 
 4             19            0 
 1             20            10 
 2             20            0 
 3             20            6 
 4             20            10 
 1             21            10 
 2             21            8 
 3             21            0 
 4             21            9 
 1             22            10 
 2             22            10 
 3             22            0 
 4             22            9 
 1             23            0 
 2             23            10 
 3             23            10 
 4             23            10 
 1             24            10 
 2             24            0 
 3             24            5 
 4             24            5 
 1             25            6 
 2             25            3 
 3             25            9 
 4             25            0 
 1             26            9 
 2             26            10 
 3             26            10 
 4             26            0 
 1             27            8 
 2             27            4 
 3             27            0 
 4             27            7 
 1             28            8 
 2             28            10 
 3             28            6 
 4             28            0 
 1             29            7 
 2             29            8 
 3             29            0 
 4             29            7 
 1             30            10 
 2             30            10 
 3             30            0 
 4             30            10 
 1             31            9 
 2             31            7 
 3             31            0 
 4             31            9 
 1             32            0 
 2             32            10 
 3             32            6 
 4             32            7 
 1             33            10 
 2             33            7 
 3             33            0 
 4             33            7 
 1             34            10 
 2             34            9 
 3             34            0 
 4             34            8 
 1             35            10 
 2             35            9 
 3             35            10 
 4             35            0 
 1             36            0 
 2             36            10 
 3             36            8 
 4             36            8 
 1             37            8 
 2             37            0 
 3             37            7 
 4             37            6 
 1             38            9 
 2             38            0 
 3             38            9 
 4             38            10 
 1             39            6 
 2             39            7 
 3             39            0 
 4             39            10 
 1             40            7 
 2             40            0 
 3             40            7 
 4             40            7 
 1             41            10 
 2             41            0 
 3             41            5 
 4             41            10 
 1             42            10 
 2             42            0 
 3             42            7 
 4             42            10 
 1             43            7 
 2             43            9 
 3             43            8 
 4             43            0 
 1             44            10 
 2             44            7 
 3             44            0 
 4             44            5 
 1             45            6 
 2             45            0 
 3             45            9 
 4             45            7 
 1             46            9 
 2             46            0 
 3             46            10 
 4             46            10 
 1             47            10 
 2             47            7 
 3             47            0 
 4             47            10 
 1             48            3 
 2             48            0 
 3             48            4 
 4             48            10 
 1             49            10 
 2             49            0 
 3             49            6 
 4             49            8 
 1             50            0 
 2             50            9 
 3             50            6 
 4             50            8 
 1             51            6 
 2             51            10 
 3             51            10 
 4             51            0 
 1             52            10 
 2             52            7 
 3             52            0 
 4             52            9 
 1             53            10 
 2             53            7 
 3             53            9 
 4             53            0 
 1             54            10 
 2             54            9 
 3             54            0 
 4             54            7 
 1             55            0 
 2             55            10 
 3             55            10 
 4             55            10 
 1             56            9 
 2             56            10 
 3             56            0 
 4             56            6 
 1             57            4 
 2             57            0 
 3             57            10 
 4             57            10 
 1             58            0 
 2             58            10 
 3             58            9 
 4             58            9 
 1             59            8 
 2             59            0 
 3             59            10 
 4             59            8 
 1             60            10 
 2             60            9 
 3             60            7 
 4             60            0 
 1             61            7 
 2             61            0 
 3             61            6 
 4             61            10 
 1             62            9 
 2             62            10 
 3             62            10 
 4             62            0 
 1             63            5 
 2             63            0 
 3             63            8 
 4             63            8 
 1             64            7 
 2             64            10 
 3             64            0 
 4             64            8 
 1             65            10 
 2             65            8 
 3             65            10 
 4             65            0 
 1             66            10 
 2             66            0 
 3             66            5 
 4             66            8 
 1             67            8 
 2             67            0 
 3             67            10 
 4             67            10 
 1             68            10 
 2             68            0 
 3             68            5 
 4             68            9 
 1             69            8 
 2             69            0 
 3             69            10 
 4             69            10 
 1             70            5 
 2             70            7 
 3             70            4 
 4             70            0 
 1             71            9 
 2             71            5 
 3             71            0 
 4             71            10 
 1             72            9 
 2             72            0 
 3             72            10 
 4             72            8 
 1             73            7 
 2             73            8 
 3             73            9 
 4             73            0 
 1             74            3 
 2             74            10 
 3             74            0 
 4             74            10 
 1             75            8 
 2             75            6 
 3             75            0 
 4             75            8 
 1             76            10 
 2             76            7 
 3             76            10 
 4             76            0 
 1             77            10 
 2             77            0 
 3             77            10 
 4             77            8 
 1             78            10 
 2             78            6 
 3             78            6 
 4             78            0 
 1             79            5 
 2             79            6 
 3             79            7 
 4             79            0 
 1             80            9 
 2             80            5 
 3             80            10 
 4             80            0 
 1             81            4 
 2             81            0 
 3             81            8 
 4             81            7 
 1             82            10 
 2             82            0 
 3             82            8 
 4             82            7 
 1             83            8 
 2             83            7 
 3             83            6 
 4             83            0 
 1             84            0 
 2             84            2 
 3             84            9 
 4             84            8 
 1             85            0 
 2             85            8 
 3             85            7 
 4             85            7 
 1             86            10 
 2             86            0 
 3             86            9 
 4             86            8 
 1             87            0 
 2             87            9 
 3             87            8 
 4             87            10 
 1             88            0 
 2             88            6 
 3             88            10 
 4             88            6 
 1             89            6 
 2             89            9 
 3             89            0 
 4             89            9 
 1             90            8 
 2             90            10 
 3             90            0 
 4             90            10 
 1             91            6 
 2             91            0 
 3             91            6 
 4             91            8 
 1             92            10 
 2             92            4 
 3             92            0 
 4             92            8 
 1             93            10 
 2             93            10 
 3             93            0 
 4             93            10 
 1             94            6 
 2             94            0 
 3             94            3 
 4             94            10 
 1             95            9 
 2             95            8 
 3             95            7 
 4             95            0 
 1             96            10 
 2             96            8 
 3             96            0 
 4             96            10 
 1             97            8 
 2             97            0 
 3             97            7 
 4             97            9 
 1             98            10 
 2             98            0 
 3             98            5 
 4             98            10 
 1             99            10 
 2             99            10 
 3             99            0 
 4             99            10 
 1             100           6 
 2             100           0 
 3             100           9 
 4             100           9 
 1             101           8 
 2             101           0 
 3             101           6 
 4             101           8 
 1             102           10 
 2             102           10 
 3             102           0 
 4             102           6 
 1             103           0 
 2             103           6 
 3             103           10 
 4             103           6 
 1             104           7 
 2             104           0 
 3             104           7 
 4             104           4 
 1             105           0 
 2             105           7 
 3             105           9 
 4             105           10 
 1             106           6 
 2             106           5 
 3             106           8 
 4             106           0 
 1             107           8 
 2             107           8 
 3             107           10 
 4             107           0 
 1             108           8 
 2             108           8 
 3             108           0 
 4             108           9 
 1             109           0 
 2             109           8 
 3             109           10 
 4             109           9 
 1             110           7 
 2             110           10 
 3             110           10 
 4             110           0 
 1             111           0 
 2             111           7 
 3             111           5 
 4             111           8 
 1             112           0 
 2             112           7 
 3             112           10 
 4             112           10 
 1             113           0 
 2             113           10 
 3             113           9 
 4             113           10 
 1             114           0 
 2             114           8 
 3             114           7 
 4             114           8 
 1             115           7 
 2             115           6 
 3             115           9 
 4             115           0 
 1             116           0 
 2             116           7 
 3             116           7 
 4             116           9 
 1             117           6 
 2             117           8 
 3             117           8 
 4             117           0 
 1             118           0 
 2             118           7 
 3             118           7 
 4             118           5 
 1             119           5 
 2             119           7 
 3             119           0 
 4             119           10 
 1             120           6 
 2             120           0 
 3             120           10 
 4             120           4 
 1             121           10 
 2             121           0 
 3             121           6 
 4             121           8 
 1             122           0 
 2             122           7 
 3             122           10 
 4             122           4 
 1             123           6 
 2             123           0 
 3             123           5 
 4             123           10 
 1             124           6 
 2             124           10 
 3             124           0 
 4             124           10 
 1             125           8 
 2             125           0 
 3             125           6 
 4             125           10 
 1             126           10 
 2             126           8 
 3             126           9 
 4             126           0 
 1             127           5 
 2             127           10 
 3             127           10 
 4             127           0 
 1             128           10 
 2             128           8 
 3             128           0 
 4             128           10 
 1             129           9 
 2             129           7 
 3             129           9 
 4             129           0 
 1             130           0 
 2             130           8 
 3             130           8 
 4             130           3 
 1             131           7 
 2             131           8 
 3             131           0 
 4             131           9 
 1             132           8 
 2             132           8 
 3             132           0 
 4             132           10 
 1             133           8 
 2             133           10 
 3             133           5 
 4             133           0 
 1             134           9 
 2             134           6 
 3             134           0 
 4             134           10 
 1             135           10 
 2             135           10 
 3             135           0 
 4             135           9 
 1             136           10 
 2             136           9 
 3             136           6 
 4             136           0 
 1             137           10 
 2             137           0 
 3             137           3 
 4             137           8 
 1             138           10 
 2             138           10 
 3             138           8 
 4             138           0 
 1             139           10 
 2             139           10 
 3             139           0 
 4             139           10 
 1             140           0 
 2             140           5 
 3             140           9 
 4             140           7 
 1             141           5 
 2             141           6 
 3             141           0 
 4             141           7 
 1             142           6 
 2             142           10 
 3             142           0 
 4             142           8 
 1             143           0 
 2             143           10 
 3             143           8 
 4             143           8 
 1             144           5 
 2             144           7 
 3             144           9 
 4             144           0 
 1             145           9 
 2             145           4 
 3             145           0 
 4             145           10 
 1             146           10 
 2             146           9 
 3             146           9 
 4             146           0 
 1             147           7 
 2             147           5 
 3             147           8 
 4             147           0 
 1             148           7 
 2             148           4 
 3             148           7 
 4             148           0 
 1             149           9 
 2             149           10 
 3             149           0 
 4             149           8 
 1             150           7 
 2             150           0 
 3             150           6 
 4             150           9 
 1             151           10 
 2             151           7 
 3             151           10 
 4             151           0 
 1             152           9 
 2             152           9 
 3             152           10 
 4             152           0 
 1             153           8 
 2             153           4 
 3             153           10 
 4             153           0 
 1             154           0 
 2             154           7 
 3             154           9 
 4             154           10 
 1             155           0 
 2             155           9 
 3             155           10 
 4             155           10 
 1             156           0 
 2             156           4 
 3             156           8 
 4             156           8 
 1             157           7 
 2             157           0 
 3             157           10 
 4             157           7 
 1             158           10 
 2             158           0 
 3             158           10 
 4             158           2 
 1             159           10 
 2             159           10 
 3             159           6 
 4             159           0 
 1             160           0 
 2             160           9 
 3             160           10 
 4             160           10 
 1             161           10 
 2             161           4 
 3             161           10 
 4             161           0 
 1             162           10 
 2             162           10 
 3             162           0 
 4             162           3 
 1             163           5 
 2             163           6 
 3             163           7 
 4             163           0 
 1             164           6 
 2             164           5 
 3             164           0 
 4             164           10 
 1             165           5 
 2             165           0 
 3             165           10 
 4             165           10 
 1             166           4 
 2             166           0 
 3             166           7 
 4             166           10 
 1             167           9 
 2             167           0 
 3             167           6 
 4             167           8 
 1             168           8 
 2             168           6 
 3             168           0 
 4             168           6 
 1             169           10 
 2             169           0 
 3             169           10 
 4             169           6 
 1             170           10 
 2             170           0 
 3             170           9 
 4             170           10 
 1             171           10 
 2             171           10 
 3             171           0 
 4             171           10 
 1             172           10 
 2             172           8 
 3             172           0 
 4             172           9 
 1             173           0 
 2             173           8 
 3             173           8 
 4             173           9 
 1             174           0 
 2             174           8 
 3             174           7 
 4             174           6 
 1             175           10 
 2             175           9 
 3             175           5 
 4             175           0 
 1             176           0 
 2             176           9 
 3             176           8 
 4             176           10 
 1             177           8 
 2             177           5 
 3             177           6 
 4             177           0 
 1             178           6 
 2             178           0 
 3             178           9 
 4             178           8 
 1             179           0 
 2             179           7 
 3             179           9 
 4             179           9 
 1             180           5 
 2             180           7 
 3             180           7 
 4             180           0 
 1             181           10 
 2             181           0 
 3             181           5 
 4             181           3 
 1             182           9 
 2             182           9 
 3             182           0 
 4             182           3 
 1             183           10 
 2             183           6 
 3             183           0 
 4             183           8 
 1             184           0 
 2             184           10 
 3             184           10 
 4             184           7 
 1             185           0 
 2             185           9 
 3             185           10 
 4             185           10 
 1             186           0 
 2             186           9 
 3             186           7 
 4             186           5 
 1             187           10 
 2             187           10 
 3             187           0 
 4             187           10 
 1             188           0 
 2             188           8 
 3             188           10 
 4             188           8 
 1             189           6 
 2             189           10 
 3             189           0 
 4             189           9 
 1             190           8 
 2             190           10 
 3             190           0 
 4             190           7 
 1             191           10 
 2             191           10 
 3             191           0 
 4             191           8 
 1             192           0 
 2             192           10 
 3             192           10 
 4             192           10 
 1             193           10 
 2             193           8 
 3             193           0 
 4             193           10 
 1             194           0 
 2             194           5 
 3             194           5 
 4             194           5 
 1             195           10 
 2             195           8 
 3             195           8 
 4             195           0 
 1             196           10 
 2             196           10 
 3             196           0 
 4             196           6 
 1             197           4 
 2             197           10 
 3             197           0 
 4             197           10 
 1             198           10 
 2             198           0 
 3             198           8 
 4             198           10 
 1             199           8 
 2             199           0 
 3             199           7 
 4             199           10 
 1             200           9 
 2             200           10 
 3             200           10 
 4             200           0 
 1             201           7 
 2             201           9 
 3             201           0 
 4             201           6 
 1             202           10 
 2             202           0 
 3             202           10 
 4             202           5 
 1             203           6 
 2             203           5 
 3             203           0 
 4             203           8 
 1             204           7 
 2             204           7 
 3             204           9 
 4             204           0 
 1             205           10 
 2             205           8 
 3             205           8 
 4             205           0 
 1             206           0 
 2             206           5 
 3             206           10 
 4             206           5 
 1             207           10 
 2             207           7 
 3             207           0 
 4             207           4 
 1             208           7 
 2             208           10 
 3             208           0 
 4             208           4 
 1             209           10 
 2             209           6 
 3             209           0 
 4             209           10 
 1             210           7 
 2             210           0 
 3             210           9 
 4             210           10 
 1             211           9 
 2             211           0 
 3             211           10 
 4             211           8 
 1             212           0 
 2             212           10 
 3             212           10 
 4             212           6 
 1             213           0 
 2             213           9 
 3             213           5 
 4             213           8 
 1             214           10 
 2             214           10 
 3             214           0 
 4             214           9 
 1             215           6 
 2             215           10 
 3             215           0 
 4             215           6 
 1             216           7 
 2             216           0 
 3             216           9 
 4             216           5 
 1             217           6 
 2             217           10 
 3             217           0 
 4             217           7 
 1             218           7 
 2             218           8 
 3             218           0 
 4             218           10 
 1             219           10 
 2             219           10 
 3             219           0 
 4             219           9 
 1             220           4 
 2             220           7 
 3             220           8 
 4             220           0 
 1             221           6 
 2             221           6 
 3             221           0 
 4             221           5 
 1             222           9 
 2             222           0 
 3             222           7 
 4             222           10 
 1             223           10 
 2             223           0 
 3             223           8 
 4             223           9 
 1             224           4 
 2             224           10 
 3             224           0 
 4             224           9 
 1             225           0 
 2             225           6 
 3             225           9 
 4             225           9 
 1             226           10 
 2             226           8 
 3             226           0 
 4             226           6 
 1             227           9 
 2             227           8 
 3             227           7 
 4             227           0 
 1             228           0 
 2             228           8 
 3             228           8 
 4             228           10 
 1             229           8 
 2             229           8 
 3             229           7 
 4             229           0 
 1             230           7 
 2             230           10 
 3             230           10 
 4             230           0 
 1             231           10 
 2             231           6 
 3             231           0 
 4             231           4 
 1             232           4 
 2             232           9 
 3             232           5 
 4             232           0 
 1             233           6 
 2             233           4 
 3             233           0 
 4             233           5 
 1             234           9 
 2             234           0 
 3             234           5 
 4             234           6 
 1             235           10 
 2             235           7 
 3             235           10 
 4             235           0 
 1             236           6 
 2             236           10 
 3             236           0 
 4             236           8 
 1             237           10 
 2             237           10 
 3             237           10 
 4             237           0 
 1             238           0 
 2             238           8 
 3             238           9 
 4             238           9 
 1             239           8 
 2             239           7 
 3             239           0 
 4             239           10 
 1             240           10 
 2             240           10 
 3             240           10 
 4             240           0 
 1             241           0 
 2             241           8 
 3             241           8 
 4             241           7 
 1             242           0 
 2             242           5 
 3             242           7 
 4             242           10 
 1             243           8 
 2             243           5 
 3             243           0 
 4             243           10 
 1             244           10 
 2             244           8 
 3             244           0 
 4             244           10 
 1             245           8 
 2             245           8 
 3             245           0 
 4             245           6 
 1             246           0 
 2             246           10 
 3             246           7 
 4             246           10 
 1             247           10 
 2             247           3 
 3             247           0 
 4             247           10 
 1             248           7 
 2             248           9 
 3             248           5 
 4             248           0 
 1             249           9 
 2             249           8 
 3             249           0 
 4             249           4 
 1             250           0 
 2             250           4 
 3             250           10 
 4             250           9 
 1             251           5 
 2             251           0 
 3             251           7 
 4             251           10 
 1             252           0 
 2             252           9 
 3             252           10 
 4             252           5 
 1             253           8 
 2             253           6 
 3             253           6 
 4             253           0 
 1             254           0 
 2             254           5 
 3             254           6 
 4             254           10 
 1             255           6 
 2             255           9 
 3             255           7 
 4             255           0 
 1             256           6 
 2             256           0 
 3             256           5 
 4             256           3 
 1             257           0 
 2             257           10 
 3             257           5 
 4             257           7 
 1             258           0 
 2             258           6 
 3             258           10 
 4             258           10 
 1             259           8 
 2             259           0 
 3             259           10 
 4             259           10 
 1             260           10 
 2             260           9 
 3             260           0 
 4             260           10 
 1             261           7 
 2             261           0 
 3             261           10 
 4             261           8 
 1             262           5 
 2             262           8 
 3             262           10 
 4             262           0 
 1             263           0 
 2             263           9 
 3             263           10 
 4             263           8 
 1             264           9 
 2             264           0 
 3             264           10 
 4             264           8 
 1             265           9 
 2             265           10 
 3             265           10 
 4             265           0 
 1             266           0 
 2             266           7 
 3             266           9 
 4             266           4 
 1             267           9 
 2             267           0 
 3             267           8 
 4             267           7 
 1             268           0 
 2             268           7 
 3             268           9 
 4             268           8 
 1             269           5 
 2             269           0 
 3             269           10 
 4             269           9 
 1             270           10 
 2             270           5 
 3             270           7 
 4             270           0 
 1             271           0 
 2             271           9 
 3             271           10 
 4             271           5 
 1             272           3 
 2             272           6 
 3             272           10 
 4             272           0 
 1             273           4 
 2             273           0 
 3             273           9 
 4             273           10 
 1             274           10 
 2             274           8 
 3             274           0 
 4             274           10 
 1             275           9 
 2             275           0 
 3             275           6 
 4             275           10 
 1             276           0 
 2             276           9 
 3             276           6 
 4             276           10 
 1             277           7 
 2             277           9 
 3             277           0 
 4             277           10 
 1             278           0 
 2             278           10 
 3             278           6 
 4             278           8 
 1             279           6 
 2             279           9 
 3             279           0 
 4             279           8 
 1             280           10 
 2             280           8 
 3             280           0 
 4             280           4 
 1             281           10 
 2             281           10 
 3             281           0 
 4             281           4 
 1             282           3 
 2             282           0 
 3             282           4 
 4             282           6 
 1             283           9 
 2             283           7 
 3             283           0 
 4             283           10 
 1             284           6 
 2             284           8 
 3             284           7 
 4             284           0 
 1             285           5 
 2             285           10 
 3             285           0 
 4             285           7 
 1             286           0 
 2             286           7 
 3             286           10 
 4             286           7 
 1             287           9 
 2             287           7 
 3             287           7 
 4             287           0 
 1             288           7 
 2             288           10 
 3             288           8 
 4             288           0 
 1             289           8 
 2             289           10 
 3             289           0 
 4             289           7 
 1             290           0 
 2             290           10 
 3             290           10 
 4             290           8 
 1             291           7 
 2             291           0 
 3             291           8 
 4             291           6 
 1             292           10 
 2             292           0 
 3             292           9 
 4             292           6 
 1             293           10 
 2             293           6 
 3             293           7 
 4             293           0 
 1             294           0 
 2             294           5 
 3             294           9 
 4             294           7 
 1             295           7 
 2             295           10 
 3             295           10 
 4             295           0 
 1             296           7 
 2             296           7 
 3             296           0 
 4             296           7 
 1             297           10 
 2             297           0 
 3             297           7 
 4             297           8 
 1             298           10 
 2             298           10 
 3             298           0 
 4             298           5 
 1             299           6 
 2             299           10 
 3             299           0 
 4             299           8 
 1             300           0 
 2             300           10 
 3             300           10 
 4             300           9 
 1             301           6 
 2             301           0 
 3             301           8 
 4             301           10 
 1             302           0 
 2             302           0 
 3             302           0 
 4             302           0 
