 1             1             0 
 2             1             0 
 3             1             0 
 4             1             0 
 1             2             1 
 2             2             0 
 3             2             1 
 4             2             0 
 1             3             1 
 2             3             0 
 3             3             0 
 4             3             1 
 1             4             2 
 2             4             0 
 3             4             0 
 4             4             3 
 1             5             2 
 2             5             0 
 3             5             0 
 4             5             2 
 1             6             0 
 2             6             1 
 3             6             0 
 4             6             2 
 1             7             1 
 2             7             2 
 3             7             0 
 4             7             0 
 1             8             1 
 2             8             0 
 3             8             0 
 4             8             3 
 1             9             2 
 2             9             1 
 3             9             0 
 4             9             0 
 1             10            0 
 2             10            2 
 3             10            2 
 4             10            0 
 1             11            3 
 2             11            0 
 3             11            0 
 4             11            3 
 1             12            1 
 2             12            0 
 3             12            3 
 4             12            0 
 1             13            1 
 2             13            0 
 3             13            1 
 4             13            0 
 1             14            0 
 2             14            1 
 3             14            1 
 4             14            0 
 1             15            2 
 2             15            0 
 3             15            0 
 4             15            2 
 1             16            1 
 2             16            0 
 3             16            2 
 4             16            0 
 1             17            0 
 2             17            0 
 3             17            2 
 4             17            4 
 1             18            0 
 2             18            1 
 3             18            3 
 4             18            0 
 1             19            0 
 2             19            1 
 3             19            1 
 4             19            0 
 1             20            0 
 2             20            2 
 3             20            3 
 4             20            0 
 1             21            5 
 2             21            0 
 3             21            0 
 4             21            1 
 1             22            3 
 2             22            0 
 3             22            1 
 4             22            0 
 1             23            4 
 2             23            1 
 3             23            0 
 4             23            0 
 1             24            1 
 2             24            0 
 3             24            2 
 4             24            0 
 1             25            0 
 2             25            3 
 3             25            0 
 4             25            2 
 1             26            0 
 2             26            4 
 3             26            3 
 4             26            0 
 1             27            2 
 2             27            2 
 3             27            0 
 4             27            0 
 1             28            2 
 2             28            0 
 3             28            0 
 4             28            1 
 1             29            0 
 2             29            0 
 3             29            3 
 4             29            3 
 1             30            4 
 2             30            0 
 3             30            3 
 4             30            0 
 1             31            0 
 2             31            0 
 3             31            3 
 4             31            1 
 1             32            0 
 2             32            1 
 3             32            3 
 4             32            0 
 1             33            0 
 2             33            2 
 3             33            0 
 4             33            1 
 1             34            0 
 2             34            0 
 3             34            5 
 4             34            2 
 1             35            1 
 2             35            0 
 3             35            0 
 4             35            1 
 1             36            2 
 2             36            3 
 3             36            0 
 4             36            0 
 1             37            2 
 2             37            1 
 3             37            0 
 4             37            0 
 1             38            2 
 2             38            1 
 3             38            0 
 4             38            0 
 1             39            0 
 2             39            1 
 3             39            1 
 4             39            0 
 1             40            4 
 2             40            0 
 3             40            3 
 4             40            0 
 1             41            1 
 2             41            0 
 3             41            0 
 4             41            1 
 1             42            2 
 2             42            0 
 3             42            0 
 4             42            2 
 1             43            5 
 2             43            0 
 3             43            0 
 4             43            1 
 1             44            2 
 2             44            2 
 3             44            0 
 4             44            0 
 1             45            0 
 2             45            1 
 3             45            1 
 4             45            0 
 1             46            2 
 2             46            2 
 3             46            0 
 4             46            0 
 1             47            2 
 2             47            0 
 3             47            0 
 4             47            2 
 1             48            0 
 2             48            0 
 3             48            3 
 4             48            1 
 1             49            2 
 2             49            0 
 3             49            3 
 4             49            0 
 1             50            0 
 2             50            3 
 3             50            1 
 4             50            0 
 1             51            0 
 2             51            2 
 3             51            0 
 4             51            1 
 1             52            4 
 2             52            0 
 3             52            0 
 4             52            1 
 1             53            0 
 2             53            0 
 3             53            3 
 4             53            4 
 1             54            2 
 2             54            0 
 3             54            2 
 4             54            0 
 1             55            0 
 2             55            0 
 3             55            1 
 4             55            1 
 1             56            3 
 2             56            1 
 3             56            0 
 4             56            0 
 1             57            3 
 2             57            0 
 3             57            0 
 4             57            1 
 1             58            2 
 2             58            0 
 3             58            2 
 4             58            0 
 1             59            2 
 2             59            3 
 3             59            0 
 4             59            0 
 1             60            1 
 2             60            5 
 3             60            0 
 4             60            0 
 1             61            1 
 2             61            2 
 3             61            0 
 4             61            0 
 1             62            0 
 2             62            4 
 3             62            2 
 4             62            0 
 1             63            0 
 2             63            0 
 3             63            2 
 4             63            2 
 1             64            0 
 2             64            1 
 3             64            2 
 4             64            0 
 1             65            0 
 2             65            0 
 3             65            2 
 4             65            2 
 1             66            0 
 2             66            3 
 3             66            1 
 4             66            0 
 1             67            4 
 2             67            0 
 3             67            0 
 4             67            3 
 1             68            0 
 2             68            0 
 3             68            4 
 4             68            1 
 1             69            3 
 2             69            0 
 3             69            0 
 4             69            3 
 1             70            3 
 2             70            4 
 3             70            0 
 4             70            0 
 1             71            0 
 2             71            0 
 3             71            3 
 4             71            2 
 1             72            0 
 2             72            2 
 3             72            0 
 4             72            1 
 1             73            0 
 2             73            4 
 3             73            0 
 4             73            2 
 1             74            1 
 2             74            0 
 3             74            1 
 4             74            0 
 1             75            3 
 2             75            0 
 3             75            0 
 4             75            4 
 1             76            0 
 2             76            4 
 3             76            0 
 4             76            1 
 1             77            0 
 2             77            0 
 3             77            2 
 4             77            2 
 1             78            2 
 2             78            0 
 3             78            2 
 4             78            0 
 1             79            0 
 2             79            3 
 3             79            0 
 4             79            2 
 1             80            1 
 2             80            0 
 3             80            2 
 4             80            0 
 1             81            0 
 2             81            1 
 3             81            0 
 4             81            2 
 1             82            1 
 2             82            0 
 3             82            1 
 4             82            0 
 1             83            4 
 2             83            0 
 3             83            0 
 4             83            2 
 1             84            1 
 2             84            0 
 3             84            0 
 4             84            2 
 1             85            3 
 2             85            0 
 3             85            3 
 4             85            0 
 1             86            2 
 2             86            0 
 3             86            1 
 4             86            0 
 1             87            0 
 2             87            1 
 3             87            0 
 4             87            2 
 1             88            1 
 2             88            0 
 3             88            0 
 4             88            3 
 1             89            0 
 2             89            0 
 3             89            1 
 4             89            3 
 1             90            3 
 2             90            2 
 3             90            0 
 4             90            0 
 1             91            1 
 2             91            0 
 3             91            1 
 4             91            0 
 1             92            0 
 2             92            1 
 3             92            3 
 4             92            0 
 1             93            3 
 2             93            2 
 3             93            0 
 4             93            0 
 1             94            2 
 2             94            0 
 3             94            0 
 4             94            1 
 1             95            1 
 2             95            2 
 3             95            0 
 4             95            0 
 1             96            2 
 2             96            0 
 3             96            1 
 4             96            0 
 1             97            1 
 2             97            0 
 3             97            0 
 4             97            2 
 1             98            0 
 2             98            0 
 3             98            1 
 4             98            1 
 1             99            0 
 2             99            3 
 3             99            2 
 4             99            0 
 1             100           2 
 2             100           0 
 3             100           0 
 4             100           1 
 1             101           1 
 2             101           0 
 3             101           0 
 4             101           3 
 1             102           0 
 2             102           2 
 3             102           0 
 4             102           2 
 1             103           0 
 2             103           3 
 3             103           0 
 4             103           2 
 1             104           0 
 2             104           1 
 3             104           0 
 4             104           1 
 1             105           0 
 2             105           2 
 3             105           3 
 4             105           0 
 1             106           0 
 2             106           1 
 3             106           0 
 4             106           3 
 1             107           0 
 2             107           0 
 3             107           2 
 4             107           6 
 1             108           2 
 2             108           0 
 3             108           0 
 4             108           1 
 1             109           0 
 2             109           0 
 3             109           3 
 4             109           1 
 1             110           0 
 2             110           0 
 3             110           2 
 4             110           1 
 1             111           0 
 2             111           1 
 3             111           0 
 4             111           1 
 1             112           0 
 2             112           0 
 3             112           2 
 4             112           1 
 1             113           0 
 2             113           1 
 3             113           0 
 4             113           2 
 1             114           2 
 2             114           0 
 3             114           3 
 4             114           0 
 1             115           1 
 2             115           0 
 3             115           2 
 4             115           0 
 1             116           0 
 2             116           3 
 3             116           0 
 4             116           2 
 1             117           0 
 2             117           2 
 3             117           3 
 4             117           0 
 1             118           2 
 2             118           0 
 3             118           0 
 4             118           2 
 1             119           4 
 2             119           0 
 3             119           0 
 4             119           1 
 1             120           0 
 2             120           3 
 3             120           1 
 4             120           0 
 1             121           0 
 2             121           0 
 3             121           4 
 4             121           1 
 1             122           0 
 2             122           2 
 3             122           1 
 4             122           0 
 1             123           0 
 2             123           3 
 3             123           0 
 4             123           3 
 1             124           2 
 2             124           0 
 3             124           2 
 4             124           0 
 1             125           2 
 2             125           0 
 3             125           2 
 4             125           0 
 1             126           4 
 2             126           0 
 3             126           0 
 4             126           2 
 1             127           4 
 2             127           0 
 3             127           3 
 4             127           0 
 1             128           0 
 2             128           0 
 3             128           3 
 4             128           2 
 1             129           0 
 2             129           1 
 3             129           1 
 4             129           0 
 1             130           0 
 2             130           3 
 3             130           0 
 4             130           1 
 1             131           1 
 2             131           0 
 3             131           1 
 4             131           0 
 1             132           1 
 2             132           0 
 3             132           1 
 4             132           0 
 1             133           0 
 2             133           1 
 3             133           1 
 4             133           0 
 1             134           0 
 2             134           3 
 3             134           0 
 4             134           1 
 1             135           2 
 2             135           0 
 3             135           2 
 4             135           0 
 1             136           4 
 2             136           0 
 3             136           0 
 4             136           3 
 1             137           2 
 2             137           0 
 3             137           0 
 4             137           2 
 1             138           1 
 2             138           0 
 3             138           2 
 4             138           0 
 1             139           3 
 2             139           0 
 3             139           0 
 4             139           1 
 1             140           3 
 2             140           0 
 3             140           1 
 4             140           0 
 1             141           0 
 2             141           0 
 3             141           3 
 4             141           4 
 1             142           1 
 2             142           1 
 3             142           0 
 4             142           0 
 1             143           1 
 2             143           0 
 3             143           2 
 4             143           0 
 1             144           0 
 2             144           0 
 3             144           1 
 4             144           4 
 1             145           1 
 2             145           0 
 3             145           1 
 4             145           0 
 1             146           2 
 2             146           0 
 3             146           0 
 4             146           2 
 1             147           2 
 2             147           0 
 3             147           1 
 4             147           0 
 1             148           2 
 2             148           1 
 3             148           0 
 4             148           0 
 1             149           2 
 2             149           2 
 3             149           0 
 4             149           0 
 1             150           3 
 2             150           0 
 3             150           2 
 4             150           0 
 1             151           3 
 2             151           0 
 3             151           3 
 4             151           0 
 1             152           0 
 2             152           1 
 3             152           4 
 4             152           0 
 1             153           2 
 2             153           0 
 3             153           2 
 4             153           0 
 1             154           0 
 2             154           2 
 3             154           2 
 4             154           0 
 1             155           2 
 2             155           0 
 3             155           0 
 4             155           2 
 1             156           1 
 2             156           0 
 3             156           3 
 4             156           0 
 1             157           1 
 2             157           0 
 3             157           0 
 4             157           2 
 1             158           0 
 2             158           2 
 3             158           3 
 4             158           0 
 1             159           0 
 2             159           0 
 3             159           1 
 4             159           2 
 1             160           3 
 2             160           1 
 3             160           0 
 4             160           0 
 1             161           0 
 2             161           0 
 3             161           2 
 4             161           1 
 1             162           2 
 2             162           1 
 3             162           0 
 4             162           0 
 1             163           0 
 2             163           3 
 3             163           1 
 4             163           0 
 1             164           3 
 2             164           0 
 3             164           2 
 4             164           0 
 1             165           2 
 2             165           0 
 3             165           2 
 4             165           0 
 1             166           0 
 2             166           0 
 3             166           1 
 4             166           2 
 1             167           0 
 2             167           5 
 3             167           1 
 4             167           0 
 1             168           3 
 2             168           0 
 3             168           1 
 4             168           0 
 1             169           0 
 2             169           0 
 3             169           1 
 4             169           3 
 1             170           0 
 2             170           0 
 3             170           3 
 4             170           2 
 1             171           0 
 2             171           0 
 3             171           3 
 4             171           2 
 1             172           2 
 2             172           0 
 3             172           0 
 4             172           3 
 1             173           0 
 2             173           2 
 3             173           0 
 4             173           1 
 1             174           3 
 2             174           0 
 3             174           1 
 4             174           0 
 1             175           1 
 2             175           0 
 3             175           0 
 4             175           1 
 1             176           1 
 2             176           0 
 3             176           0 
 4             176           1 
 1             177           0 
 2             177           1 
 3             177           0 
 4             177           1 
 1             178           0 
 2             178           1 
 3             178           0 
 4             178           2 
 1             179           2 
 2             179           2 
 3             179           0 
 4             179           0 
 1             180           1 
 2             180           1 
 3             180           0 
 4             180           0 
 1             181           0 
 2             181           1 
 3             181           1 
 4             181           0 
 1             182           0 
 2             182           1 
 3             182           1 
 4             182           0 
 1             183           3 
 2             183           0 
 3             183           0 
 4             183           1 
 1             184           2 
 2             184           1 
 3             184           0 
 4             184           0 
 1             185           1 
 2             185           0 
 3             185           2 
 4             185           0 
 1             186           3 
 2             186           0 
 3             186           0 
 4             186           3 
 1             187           1 
 2             187           1 
 3             187           0 
 4             187           0 
 1             188           1 
 2             188           0 
 3             188           5 
 4             188           0 
 1             189           0 
 2             189           3 
 3             189           0 
 4             189           2 
 1             190           1 
 2             190           0 
 3             190           4 
 4             190           0 
 1             191           0 
 2             191           2 
 3             191           0 
 4             191           1 
 1             192           3 
 2             192           0 
 3             192           4 
 4             192           0 
 1             193           0 
 2             193           0 
 3             193           1 
 4             193           1 
 1             194           0 
 2             194           1 
 3             194           0 
 4             194           1 
 1             195           0 
 2             195           3 
 3             195           3 
 4             195           0 
 1             196           0 
 2             196           0 
 3             196           3 
 4             196           2 
 1             197           0 
 2             197           2 
 3             197           1 
 4             197           0 
 1             198           0 
 2             198           2 
 3             198           0 
 4             198           3 
 1             199           1 
 2             199           0 
 3             199           0 
 4             199           1 
 1             200           0 
 2             200           2 
 3             200           2 
 4             200           0 
 1             201           0 
 2             201           2 
 3             201           2 
 4             201           0 
 1             202           2 
 2             202           2 
 3             202           0 
 4             202           0 
 1             203           0 
 2             203           0 
 3             203           2 
 4             203           4 
 1             204           0 
 2             204           3 
 3             204           1 
 4             204           0 
 1             205           0 
 2             205           0 
 3             205           1 
 4             205           2 
 1             206           0 
 2             206           1 
 3             206           0 
 4             206           4 
 1             207           1 
 2             207           0 
 3             207           0 
 4             207           2 
 1             208           0 
 2             208           0 
 3             208           1 
 4             208           2 
 1             209           2 
 2             209           1 
 3             209           0 
 4             209           0 
 1             210           0 
 2             210           0 
 3             210           2 
 4             210           3 
 1             211           0 
 2             211           4 
 3             211           0 
 4             211           2 
 1             212           2 
 2             212           0 
 3             212           1 
 4             212           0 
 1             213           2 
 2             213           2 
 3             213           0 
 4             213           0 
 1             214           0 
 2             214           0 
 3             214           3 
 4             214           1 
 1             215           0 
 2             215           2 
 3             215           7 
 4             215           0 
 1             216           4 
 2             216           0 
 3             216           0 
 4             216           3 
 1             217           3 
 2             217           0 
 3             217           2 
 4             217           0 
 1             218           2 
 2             218           2 
 3             218           0 
 4             218           0 
 1             219           1 
 2             219           1 
 3             219           0 
 4             219           0 
 1             220           2 
 2             220           2 
 3             220           0 
 4             220           0 
 1             221           0 
 2             221           0 
 3             221           2 
 4             221           2 
 1             222           2 
 2             222           0 
 3             222           2 
 4             222           0 
 1             223           0 
 2             223           2 
 3             223           1 
 4             223           0 
 1             224           0 
 2             224           3 
 3             224           0 
 4             224           3 
 1             225           0 
 2             225           0 
 3             225           2 
 4             225           1 
 1             226           0 
 2             226           0 
 3             226           2 
 4             226           1 
 1             227           0 
 2             227           0 
 3             227           3 
 4             227           1 
 1             228           3 
 2             228           0 
 3             228           0 
 4             228           2 
 1             229           0 
 2             229           2 
 3             229           2 
 4             229           0 
 1             230           1 
 2             230           0 
 3             230           3 
 4             230           0 
 1             231           2 
 2             231           0 
 3             231           1 
 4             231           0 
 1             232           2 
 2             232           0 
 3             232           4 
 4             232           0 
 1             233           1 
 2             233           0 
 3             233           1 
 4             233           0 
 1             234           0 
 2             234           1 
 3             234           2 
 4             234           0 
 1             235           4 
 2             235           0 
 3             235           2 
 4             235           0 
 1             236           1 
 2             236           5 
 3             236           0 
 4             236           0 
 1             237           0 
 2             237           1 
 3             237           2 
 4             237           0 
 1             238           3 
 2             238           0 
 3             238           0 
 4             238           3 
 1             239           0 
 2             239           0 
 3             239           1 
 4             239           3 
 1             240           0 
 2             240           0 
 3             240           1 
 4             240           1 
 1             241           2 
 2             241           0 
 3             241           1 
 4             241           0 
 1             242           1 
 2             242           0 
 3             242           0 
 4             242           2 
 1             243           0 
 2             243           1 
 3             243           0 
 4             243           1 
 1             244           0 
 2             244           2 
 3             244           0 
 4             244           4 
 1             245           0 
 2             245           0 
 3             245           1 
 4             245           4 
 1             246           2 
 2             246           0 
 3             246           0 
 4             246           4 
 1             247           0 
 2             247           1 
 3             247           0 
 4             247           2 
 1             248           0 
 2             248           2 
 3             248           0 
 4             248           4 
 1             249           0 
 2             249           0 
 3             249           1 
 4             249           3 
 1             250           1 
 2             250           0 
 3             250           0 
 4             250           2 
 1             251           1 
 2             251           2 
 3             251           0 
 4             251           0 
 1             252           2 
 2             252           0 
 3             252           0 
 4             252           1 
 1             253           2 
 2             253           0 
 3             253           1 
 4             253           0 
 1             254           1 
 2             254           2 
 3             254           0 
 4             254           0 
 1             255           1 
 2             255           1 
 3             255           0 
 4             255           0 
 1             256           0 
 2             256           2 
 3             256           2 
 4             256           0 
 1             257           0 
 2             257           0 
 3             257           1 
 4             257           4 
 1             258           2 
 2             258           0 
 3             258           3 
 4             258           0 
 1             259           0 
 2             259           2 
 3             259           1 
 4             259           0 
 1             260           0 
 2             260           3 
 3             260           0 
 4             260           3 
 1             261           0 
 2             261           1 
 3             261           0 
 4             261           2 
 1             262           2 
 2             262           0 
 3             262           0 
 4             262           1 
 1             263           4 
 2             263           1 
 3             263           0 
 4             263           0 
 1             264           3 
 2             264           0 
 3             264           0 
 4             264           2 
 1             265           0 
 2             265           1 
 3             265           0 
 4             265           1 
 1             266           0 
 2             266           2 
 3             266           2 
 4             266           0 
 1             267           1 
 2             267           0 
 3             267           3 
 4             267           0 
 1             268           1 
 2             268           0 
 3             268           2 
 4             268           0 
 1             269           1 
 2             269           2 
 3             269           0 
 4             269           0 
 1             270           2 
 2             270           0 
 3             270           0 
 4             270           4 
 1             271           1 
 2             271           0 
 3             271           0 
 4             271           2 
 1             272           0 
 2             272           0 
 3             272           1 
 4             272           2 
 1             273           0 
 2             273           2 
 3             273           2 
 4             273           0 
 1             274           1 
 2             274           0 
 3             274           0 
 4             274           2 
 1             275           0 
 2             275           2 
 3             275           0 
 4             275           1 
 1             276           1 
 2             276           0 
 3             276           4 
 4             276           0 
 1             277           2 
 2             277           0 
 3             277           0 
 4             277           2 
 1             278           0 
 2             278           0 
 3             278           3 
 4             278           3 
 1             279           0 
 2             279           0 
 3             279           2 
 4             279           1 
 1             280           1 
 2             280           2 
 3             280           0 
 4             280           0 
 1             281           0 
 2             281           3 
 3             281           0 
 4             281           2 
 1             282           0 
 2             282           0 
 3             282           1 
 4             282           2 
 1             283           2 
 2             283           0 
 3             283           0 
 4             283           2 
 1             284           0 
 2             284           2 
 3             284           1 
 4             284           0 
 1             285           2 
 2             285           4 
 3             285           0 
 4             285           0 
 1             286           0 
 2             286           3 
 3             286           0 
 4             286           1 
 1             287           0 
 2             287           0 
 3             287           1 
 4             287           3 
 1             288           1 
 2             288           0 
 3             288           0 
 4             288           2 
 1             289           2 
 2             289           1 
 3             289           0 
 4             289           0 
 1             290           0 
 2             290           2 
 3             290           0 
 4             290           1 
 1             291           2 
 2             291           0 
 3             291           0 
 4             291           1 
 1             292           1 
 2             292           0 
 3             292           0 
 4             292           2 
 1             293           1 
 2             293           0 
 3             293           0 
 4             293           2 
 1             294           0 
 2             294           0 
 3             294           2 
 4             294           1 
 1             295           2 
 2             295           5 
 3             295           0 
 4             295           0 
 1             296           0 
 2             296           2 
 3             296           1 
 4             296           0 
 1             297           0 
 2             297           0 
 3             297           2 
 4             297           2 
 1             298           0 
 2             298           0 
 3             298           1 
 4             298           1 
 1             299           3 
 2             299           0 
 3             299           0 
 4             299           3 
 1             300           0 
 2             300           3 
 3             300           2 
 4             300           0 
 1             301           0 
 2             301           1 
 3             301           1 
 4             301           0 
 1             302           0 
 2             302           0 
 3             302           0 
 4             302           0 
