 1             1             0 
 2             1             0 
 3             1             0 
 4             1             0 
 1             2             3 
 2             2             10 
 3             2             5 
 4             2             3 
 1             3             8 
 2             3             6 
 3             3             5 
 4             3             6 
 1             4             8 
 2             4             4 
 3             4             10 
 4             4             4 
 1             5             4 
 2             5             10 
 3             5             3 
 4             5             4 
 1             6             10 
 2             6             8 
 3             6             8 
 4             6             8 
 1             7             10 
 2             7             10 
 3             7             7 
 4             7             8 
 1             8             7 
 2             8             5 
 3             8             6 
 4             8             8 
 1             9             6 
 2             9             10 
 3             9             8 
 4             9             5 
 1             10            10 
 2             10            10 
 3             10            10 
 4             10            10 
 1             11            10 
 2             11            10 
 3             11            9 
 4             11            10 
 1             12            9 
 2             12            10 
 3             12            8 
 4             12            8 
 1             13            8 
 2             13            6 
 3             13            8 
 4             13            8 
 1             14            10 
 2             14            10 
 3             14            6 
 4             14            6 
 1             15            10 
 2             15            10 
 3             15            10 
 4             15            10 
 1             16            10 
 2             16            9 
 3             16            6 
 4             16            7 
 1             17            7 
 2             17            9 
 3             17            10 
 4             17            6 
 1             18            3 
 2             18            9 
 3             18            9 
 4             18            8 
 1             19            10 
 2             19            2 
 3             19            5 
 4             19            7 
 1             20            10 
 2             20            10 
 3             20            9 
 4             20            9 
 1             21            10 
 2             21            3 
 3             21            10 
 4             21            3 
 1             22            6 
 2             22            6 
 3             22            9 
 4             22            7 
 1             23            8 
 2             23            7 
 3             23            7 
 4             23            10 
 1             24            8 
 2             24            10 
 3             24            5 
 4             24            7 
 1             25            6 
 2             25            9 
 3             25            8 
 4             25            8 
 1             26            10 
 2             26            8 
 3             26            6 
 4             26            7 
 1             27            9 
 2             27            6 
 3             27            8 
 4             27            6 
 1             28            4 
 2             28            4 
 3             28            10 
 4             28            10 
 1             29            8 
 2             29            7 
 3             29            10 
 4             29            8 
 1             30            10 
 2             30            10 
 3             30            8 
 4             30            10 
 1             31            10 
 2             31            7 
 3             31            10 
 4             31            7 
 1             32            6 
 2             32            6 
 3             32            9 
 4             32            10 
 1             33            4 
 2             33            10 
 3             33            7 
 4             33            10 
 1             34            10 
 2             34            9 
 3             34            9 
 4             34            8 
 1             35            10 
 2             35            10 
 3             35            5 
 4             35            8 
 1             36            10 
 2             36            7 
 3             36            4 
 4             36            7 
 1             37            10 
 2             37            10 
 3             37            10 
 4             37            9 
 1             38            8 
 2             38            6 
 3             38            9 
 4             38            8 
 1             39            9 
 2             39            10 
 3             39            9 
 4             39            9 
 1             40            10 
 2             40            10 
 3             40            10 
 4             40            10 
 1             41            8 
 2             41            4 
 3             41            10 
 4             41            10 
 1             42            10 
 2             42            9 
 3             42            9 
 4             42            10 
 1             43            10 
 2             43            5 
 3             43            4 
 4             43            8 
 1             44            6 
 2             44            10 
 3             44            10 
 4             44            7 
 1             45            8 
 2             45            9 
 3             45            8 
 4             45            6 
 1             46            7 
 2             46            10 
 3             46            10 
 4             46            8 
 1             47            6 
 2             47            8 
 3             47            8 
 4             47            9 
 1             48            10 
 2             48            9 
 3             48            7 
 4             48            6 
 1             49            9 
 2             49            10 
 3             49            6 
 4             49            10 
 1             50            10 
 2             50            7 
 3             50            7 
 4             50            8 
 1             51            10 
 2             51            7 
 3             51            10 
 4             51            10 
 1             52            7 
 2             52            10 
 3             52            4 
 4             52            8 
 1             53            5 
 2             53            8 
 3             53            10 
 4             53            6 
 1             54            10 
 2             54            9 
 3             54            5 
 4             54            2 
 1             55            10 
 2             55            6 
 3             55            8 
 4             55            10 
 1             56            10 
 2             56            9 
 3             56            10 
 4             56            9 
 1             57            2 
 2             57            10 
 3             57            9 
 4             57            6 
 1             58            8 
 2             58            8 
 3             58            6 
 4             58            7 
 1             59            10 
 2             59            10 
 3             59            8 
 4             59            10 
 1             60            5 
 2             60            7 
 3             60            10 
 4             60            9 
 1             61            8 
 2             61            8 
 3             61            10 
 4             61            7 
 1             62            10 
 2             62            9 
 3             62            8 
 4             62            10 
 1             63            10 
 2             63            10 
 3             63            8 
 4             63            7 
 1             64            6 
 2             64            9 
 3             64            8 
 4             64            5 
 1             65            10 
 2             65            3 
 3             65            8 
 4             65            10 
 1             66            7 
 2             66            8 
 3             66            10 
 4             66            10 
 1             67            10 
 2             67            9 
 3             67            7 
 4             67            10 
 1             68            10 
 2             68            10 
 3             68            9 
 4             68            6 
 1             69            10 
 2             69            5 
 3             69            8 
 4             69            10 
 1             70            10 
 2             70            10 
 3             70            7 
 4             70            9 
 1             71            10 
 2             71            10 
 3             71            7 
 4             71            10 
 1             72            9 
 2             72            9 
 3             72            9 
 4             72            10 
 1             73            9 
 2             73            9 
 3             73            9 
 4             73            8 
 1             74            10 
 2             74            9 
 3             74            9 
 4             74            10 
 1             75            10 
 2             75            5 
 3             75            10 
 4             75            8 
 1             76            8 
 2             76            10 
 3             76            8 
 4             76            6 
 1             77            10 
 2             77            5 
 3             77            8 
 4             77            8 
 1             78            5 
 2             78            8 
 3             78            10 
 4             78            4 
 1             79            10 
 2             79            5 
 3             79            10 
 4             79            8 
 1             80            6 
 2             80            10 
 3             80            5 
 4             80            5 
 1             81            10 
 2             81            6 
 3             81            10 
 4             81            6 
 1             82            6 
 2             82            7 
 3             82            5 
 4             82            6 
 1             83            8 
 2             83            8 
 3             83            9 
 4             83            9 
 1             84            9 
 2             84            7 
 3             84            4 
 4             84            10 
 1             85            8 
 2             85            6 
 3             85            5 
 4             85            6 
 1             86            10 
 2             86            7 
 3             86            9 
 4             86            6 
 1             87            5 
 2             87            5 
 3             87            10 
 4             87            10 
 1             88            8 
 2             88            6 
 3             88            6 
 4             88            8 
 1             89            10 
 2             89            7 
 3             89            9 
 4             89            6 
 1             90            9 
 2             90            6 
 3             90            6 
 4             90            10 
 1             91            10 
 2             91            10 
 3             91            10 
 4             91            10 
 1             92            8 
 2             92            10 
 3             92            7 
 4             92            7 
 1             93            10 
 2             93            10 
 3             93            6 
 4             93            7 
 1             94            10 
 2             94            10 
 3             94            4 
 4             94            8 
 1             95            10 
 2             95            10 
 3             95            8 
 4             95            10 
 1             96            10 
 2             96            5 
 3             96            10 
 4             96            6 
 1             97            7 
 2             97            3 
 3             97            5 
 4             97            7 
 1             98            5 
 2             98            5 
 3             98            8 
 4             98            10 
 1             99            6 
 2             99            9 
 3             99            5 
 4             99            6 
 1             100           6 
 2             100           9 
 3             100           8 
 4             100           5 
 1             101           8 
 2             101           7 
 3             101           10 
 4             101           10 
 1             102           4 
 2             102           6 
 3             102           8 
 4             102           10 
 1             103           7 
 2             103           10 
 3             103           7 
 4             103           7 
 1             104           10 
 2             104           10 
 3             104           7 
 4             104           6 
 1             105           10 
 2             105           10 
 3             105           5 
 4             105           7 
 1             106           10 
 2             106           8 
 3             106           8 
 4             106           9 
 1             107           7 
 2             107           9 
 3             107           7 
 4             107           10 
 1             108           10 
 2             108           10 
 3             108           10 
 4             108           8 
 1             109           5 
 2             109           10 
 3             109           7 
 4             109           10 
 1             110           7 
 2             110           7 
 3             110           10 
 4             110           4 
 1             111           9 
 2             111           6 
 3             111           10 
 4             111           10 
 1             112           2 
 2             112           10 
 3             112           10 
 4             112           6 
 1             113           8 
 2             113           7 
 3             113           10 
 4             113           10 
 1             114           10 
 2             114           9 
 3             114           10 
 4             114           10 
 1             115           5 
 2             115           8 
 3             115           7 
 4             115           7 
 1             116           8 
 2             116           10 
 3             116           10 
 4             116           9 
 1             117           9 
 2             117           10 
 3             117           9 
 4             117           6 
 1             118           8 
 2             118           9 
 3             118           8 
 4             118           8 
 1             119           6 
 2             119           10 
 3             119           7 
 4             119           7 
 1             120           10 
 2             120           6 
 3             120           10 
 4             120           6 
 1             121           9 
 2             121           7 
 3             121           5 
 4             121           8 
 1             122           9 
 2             122           9 
 3             122           8 
 4             122           10 
 1             123           9 
 2             123           8 
 3             123           6 
 4             123           10 
 1             124           7 
 2             124           7 
 3             124           10 
 4             124           5 
 1             125           6 
 2             125           10 
 3             125           6 
 4             125           10 
 1             126           5 
 2             126           10 
 3             126           9 
 4             126           9 
 1             127           9 
 2             127           9 
 3             127           6 
 4             127           10 
 1             128           10 
 2             128           8 
 3             128           8 
 4             128           9 
 1             129           8 
 2             129           10 
 3             129           9 
 4             129           8 
 1             130           7 
 2             130           7 
 3             130           4 
 4             130           6 
 1             131           8 
 2             131           6 
 3             131           8 
 4             131           10 
 1             132           5 
 2             132           5 
 3             132           6 
 4             132           6 
 1             133           7 
 2             133           8 
 3             133           10 
 4             133           8 
 1             134           8 
 2             134           6 
 3             134           5 
 4             134           10 
 1             135           8 
 2             135           10 
 3             135           8 
 4             135           10 
 1             136           7 
 2             136           10 
 3             136           9 
 4             136           10 
 1             137           8 
 2             137           10 
 3             137           9 
 4             137           7 
 1             138           7 
 2             138           6 
 3             138           6 
 4             138           9 
 1             139           7 
 2             139           10 
 3             139           5 
 4             139           10 
 1             140           10 
 2             140           8 
 3             140           8 
 4             140           7 
 1             141           8 
 2             141           5 
 3             141           8 
 4             141           5 
 1             142           6 
 2             142           10 
 3             142           9 
 4             142           5 
 1             143           9 
 2             143           10 
 3             143           7 
 4             143           5 
 1             144           7 
 2             144           10 
 3             144           10 
 4             144           6 
 1             145           10 
 2             145           9 
 3             145           8 
 4             145           8 
 1             146           10 
 2             146           10 
 3             146           10 
 4             146           10 
 1             147           10 
 2             147           5 
 3             147           6 
 4             147           6 
 1             148           10 
 2             148           8 
 3             148           7 
 4             148           10 
 1             149           9 
 2             149           10 
 3             149           10 
 4             149           5 
 1             150           10 
 2             150           10 
 3             150           10 
 4             150           10 
 1             151           6 
 2             151           7 
 3             151           7 
 4             151           10 
 1             152           8 
 2             152           7 
 3             152           10 
 4             152           7 
 1             153           6 
 2             153           7 
 3             153           10 
 4             153           10 
 1             154           10 
 2             154           9 
 3             154           10 
 4             154           9 
 1             155           5 
 2             155           5 
 3             155           10 
 4             155           3 
 1             156           8 
 2             156           4 
 3             156           10 
 4             156           8 
 1             157           10 
 2             157           8 
 3             157           6 
 4             157           10 
 1             158           9 
 2             158           5 
 3             158           10 
 4             158           10 
 1             159           10 
 2             159           6 
 3             159           4 
 4             159           10 
 1             160           8 
 2             160           10 
 3             160           10 
 4             160           10 
 1             161           4 
 2             161           6 
 3             161           7 
 4             161           6 
 1             162           9 
 2             162           9 
 3             162           10 
 4             162           10 
 1             163           8 
 2             163           9 
 3             163           10 
 4             163           10 
 1             164           9 
 2             164           10 
 3             164           7 
 4             164           8 
 1             165           8 
 2             165           9 
 3             165           8 
 4             165           10 
 1             166           10 
 2             166           8 
 3             166           10 
 4             166           10 
 1             167           10 
 2             167           10 
 3             167           10 
 4             167           7 
 1             168           10 
 2             168           7 
 3             168           7 
 4             168           9 
 1             169           8 
 2             169           8 
 3             169           10 
 4             169           9 
 1             170           9 
 2             170           10 
 3             170           5 
 4             170           7 
 1             171           5 
 2             171           9 
 3             171           8 
 4             171           9 
 1             172           7 
 2             172           8 
 3             172           10 
 4             172           9 
 1             173           5 
 2             173           6 
 3             173           10 
 4             173           10 
 1             174           8 
 2             174           6 
 3             174           8 
 4             174           8 
 1             175           5 
 2             175           10 
 3             175           8 
 4             175           6 
 1             176           4 
 2             176           10 
 3             176           6 
 4             176           7 
 1             177           10 
 2             177           8 
 3             177           8 
 4             177           9 
 1             178           6 
 2             178           10 
 3             178           9 
 4             178           10 
 1             179           9 
 2             179           8 
 3             179           7 
 4             179           10 
 1             180           7 
 2             180           10 
 3             180           8 
 4             180           10 
 1             181           7 
 2             181           10 
 3             181           7 
 4             181           4 
 1             182           8 
 2             182           9 
 3             182           6 
 4             182           10 
 1             183           7 
 2             183           10 
 3             183           10 
 4             183           8 
 1             184           10 
 2             184           10 
 3             184           8 
 4             184           9 
 1             185           10 
 2             185           6 
 3             185           5 
 4             185           10 
 1             186           6 
 2             186           4 
 3             186           9 
 4             186           4 
 1             187           4 
 2             187           5 
 3             187           9 
 4             187           9 
 1             188           6 
 2             188           8 
 3             188           10 
 4             188           7 
 1             189           9 
 2             189           7 
 3             189           10 
 4             189           7 
 1             190           10 
 2             190           9 
 3             190           8 
 4             190           7 
 1             191           10 
 2             191           7 
 3             191           10 
 4             191           5 
 1             192           5 
 2             192           6 
 3             192           9 
 4             192           10 
 1             193           10 
 2             193           10 
 3             193           10 
 4             193           8 
 1             194           10 
 2             194           6 
 3             194           6 
 4             194           10 
 1             195           10 
 2             195           7 
 3             195           10 
 4             195           6 
 1             196           6 
 2             196           10 
 3             196           10 
 4             196           10 
 1             197           10 
 2             197           7 
 3             197           9 
 4             197           5 
 1             198           9 
 2             198           10 
 3             198           10 
 4             198           9 
 1             199           9 
 2             199           8 
 3             199           10 
 4             199           10 
 1             200           9 
 2             200           9 
 3             200           10 
 4             200           6 
 1             201           4 
 2             201           10 
 3             201           5 
 4             201           5 
 1             202           10 
 2             202           10 
 3             202           10 
 4             202           10 
 1             203           5 
 2             203           10 
 3             203           8 
 4             203           8 
 1             204           8 
 2             204           9 
 3             204           7 
 4             204           7 
 1             205           10 
 2             205           9 
 3             205           8 
 4             205           9 
 1             206           9 
 2             206           8 
 3             206           6 
 4             206           9 
 1             207           10 
 2             207           7 
 3             207           10 
 4             207           4 
 1             208           7 
 2             208           9 
 3             208           10 
 4             208           10 
 1             209           7 
 2             209           7 
 3             209           6 
 4             209           10 
 1             210           9 
 2             210           10 
 3             210           10 
 4             210           10 
 1             211           10 
 2             211           10 
 3             211           10 
 4             211           5 
 1             212           10 
 2             212           9 
 3             212           7 
 4             212           4 
 1             213           7 
 2             213           6 
 3             213           8 
 4             213           10 
 1             214           7 
 2             214           10 
 3             214           6 
 4             214           10 
 1             215           4 
 2             215           7 
 3             215           10 
 4             215           10 
 1             216           10 
 2             216           8 
 3             216           9 
 4             216           8 
 1             217           8 
 2             217           6 
 3             217           7 
 4             217           7 
 1             218           5 
 2             218           10 
 3             218           6 
 4             218           7 
 1             219           10 
 2             219           6 
 3             219           8 
 4             219           7 
 1             220           8 
 2             220           8 
 3             220           8 
 4             220           10 
 1             221           6 
 2             221           10 
 3             221           5 
 4             221           10 
 1             222           10 
 2             222           7 
 3             222           7 
 4             222           7 
 1             223           10 
 2             223           10 
 3             223           10 
 4             223           8 
 1             224           9 
 2             224           5 
 3             224           6 
 4             224           10 
 1             225           5 
 2             225           8 
 3             225           9 
 4             225           10 
 1             226           9 
 2             226           10 
 3             226           10 
 4             226           7 
 1             227           6 
 2             227           8 
 3             227           4 
 4             227           9 
 1             228           10 
 2             228           10 
 3             228           10 
 4             228           10 
 1             229           9 
 2             229           10 
 3             229           10 
 4             229           8 
 1             230           9 
 2             230           4 
 3             230           8 
 4             230           9 
 1             231           5 
 2             231           10 
 3             231           8 
 4             231           8 
 1             232           10 
 2             232           8 
 3             232           6 
 4             232           9 
 1             233           10 
 2             233           10 
 3             233           5 
 4             233           7 
 1             234           9 
 2             234           10 
 3             234           9 
 4             234           10 
 1             235           7 
 2             235           9 
 3             235           8 
 4             235           10 
 1             236           6 
 2             236           9 
 3             236           5 
 4             236           10 
 1             237           10 
 2             237           10 
 3             237           9 
 4             237           10 
 1             238           7 
 2             238           5 
 3             238           6 
 4             238           9 
 1             239           10 
 2             239           10 
 3             239           7 
 4             239           7 
 1             240           10 
 2             240           10 
 3             240           10 
 4             240           10 
 1             241           6 
 2             241           5 
 3             241           8 
 4             241           9 
 1             242           6 
 2             242           8 
 3             242           10 
 4             242           6 
 1             243           7 
 2             243           7 
 3             243           8 
 4             243           7 
 1             244           9 
 2             244           5 
 3             244           7 
 4             244           10 
 1             245           6 
 2             245           9 
 3             245           6 
 4             245           10 
 1             246           9 
 2             246           8 
 3             246           9 
 4             246           10 
 1             247           9 
 2             247           10 
 3             247           7 
 4             247           5 
 1             248           4 
 2             248           3 
 3             248           10 
 4             248           7 
 1             249           6 
 2             249           8 
 3             249           5 
 4             249           9 
 1             250           10 
 2             250           6 
 3             250           6 
 4             250           7 
 1             251           9 
 2             251           10 
 3             251           10 
 4             251           7 
 1             252           2 
 2             252           8 
 3             252           8 
 4             252           6 
 1             253           5 
 2             253           4 
 3             253           7 
 4             253           10 
 1             254           9 
 2             254           7 
 3             254           7 
 4             254           10 
 1             255           10 
 2             255           6 
 3             255           10 
 4             255           6 
 1             256           10 
 2             256           9 
 3             256           3 
 4             256           10 
 1             257           10 
 2             257           5 
 3             257           4 
 4             257           7 
 1             258           10 
 2             258           10 
 3             258           10 
 4             258           9 
 1             259           6 
 2             259           9 
 3             259           7 
 4             259           9 
 1             260           10 
 2             260           9 
 3             260           10 
 4             260           10 
 1             261           6 
 2             261           8 
 3             261           5 
 4             261           5 
 1             262           5 
 2             262           8 
 3             262           8 
 4             262           10 
 1             263           8 
 2             263           10 
 3             263           10 
 4             263           10 
 1             264           10 
 2             264           10 
 3             264           10 
 4             264           7 
 1             265           10 
 2             265           7 
 3             265           8 
 4             265           10 
 1             266           4 
 2             266           10 
 3             266           6 
 4             266           6 
 1             267           10 
 2             267           4 
 3             267           10 
 4             267           8 
 1             268           6 
 2             268           10 
 3             268           7 
 4             268           4 
 1             269           5 
 2             269           9 
 3             269           7 
 4             269           10 
 1             270           8 
 2             270           8 
 3             270           6 
 4             270           8 
 1             271           10 
 2             271           6 
 3             271           8 
 4             271           9 
 1             272           10 
 2             272           7 
 3             272           6 
 4             272           8 
 1             273           9 
 2             273           3 
 3             273           5 
 4             273           7 
 1             274           6 
 2             274           10 
 3             274           8 
 4             274           9 
 1             275           8 
 2             275           10 
 3             275           9 
 4             275           9 
 1             276           10 
 2             276           7 
 3             276           10 
 4             276           9 
 1             277           10 
 2             277           3 
 3             277           7 
 4             277           4 
 1             278           10 
 2             278           10 
 3             278           9 
 4             278           4 
 1             279           8 
 2             279           7 
 3             279           10 
 4             279           9 
 1             280           6 
 2             280           10 
 3             280           10 
 4             280           6 
 1             281           7 
 2             281           8 
 3             281           10 
 4             281           6 
 1             282           5 
 2             282           8 
 3             282           10 
 4             282           10 
 1             283           7 
 2             283           10 
 3             283           9 
 4             283           10 
 1             284           5 
 2             284           6 
 3             284           7 
 4             284           10 
 1             285           8 
 2             285           7 
 3             285           9 
 4             285           5 
 1             286           10 
 2             286           6 
 3             286           5 
 4             286           6 
 1             287           4 
 2             287           6 
 3             287           8 
 4             287           9 
 1             288           4 
 2             288           7 
 3             288           5 
 4             288           7 
 1             289           10 
 2             289           4 
 3             289           7 
 4             289           6 
 1             290           4 
 2             290           8 
 3             290           10 
 4             290           7 
 1             291           4 
 2             291           10 
 3             291           6 
 4             291           3 
 1             292           10 
 2             292           7 
 3             292           8 
 4             292           10 
 1             293           7 
 2             293           8 
 3             293           10 
 4             293           7 
 1             294           9 
 2             294           6 
 3             294           9 
 4             294           5 
 1             295           9 
 2             295           4 
 3             295           10 
 4             295           10 
 1             296           7 
 2             296           8 
 3             296           9 
 4             296           10 
 1             297           8 
 2             297           9 
 3             297           10 
 4             297           9 
 1             298           6 
 2             298           5 
 3             298           6 
 4             298           8 
 1             299           10 
 2             299           8 
 3             299           10 
 4             299           7 
 1             300           5 
 2             300           6 
 3             300           10 
 4             300           9 
 1             301           9 
 2             301           9 
 3             301           5 
 4             301           5 
 1             302           0 
 2             302           0 
 3             302           0 
 4             302           0 
