 1             1             0 
 2             1             0 
 3             1             0 
 4             1             0 
 1             2             2 
 2             2             3 
 3             2             2 
 4             2             1 
 1             3             5 
 2             3             4 
 3             3             4 
 4             3             2 
 1             4             3 
 2             4             6 
 3             4             6 
 4             4             3 
 1             5             7 
 2             5             1 
 3             5             5 
 4             5             9 
 1             6             4 
 2             6             3 
 3             6             6 
 4             6             9 
 1             7             3 
 2             7             2 
 3             7             4 
 4             7             4 
 1             8             3 
 2             8             1 
 3             8             4 
 4             8             2 
 1             9             1 
 2             9             6 
 3             9             3 
 4             9             4 
 1             10            4 
 2             10            5 
 3             10            2 
 4             10            1 
 1             11            4 
 2             11            4 
 3             11            3 
 4             11            4 
 1             12            4 
 2             12            3 
 3             12            6 
 4             12            4 
 1             13            6 
 2             13            2 
 3             13            6 
 4             13            6 
 1             14            3 
 2             14            5 
 3             14            2 
 4             14            4 
 1             15            6 
 2             15            4 
 3             15            4 
 4             15            3 
 1             16            1 
 2             16            3 
 3             16            3 
 4             16            6 
 1             17            5 
 2             17            3 
 3             17            3 
 4             17            5 
 1             18            5 
 2             18            3 
 3             18            3 
 4             18            3 
 1             19            3 
 2             19            3 
 3             19            6 
 4             19            5 
 1             20            4 
 2             20            3 
 3             20            4 
 4             20            5 
 1             21            2 
 2             21            3 
 3             21            6 
 4             21            5 
 1             22            5 
 2             22            3 
 3             22            2 
 4             22            4 
 1             23            5 
 2             23            5 
 3             23            5 
 4             23            2 
 1             24            8 
 2             24            2 
 3             24            2 
 4             24            3 
 1             25            5 
 2             25            2 
 3             25            3 
 4             25            5 
 1             26            5 
 2             26            3 
 3             26            3 
 4             26            2 
 1             27            4 
 2             27            4 
 3             27            3 
 4             27            3 
 1             28            5 
 2             28            5 
 3             28            5 
 4             28            6 
 1             29            1 
 2             29            7 
 3             29            4 
 4             29            3 
 1             30            3 
 2             30            4 
 3             30            6 
 4             30            7 
 1             31            3 
 2             31            3 
 3             31            3 
 4             31            3 
 1             32            2 
 2             32            6 
 3             32            2 
 4             32            6 
 1             33            2 
 2             33            8 
 3             33            6 
 4             33            6 
 1             34            3 
 2             34            7 
 3             34            4 
 4             34            7 
 1             35            1 
 2             35            2 
 3             35            2 
 4             35            5 
 1             36            5 
 2             36            4 
 3             36            5 
 4             36            4 
 1             37            2 
 2             37            2 
 3             37            4 
 4             37            4 
 1             38            6 
 2             38            5 
 3             38            4 
 4             38            4 
 1             39            3 
 2             39            2 
 3             39            3 
 4             39            2 
 1             40            1 
 2             40            3 
 3             40            2 
 4             40            3 
 1             41            3 
 2             41            3 
 3             41            4 
 4             41            6 
 1             42            4 
 2             42            3 
 3             42            5 
 4             42            3 
 1             43            6 
 2             43            2 
 3             43            5 
 4             43            2 
 1             44            6 
 2             44            4 
 3             44            4 
 4             44            7 
 1             45            6 
 2             45            3 
 3             45            4 
 4             45            7 
 1             46            6 
 2             46            2 
 3             46            4 
 4             46            4 
 1             47            5 
 2             47            4 
 3             47            3 
 4             47            2 
 1             48            2 
 2             48            3 
 3             48            2 
 4             48            6 
 1             49            3 
 2             49            3 
 3             49            6 
 4             49            4 
 1             50            3 
 2             50            3 
 3             50            3 
 4             50            4 
 1             51            1 
 2             51            6 
 3             51            5 
 4             51            5 
 1             52            2 
 2             52            2 
 3             52            5 
 4             52            4 
 1             53            1 
 2             53            9 
 3             53            4 
 4             53            3 
 1             54            2 
 2             54            8 
 3             54            6 
 4             54            5 
 1             55            3 
 2             55            2 
 3             55            5 
 4             55            4 
 1             56            6 
 2             56            6 
 3             56            9 
 4             56            4 
 1             57            5 
 2             57            6 
 3             57            2 
 4             57            3 
 1             58            3 
 2             58            2 
 3             58            6 
 4             58            3 
 1             59            2 
 2             59            10 
 3             59            4 
 4             59            1 
 1             60            3 
 2             60            4 
 3             60            3 
 4             60            2 
 1             61            5 
 2             61            10 
 3             61            5 
 4             61            2 
 1             62            3 
 2             62            3 
 3             62            8 
 4             62            5 
 1             63            2 
 2             63            4 
 3             63            2 
 4             63            8 
 1             64            5 
 2             64            3 
 3             64            2 
 4             64            7 
 1             65            1 
 2             65            4 
 3             65            3 
 4             65            5 
 1             66            6 
 2             66            5 
 3             66            2 
 4             66            6 
 1             67            2 
 2             67            1 
 3             67            3 
 4             67            3 
 1             68            3 
 2             68            2 
 3             68            4 
 4             68            4 
 1             69            4 
 2             69            3 
 3             69            3 
 4             69            4 
 1             70            4 
 2             70            1 
 3             70            4 
 4             70            5 
 1             71            3 
 2             71            4 
 3             71            2 
 4             71            2 
 1             72            5 
 2             72            5 
 3             72            7 
 4             72            2 
 1             73            1 
 2             73            3 
 3             73            5 
 4             73            4 
 1             74            4 
 2             74            3 
 3             74            4 
 4             74            1 
 1             75            3 
 2             75            3 
 3             75            5 
 4             75            2 
 1             76            7 
 2             76            1 
 3             76            4 
 4             76            3 
 1             77            3 
 2             77            4 
 3             77            4 
 4             77            5 
 1             78            2 
 2             78            3 
 3             78            4 
 4             78            4 
 1             79            3 
 2             79            5 
 3             79            6 
 4             79            1 
 1             80            2 
 2             80            6 
 3             80            3 
 4             80            3 
 1             81            5 
 2             81            8 
 3             81            3 
 4             81            2 
 1             82            2 
 2             82            2 
 3             82            5 
 4             82            5 
 1             83            4 
 2             83            2 
 3             83            4 
 4             83            5 
 1             84            6 
 2             84            4 
 3             84            7 
 4             84            2 
 1             85            5 
 2             85            7 
 3             85            4 
 4             85            3 
 1             86            5 
 2             86            3 
 3             86            4 
 4             86            2 
 1             87            2 
 2             87            6 
 3             87            3 
 4             87            2 
 1             88            7 
 2             88            5 
 3             88            4 
 4             88            6 
 1             89            4 
 2             89            2 
 3             89            4 
 4             89            5 
 1             90            2 
 2             90            5 
 3             90            5 
 4             90            4 
 1             91            5 
 2             91            2 
 3             91            6 
 4             91            2 
 1             92            2 
 2             92            3 
 3             92            7 
 4             92            3 
 1             93            5 
 2             93            6 
 3             93            2 
 4             93            1 
 1             94            2 
 2             94            1 
 3             94            2 
 4             94            4 
 1             95            3 
 2             95            4 
 3             95            2 
 4             95            3 
 1             96            5 
 2             96            5 
 3             96            5 
 4             96            5 
 1             97            2 
 2             97            2 
 3             97            4 
 4             97            6 
 1             98            3 
 2             98            2 
 3             98            7 
 4             98            4 
 1             99            3 
 2             99            9 
 3             99            4 
 4             99            5 
 1             100           5 
 2             100           5 
 3             100           5 
 4             100           4 
 1             101           7 
 2             101           2 
 3             101           3 
 4             101           5 
 1             102           4 
 2             102           4 
 3             102           2 
 4             102           2 
 1             103           6 
 2             103           10 
 3             103           4 
 4             103           4 
 1             104           7 
 2             104           6 
 3             104           4 
 4             104           4 
 1             105           7 
 2             105           5 
 3             105           1 
 4             105           3 
 1             106           3 
 2             106           2 
 3             106           5 
 4             106           4 
 1             107           7 
 2             107           3 
 3             107           1 
 4             107           6 
 1             108           7 
 2             108           5 
 3             108           3 
 4             108           7 
 1             109           3 
 2             109           4 
 3             109           2 
 4             109           4 
 1             110           4 
 2             110           4 
 3             110           4 
 4             110           3 
 1             111           6 
 2             111           5 
 3             111           3 
 4             111           2 
 1             112           2 
 2             112           3 
 3             112           2 
 4             112           4 
 1             113           8 
 2             113           2 
 3             113           5 
 4             113           5 
 1             114           5 
 2             114           4 
 3             114           2 
 4             114           3 
 1             115           4 
 2             115           4 
 3             115           5 
 4             115           3 
 1             116           6 
 2             116           5 
 3             116           5 
 4             116           4 
 1             117           3 
 2             117           9 
 3             117           2 
 4             117           7 
 1             118           4 
 2             118           3 
 3             118           6 
 4             118           2 
 1             119           2 
 2             119           5 
 3             119           4 
 4             119           5 
 1             120           1 
 2             120           2 
 3             120           1 
 4             120           3 
 1             121           4 
 2             121           4 
 3             121           4 
 4             121           3 
 1             122           4 
 2             122           2 
 3             122           7 
 4             122           7 
 1             123           4 
 2             123           5 
 3             123           5 
 4             123           2 
 1             124           5 
 2             124           3 
 3             124           4 
 4             124           2 
 1             125           5 
 2             125           3 
 3             125           4 
 4             125           3 
 1             126           4 
 2             126           3 
 3             126           5 
 4             126           1 
 1             127           4 
 2             127           2 
 3             127           3 
 4             127           3 
 1             128           3 
 2             128           4 
 3             128           4 
 4             128           4 
 1             129           1 
 2             129           3 
 3             129           6 
 4             129           5 
 1             130           9 
 2             130           5 
 3             130           4 
 4             130           1 
 1             131           5 
 2             131           2 
 3             131           5 
 4             131           2 
 1             132           8 
 2             132           7 
 3             132           3 
 4             132           3 
 1             133           4 
 2             133           2 
 3             133           5 
 4             133           4 
 1             134           2 
 2             134           5 
 3             134           4 
 4             134           6 
 1             135           4 
 2             135           4 
 3             135           4 
 4             135           7 
 1             136           4 
 2             136           4 
 3             136           4 
 4             136           4 
 1             137           5 
 2             137           3 
 3             137           3 
 4             137           2 
 1             138           10 
 2             138           2 
 3             138           3 
 4             138           2 
 1             139           5 
 2             139           3 
 3             139           2 
 4             139           5 
 1             140           5 
 2             140           6 
 3             140           6 
 4             140           4 
 1             141           5 
 2             141           3 
 3             141           4 
 4             141           2 
 1             142           2 
 2             142           4 
 3             142           4 
 4             142           3 
 1             143           10 
 2             143           3 
 3             143           5 
 4             143           8 
 1             144           9 
 2             144           3 
 3             144           1 
 4             144           3 
 1             145           2 
 2             145           3 
 3             145           2 
 4             145           4 
 1             146           4 
 2             146           1 
 3             146           3 
 4             146           5 
 1             147           6 
 2             147           7 
 3             147           7 
 4             147           4 
 1             148           3 
 2             148           4 
 3             148           4 
 4             148           4 
 1             149           3 
 2             149           1 
 3             149           6 
 4             149           3 
 1             150           1 
 2             150           6 
 3             150           1 
 4             150           3 
 1             151           2 
 2             151           8 
 3             151           3 
 4             151           5 
 1             152           5 
 2             152           3 
 3             152           5 
 4             152           4 
 1             153           7 
 2             153           2 
 3             153           3 
 4             153           3 
 1             154           4 
 2             154           3 
 3             154           2 
 4             154           6 
 1             155           3 
 2             155           5 
 3             155           7 
 4             155           8 
 1             156           3 
 2             156           5 
 3             156           5 
 4             156           4 
 1             157           2 
 2             157           2 
 3             157           4 
 4             157           4 
 1             158           3 
 2             158           5 
 3             158           4 
 4             158           7 
 1             159           5 
 2             159           4 
 3             159           6 
 4             159           3 
 1             160           4 
 2             160           2 
 3             160           3 
 4             160           3 
 1             161           4 
 2             161           4 
 3             161           7 
 4             161           4 
 1             162           4 
 2             162           1 
 3             162           3 
 4             162           4 
 1             163           4 
 2             163           1 
 3             163           8 
 4             163           3 
 1             164           4 
 2             164           1 
 3             164           6 
 4             164           6 
 1             165           5 
 2             165           3 
 3             165           5 
 4             165           3 
 1             166           4 
 2             166           5 
 3             166           2 
 4             166           3 
 1             167           5 
 2             167           5 
 3             167           2 
 4             167           5 
 1             168           4 
 2             168           5 
 3             168           4 
 4             168           6 
 1             169           3 
 2             169           4 
 3             169           3 
 4             169           5 
 1             170           4 
 2             170           5 
 3             170           4 
 4             170           5 
 1             171           9 
 2             171           2 
 3             171           5 
 4             171           3 
 1             172           4 
 2             172           3 
 3             172           2 
 4             172           4 
 1             173           4 
 2             173           7 
 3             173           2 
 4             173           3 
 1             174           4 
 2             174           4 
 3             174           1 
 4             174           6 
 1             175           7 
 2             175           4 
 3             175           3 
 4             175           7 
 1             176           2 
 2             176           4 
 3             176           3 
 4             176           3 
 1             177           5 
 2             177           2 
 3             177           2 
 4             177           5 
 1             178           3 
 2             178           2 
 3             178           7 
 4             178           4 
 1             179           4 
 2             179           6 
 3             179           2 
 4             179           4 
 1             180           4 
 2             180           3 
 3             180           5 
 4             180           2 
 1             181           5 
 2             181           3 
 3             181           3 
 4             181           3 
 1             182           2 
 2             182           8 
 3             182           4 
 4             182           3 
 1             183           3 
 2             183           1 
 3             183           2 
 4             183           4 
 1             184           2 
 2             184           5 
 3             184           3 
 4             184           5 
 1             185           3 
 2             185           6 
 3             185           3 
 4             185           3 
 1             186           4 
 2             186           2 
 3             186           7 
 4             186           4 
 1             187           5 
 2             187           1 
 3             187           6 
 4             187           5 
 1             188           3 
 2             188           5 
 3             188           6 
 4             188           4 
 1             189           4 
 2             189           5 
 3             189           10 
 4             189           6 
 1             190           9 
 2             190           3 
 3             190           4 
 4             190           5 
 1             191           3 
 2             191           3 
 3             191           5 
 4             191           6 
 1             192           4 
 2             192           5 
 3             192           3 
 4             192           1 
 1             193           4 
 2             193           4 
 3             193           2 
 4             193           2 
 1             194           3 
 2             194           3 
 3             194           3 
 4             194           4 
 1             195           2 
 2             195           3 
 3             195           3 
 4             195           4 
 1             196           6 
 2             196           8 
 3             196           2 
 4             196           3 
 1             197           6 
 2             197           2 
 3             197           3 
 4             197           5 
 1             198           4 
 2             198           4 
 3             198           4 
 4             198           3 
 1             199           4 
 2             199           5 
 3             199           1 
 4             199           3 
 1             200           7 
 2             200           2 
 3             200           6 
 4             200           2 
 1             201           8 
 2             201           5 
 3             201           3 
 4             201           4 
 1             202           5 
 2             202           6 
 3             202           3 
 4             202           4 
 1             203           3 
 2             203           3 
 3             203           3 
 4             203           2 
 1             204           5 
 2             204           5 
 3             204           4 
 4             204           4 
 1             205           6 
 2             205           2 
 3             205           4 
 4             205           1 
 1             206           3 
 2             206           4 
 3             206           3 
 4             206           5 
 1             207           2 
 2             207           4 
 3             207           6 
 4             207           6 
 1             208           5 
 2             208           5 
 3             208           5 
 4             208           7 
 1             209           6 
 2             209           5 
 3             209           6 
 4             209           4 
 1             210           1 
 2             210           4 
 3             210           4 
 4             210           5 
 1             211           4 
 2             211           4 
 3             211           5 
 4             211           6 
 1             212           5 
 2             212           5 
 3             212           5 
 4             212           5 
 1             213           1 
 2             213           5 
 3             213           2 
 4             213           5 
 1             214           1 
 2             214           3 
 3             214           4 
 4             214           2 
 1             215           7 
 2             215           1 
 3             215           2 
 4             215           5 
 1             216           4 
 2             216           4 
 3             216           2 
 4             216           3 
 1             217           3 
 2             217           4 
 3             217           3 
 4             217           7 
 1             218           3 
 2             218           4 
 3             218           4 
 4             218           7 
 1             219           4 
 2             219           6 
 3             219           4 
 4             219           2 
 1             220           7 
 2             220           6 
 3             220           6 
 4             220           6 
 1             221           4 
 2             221           8 
 3             221           2 
 4             221           5 
 1             222           2 
 2             222           5 
 3             222           3 
 4             222           4 
 1             223           3 
 2             223           5 
 3             223           3 
 4             223           5 
 1             224           3 
 2             224           5 
 3             224           6 
 4             224           5 
 1             225           5 
 2             225           5 
 3             225           4 
 4             225           3 
 1             226           4 
 2             226           2 
 3             226           2 
 4             226           1 
 1             227           5 
 2             227           4 
 3             227           2 
 4             227           2 
 1             228           4 
 2             228           6 
 3             228           2 
 4             228           6 
 1             229           3 
 2             229           8 
 3             229           2 
 4             229           4 
 1             230           4 
 2             230           8 
 3             230           5 
 4             230           4 
 1             231           4 
 2             231           4 
 3             231           4 
 4             231           3 
 1             232           3 
 2             232           5 
 3             232           5 
 4             232           2 
 1             233           6 
 2             233           3 
 3             233           5 
 4             233           5 
 1             234           4 
 2             234           8 
 3             234           3 
 4             234           4 
 1             235           6 
 2             235           4 
 3             235           3 
 4             235           6 
 1             236           4 
 2             236           4 
 3             236           3 
 4             236           3 
 1             237           4 
 2             237           2 
 3             237           4 
 4             237           4 
 1             238           6 
 2             238           2 
 3             238           8 
 4             238           4 
 1             239           3 
 2             239           4 
 3             239           2 
 4             239           5 
 1             240           1 
 2             240           3 
 3             240           7 
 4             240           4 
 1             241           2 
 2             241           6 
 3             241           3 
 4             241           4 
 1             242           6 
 2             242           1 
 3             242           5 
 4             242           4 
 1             243           2 
 2             243           4 
 3             243           5 
 4             243           4 
 1             244           5 
 2             244           4 
 3             244           3 
 4             244           2 
 1             245           4 
 2             245           3 
 3             245           4 
 4             245           2 
 1             246           3 
 2             246           5 
 3             246           4 
 4             246           3 
 1             247           2 
 2             247           3 
 3             247           2 
 4             247           7 
 1             248           3 
 2             248           2 
 3             248           2 
 4             248           2 
 1             249           3 
 2             249           3 
 3             249           5 
 4             249           6 
 1             250           1 
 2             250           4 
 3             250           7 
 4             250           4 
 1             251           2 
 2             251           6 
 3             251           3 
 4             251           1 
 1             252           3 
 2             252           5 
 3             252           7 
 4             252           3 
 1             253           3 
 2             253           5 
 3             253           3 
 4             253           4 
 1             254           7 
 2             254           4 
 3             254           3 
 4             254           3 
 1             255           5 
 2             255           5 
 3             255           3 
 4             255           5 
 1             256           4 
 2             256           2 
 3             256           1 
 4             256           6 
 1             257           5 
 2             257           7 
 3             257           3 
 4             257           5 
 1             258           2 
 2             258           1 
 3             258           6 
 4             258           3 
 1             259           5 
 2             259           4 
 3             259           3 
 4             259           2 
 1             260           2 
 2             260           5 
 3             260           3 
 4             260           9 
 1             261           3 
 2             261           7 
 3             261           5 
 4             261           4 
 1             262           6 
 2             262           5 
 3             262           5 
 4             262           5 
 1             263           3 
 2             263           6 
 3             263           7 
 4             263           2 
 1             264           5 
 2             264           3 
 3             264           6 
 4             264           3 
 1             265           3 
 2             265           5 
 3             265           7 
 4             265           1 
 1             266           5 
 2             266           3 
 3             266           2 
 4             266           4 
 1             267           4 
 2             267           6 
 3             267           6 
 4             267           3 
 1             268           1 
 2             268           6 
 3             268           3 
 4             268           7 
 1             269           2 
 2             269           6 
 3             269           4 
 4             269           2 
 1             270           5 
 2             270           3 
 3             270           6 
 4             270           4 
 1             271           3 
 2             271           3 
 3             271           2 
 4             271           3 
 1             272           6 
 2             272           8 
 3             272           5 
 4             272           5 
 1             273           4 
 2             273           4 
 3             273           4 
 4             273           3 
 1             274           7 
 2             274           4 
 3             274           4 
 4             274           5 
 1             275           2 
 2             275           8 
 3             275           3 
 4             275           4 
 1             276           2 
 2             276           6 
 3             276           6 
 4             276           7 
 1             277           5 
 2             277           4 
 3             277           8 
 4             277           4 
 1             278           5 
 2             278           5 
 3             278           6 
 4             278           6 
 1             279           5 
 2             279           3 
 3             279           5 
 4             279           1 
 1             280           1 
 2             280           4 
 3             280           5 
 4             280           3 
 1             281           3 
 2             281           6 
 3             281           4 
 4             281           3 
 1             282           4 
 2             282           4 
 3             282           4 
 4             282           4 
 1             283           2 
 2             283           6 
 3             283           2 
 4             283           5 
 1             284           5 
 2             284           5 
 3             284           8 
 4             284           2 
 1             285           6 
 2             285           4 
 3             285           6 
 4             285           5 
 1             286           4 
 2             286           3 
 3             286           2 
 4             286           5 
 1             287           5 
 2             287           3 
 3             287           3 
 4             287           4 
 1             288           7 
 2             288           2 
 3             288           3 
 4             288           3 
 1             289           5 
 2             289           3 
 3             289           3 
 4             289           4 
 1             290           6 
 2             290           1 
 3             290           2 
 4             290           4 
 1             291           4 
 2             291           6 
 3             291           3 
 4             291           4 
 1             292           2 
 2             292           2 
 3             292           5 
 4             292           4 
 1             293           5 
 2             293           6 
 3             293           7 
 4             293           4 
 1             294           4 
 2             294           3 
 3             294           4 
 4             294           9 
 1             295           3 
 2             295           1 
 3             295           2 
 4             295           2 
 1             296           4 
 2             296           3 
 3             296           5 
 4             296           5 
 1             297           2 
 2             297           4 
 3             297           4 
 4             297           2 
 1             298           6 
 2             298           5 
 3             298           4 
 4             298           3 
 1             299           2 
 2             299           3 
 3             299           4 
 4             299           6 
 1             300           7 
 2             300           3 
 3             300           3 
 4             300           4 
 1             301           2 
 2             301           2 
 3             301           5 
 4             301           6 
 1             302           0 
 2             302           0 
 3             302           0 
 4             302           0 
