 1             1             0 
 2             1             0 
 3             1             0 
 4             1             0 
 1             2             2 
 2             2             1 
 3             2             5 
 4             2             0 
 1             3             0 
 2             3             8 
 3             3             5 
 4             3             3 
 1             4             4 
 2             4             5 
 3             4             0 
 4             4             6 
 1             5             6 
 2             5             0 
 3             5             2 
 4             5             6 
 1             6             0 
 2             6             7 
 3             6             6 
 4             6             7 
 1             7             6 
 2             7             4 
 3             7             0 
 4             7             4 
 1             8             8 
 2             8             5 
 3             8             4 
 4             8             0 
 1             9             0 
 2             9             7 
 3             9             4 
 4             9             3 
 1             10            0 
 2             10            8 
 3             10            4 
 4             10            1 
 1             11            3 
 2             11            7 
 3             11            0 
 4             11            7 
 1             12            4 
 2             12            5 
 3             12            0 
 4             12            9 
 1             13            4 
 2             13            0 
 3             13            3 
 4             13            4 
 1             14            10 
 2             14            8 
 3             14            0 
 4             14            4 
 1             15            10 
 2             15            8 
 3             15            8 
 4             15            0 
 1             16            2 
 2             16            10 
 3             16            4 
 4             16            0 
 1             17            5 
 2             17            4 
 3             17            0 
 4             17            5 
 1             18            7 
 2             18            0 
 3             18            8 
 4             18            7 
 1             19            7 
 2             19            4 
 3             19            0 
 4             19            10 
 1             20            0 
 2             20            6 
 3             20            4 
 4             20            10 
 1             21            4 
 2             21            6 
 3             21            0 
 4             21            4 
 1             22            8 
 2             22            0 
 3             22            8 
 4             22            3 
 1             23            5 
 2             23            6 
 3             23            4 
 4             23            0 
 1             24            6 
 2             24            5 
 3             24            0 
 4             24            10 
 1             25            5 
 2             25            3 
 3             25            5 
 4             25            0 
 1             26            8 
 2             26            5 
 3             26            0 
 4             26            6 
 1             27            9 
 2             27            0 
 3             27            9 
 4             27            4 
 1             28            6 
 2             28            4 
 3             28            7 
 4             28            0 
 1             29            7 
 2             29            8 
 3             29            0 
 4             29            8 
 1             30            4 
 2             30            0 
 3             30            7 
 4             30            7 
 1             31            5 
 2             31            4 
 3             31            0 
 4             31            7 
 1             32            3 
 2             32            7 
 3             32            9 
 4             32            0 
 1             33            7 
 2             33            0 
 3             33            7 
 4             33            4 
 1             34            10 
 2             34            5 
 3             34            8 
 4             34            0 
 1             35            5 
 2             35            3 
 3             35            0 
 4             35            4 
 1             36            5 
 2             36            7 
 3             36            6 
 4             36            0 
 1             37            0 
 2             37            9 
 3             37            4 
 4             37            5 
 1             38            0 
 2             38            4 
 3             38            8 
 4             38            7 
 1             39            6 
 2             39            0 
 3             39            4 
 4             39            4 
 1             40            9 
 2             40            0 
 3             40            8 
 4             40            5 
 1             41            5 
 2             41            5 
 3             41            0 
 4             41            10 
 1             42            0 
 2             42            4 
 3             42            7 
 4             42            7 
 1             43            0 
 2             43            5 
 3             43            7 
 4             43            5 
 1             44            0 
 2             44            8 
 3             44            7 
 4             44            9 
 1             45            8 
 2             45            0 
 3             45            9 
 4             45            7 
 1             46            0 
 2             46            5 
 3             46            4 
 4             46            8 
 1             47            0 
 2             47            10 
 3             47            7 
 4             47            6 
 1             48            6 
 2             48            0 
 3             48            5 
 4             48            8 
 1             49            5 
 2             49            0 
 3             49            3 
 4             49            9 
 1             50            5 
 2             50            0 
 3             50            5 
 4             50            2 
 1             51            7 
 2             51            8 
 3             51            3 
 4             51            0 
 1             52            4 
 2             52            10 
 3             52            0 
 4             52            8 
 1             53            0 
 2             53            5 
 3             53            4 
 4             53            10 
 1             54            9 
 2             54            5 
 3             54            8 
 4             54            0 
 1             55            10 
 2             55            8 
 3             55            0 
 4             55            6 
 1             56            3 
 2             56            0 
 3             56            3 
 4             56            6 
 1             57            0 
 2             57            3 
 3             57            4 
 4             57            7 
 1             58            7 
 2             58            0 
 3             58            6 
 4             58            4 
 1             59            0 
 2             59            9 
 3             59            8 
 4             59            4 
 1             60            7 
 2             60            8 
 3             60            0 
 4             60            7 
 1             61            5 
 2             61            5 
 3             61            6 
 4             61            0 
 1             62            6 
 2             62            8 
 3             62            4 
 4             62            0 
 1             63            7 
 2             63            0 
 3             63            10 
 4             63            4 
 1             64            10 
 2             64            7 
 3             64            8 
 4             64            0 
 1             65            0 
 2             65            9 
 3             65            6 
 4             65            5 
 1             66            8 
 2             66            4 
 3             66            0 
 4             66            7 
 1             67            4 
 2             67            5 
 3             67            8 
 4             67            0 
 1             68            0 
 2             68            7 
 3             68            6 
 4             68            7 
 1             69            0 
 2             69            4 
 3             69            8 
 4             69            8 
 1             70            0 
 2             70            5 
 3             70            7 
 4             70            7 
 1             71            7 
 2             71            0 
 3             71            9 
 4             71            7 
 1             72            0 
 2             72            4 
 3             72            9 
 4             72            6 
 1             73            0 
 2             73            4 
 3             73            7 
 4             73            9 
 1             74            4 
 2             74            4 
 3             74            9 
 4             74            0 
 1             75            10 
 2             75            5 
 3             75            6 
 4             75            0 
 1             76            5 
 2             76            0 
 3             76            7 
 4             76            2 
 1             77            0 
 2             77            5 
 3             77            6 
 4             77            4 
 1             78            0 
 2             78            6 
 3             78            6 
 4             78            10 
 1             79            4 
 2             79            3 
 3             79            0 
 4             79            6 
 1             80            8 
 2             80            9 
 3             80            0 
 4             80            6 
 1             81            8 
 2             81            10 
 3             81            0 
 4             81            3 
 1             82            5 
 2             82            7 
 3             82            6 
 4             82            0 
 1             83            5 
 2             83            9 
 3             83            7 
 4             83            0 
 1             84            4 
 2             84            8 
 3             84            9 
 4             84            0 
 1             85            0 
 2             85            6 
 3             85            7 
 4             85            3 
 1             86            6 
 2             86            6 
 3             86            0 
 4             86            5 
 1             87            7 
 2             87            6 
 3             87            7 
 4             87            0 
 1             88            0 
 2             88            7 
 3             88            9 
 4             88            4 
 1             89            5 
 2             89            7 
 3             89            0 
 4             89            5 
 1             90            5 
 2             90            6 
 3             90            0 
 4             90            7 
 1             91            9 
 2             91            0 
 3             91            3 
 4             91            6 
 1             92            0 
 2             92            3 
 3             92            6 
 4             92            2 
 1             93            3 
 2             93            6 
 3             93            6 
 4             93            0 
 1             94            7 
 2             94            0 
 3             94            9 
 4             94            7 
 1             95            7 
 2             95            0 
 3             95            7 
 4             95            7 
 1             96            10 
 2             96            0 
 3             96            7 
 4             96            8 
 1             97            6 
 2             97            0 
 3             97            3 
 4             97            5 
 1             98            8 
 2             98            6 
 3             98            0 
 4             98            9 
 1             99            0 
 2             99            10 
 3             99            7 
 4             99            9 
 1             100           6 
 2             100           7 
 3             100           0 
 4             100           5 
 1             101           0 
 2             101           5 
 3             101           5 
 4             101           9 
 1             102           0 
 2             102           5 
 3             102           7 
 4             102           6 
 1             103           4 
 2             103           9 
 3             103           8 
 4             103           0 
 1             104           4 
 2             104           5 
 3             104           6 
 4             104           0 
 1             105           8 
 2             105           0 
 3             105           5 
 4             105           5 
 1             106           0 
 2             106           8 
 3             106           2 
 4             106           5 
 1             107           0 
 2             107           4 
 3             107           7 
 4             107           5 
 1             108           6 
 2             108           8 
 3             108           0 
 4             108           7 
 1             109           4 
 2             109           6 
 3             109           0 
 4             109           8 
 1             110           7 
 2             110           6 
 3             110           0 
 4             110           6 
 1             111           7 
 2             111           8 
 3             111           0 
 4             111           6 
 1             112           4 
 2             112           0 
 3             112           8 
 4             112           10 
 1             113           0 
 2             113           6 
 3             113           7 
 4             113           7 
 1             114           4 
 2             114           5 
 3             114           6 
 4             114           0 
 1             115           6 
 2             115           8 
 3             115           0 
 4             115           6 
 1             116           0 
 2             116           5 
 3             116           3 
 4             116           6 
 1             117           5 
 2             117           7 
 3             117           0 
 4             117           7 
 1             118           10 
 2             118           7 
 3             118           6 
 4             118           0 
 1             119           8 
 2             119           2 
 3             119           0 
 4             119           8 
 1             120           4 
 2             120           4 
 3             120           6 
 4             120           0 
 1             121           5 
 2             121           0 
 3             121           2 
 4             121           3 
 1             122           9 
 2             122           6 
 3             122           0 
 4             122           6 
 1             123           6 
 2             123           4 
 3             123           0 
 4             123           4 
 1             124           0 
 2             124           5 
 3             124           6 
 4             124           8 
 1             125           4 
 2             125           0 
 3             125           8 
 4             125           5 
 1             126           0 
 2             126           8 
 3             126           5 
 4             126           9 
 1             127           10 
 2             127           3 
 3             127           7 
 4             127           0 
 1             128           6 
 2             128           0 
 3             128           1 
 4             128           5 
 1             129           7 
 2             129           9 
 3             129           0 
 4             129           4 
 1             130           8 
 2             130           4 
 3             130           0 
 4             130           8 
 1             131           7 
 2             131           4 
 3             131           0 
 4             131           3 
 1             132           0 
 2             132           7 
 3             132           4 
 4             132           3 
 1             133           0 
 2             133           4 
 3             133           10 
 4             133           5 
 1             134           9 
 2             134           8 
 3             134           10 
 4             134           0 
 1             135           8 
 2             135           5 
 3             135           0 
 4             135           3 
 1             136           1 
 2             136           0 
 3             136           4 
 4             136           5 
 1             137           6 
 2             137           0 
 3             137           7 
 4             137           9 
 1             138           7 
 2             138           0 
 3             138           7 
 4             138           4 
 1             139           0 
 2             139           7 
 3             139           7 
 4             139           5 
 1             140           9 
 2             140           6 
 3             140           0 
 4             140           8 
 1             141           8 
 2             141           4 
 3             141           10 
 4             141           0 
 1             142           2 
 2             142           4 
 3             142           5 
 4             142           0 
 1             143           8 
 2             143           10 
 3             143           0 
 4             143           8 
 1             144           6 
 2             144           4 
 3             144           0 
 4             144           4 
 1             145           3 
 2             145           0 
 3             145           4 
 4             145           6 
 1             146           5 
 2             146           8 
 3             146           0 
 4             146           5 
 1             147           9 
 2             147           2 
 3             147           0 
 4             147           3 
 1             148           0 
 2             148           8 
 3             148           5 
 4             148           9 
 1             149           6 
 2             149           10 
 3             149           6 
 4             149           0 
 1             150           6 
 2             150           0 
 3             150           7 
 4             150           6 
 1             151           8 
 2             151           2 
 3             151           0 
 4             151           7 
 1             152           4 
 2             152           8 
 3             152           0 
 4             152           6 
 1             153           10 
 2             153           0 
 3             153           2 
 4             153           6 
 1             154           0 
 2             154           10 
 3             154           5 
 4             154           7 
 1             155           0 
 2             155           8 
 3             155           4 
 4             155           6 
 1             156           6 
 2             156           10 
 3             156           0 
 4             156           6 
 1             157           9 
 2             157           5 
 3             157           6 
 4             157           0 
 1             158           5 
 2             158           6 
 3             158           0 
 4             158           5 
 1             159           8 
 2             159           4 
 3             159           0 
 4             159           7 
 1             160           0 
 2             160           10 
 3             160           7 
 4             160           7 
 1             161           6 
 2             161           7 
 3             161           0 
 4             161           5 
 1             162           8 
 2             162           7 
 3             162           0 
 4             162           4 
 1             163           5 
 2             163           3 
 3             163           7 
 4             163           0 
 1             164           5 
 2             164           0 
 3             164           10 
 4             164           4 
 1             165           6 
 2             165           5 
 3             165           0 
 4             165           2 
 1             166           10 
 2             166           0 
 3             166           6 
 4             166           4 
 1             167           0 
 2             167           5 
 3             167           3 
 4             167           3 
 1             168           5 
 2             168           3 
 3             168           7 
 4             168           0 
 1             169           5 
 2             169           10 
 3             169           4 
 4             169           0 
 1             170           7 
 2             170           2 
 3             170           7 
 4             170           0 
 1             171           6 
 2             171           0 
 3             171           3 
 4             171           8 
 1             172           6 
 2             172           4 
 3             172           9 
 4             172           0 
 1             173           8 
 2             173           0 
 3             173           8 
 4             173           7 
 1             174           8 
 2             174           0 
 3             174           4 
 4             174           10 
 1             175           0 
 2             175           6 
 3             175           10 
 4             175           3 
 1             176           0 
 2             176           3 
 3             176           4 
 4             176           10 
 1             177           0 
 2             177           6 
 3             177           7 
 4             177           4 
 1             178           7 
 2             178           6 
 3             178           0 
 4             178           9 
 1             179           2 
 2             179           0 
 3             179           5 
 4             179           3 
 1             180           9 
 2             180           0 
 3             180           5 
 4             180           6 
 1             181           8 
 2             181           6 
 3             181           5 
 4             181           0 
 1             182           2 
 2             182           0 
 3             182           3 
 4             182           6 
 1             183           6 
 2             183           6 
 3             183           4 
 4             183           0 
 1             184           0 
 2             184           1 
 3             184           5 
 4             184           8 
 1             185           0 
 2             185           10 
 3             185           4 
 4             185           5 
 1             186           7 
 2             186           7 
 3             186           4 
 4             186           0 
 1             187           0 
 2             187           4 
 3             187           8 
 4             187           7 
 1             188           10 
 2             188           3 
 3             188           0 
 4             188           8 
 1             189           6 
 2             189           7 
 3             189           0 
 4             189           3 
 1             190           9 
 2             190           8 
 3             190           0 
 4             190           10 
 1             191           2 
 2             191           5 
 3             191           5 
 4             191           0 
 1             192           9 
 2             192           0 
 3             192           5 
 4             192           8 
 1             193           3 
 2             193           0 
 3             193           5 
 4             193           3 
 1             194           0 
 2             194           10 
 3             194           6 
 4             194           10 
 1             195           6 
 2             195           0 
 3             195           4 
 4             195           4 
 1             196           5 
 2             196           5 
 3             196           3 
 4             196           0 
 1             197           6 
 2             197           4 
 3             197           4 
 4             197           0 
 1             198           3 
 2             198           5 
 3             198           2 
 4             198           0 
 1             199           2 
 2             199           5 
 3             199           0 
 4             199           6 
 1             200           3 
 2             200           0 
 3             200           5 
 4             200           5 
 1             201           6 
 2             201           5 
 3             201           7 
 4             201           0 
 1             202           6 
 2             202           5 
 3             202           0 
 4             202           5 
 1             203           4 
 2             203           0 
 3             203           3 
 4             203           5 
 1             204           0 
 2             204           8 
 3             204           5 
 4             204           7 
 1             205           10 
 2             205           3 
 3             205           7 
 4             205           0 
 1             206           7 
 2             206           0 
 3             206           9 
 4             206           9 
 1             207           0 
 2             207           3 
 3             207           4 
 4             207           7 
 1             208           4 
 2             208           6 
 3             208           6 
 4             208           0 
 1             209           3 
 2             209           9 
 3             209           0 
 4             209           4 
 1             210           2 
 2             210           6 
 3             210           3 
 4             210           0 
 1             211           0 
 2             211           4 
 3             211           8 
 4             211           3 
 1             212           0 
 2             212           4 
 3             212           7 
 4             212           7 
 1             213           8 
 2             213           8 
 3             213           0 
 4             213           10 
 1             214           0 
 2             214           7 
 3             214           5 
 4             214           3 
 1             215           3 
 2             215           5 
 3             215           0 
 4             215           5 
 1             216           0 
 2             216           4 
 3             216           10 
 4             216           7 
 1             217           5 
 2             217           5 
 3             217           0 
 4             217           4 
 1             218           5 
 2             218           0 
 3             218           3 
 4             218           6 
 1             219           0 
 2             219           7 
 3             219           6 
 4             219           7 
 1             220           7 
 2             220           0 
 3             220           4 
 4             220           6 
 1             221           4 
 2             221           0 
 3             221           7 
 4             221           7 
 1             222           9 
 2             222           4 
 3             222           6 
 4             222           0 
 1             223           0 
 2             223           7 
 3             223           6 
 4             223           6 
 1             224           9 
 2             224           6 
 3             224           4 
 4             224           0 
 1             225           2 
 2             225           7 
 3             225           7 
 4             225           0 
 1             226           3 
 2             226           0 
 3             226           6 
 4             226           8 
 1             227           5 
 2             227           7 
 3             227           0 
 4             227           9 
 1             228           0 
 2             228           4 
 3             228           9 
 4             228           7 
 1             229           0 
 2             229           7 
 3             229           8 
 4             229           3 
 1             230           2 
 2             230           0 
 3             230           5 
 4             230           4 
 1             231           5 
 2             231           0 
 3             231           7 
 4             231           9 
 1             232           0 
 2             232           7 
 3             232           6 
 4             232           6 
 1             233           0 
 2             233           7 
 3             233           8 
 4             233           2 
 1             234           4 
 2             234           0 
 3             234           2 
 4             234           4 
 1             235           0 
 2             235           3 
 3             235           4 
 4             235           7 
 1             236           0 
 2             236           7 
 3             236           3 
 4             236           7 
 1             237           0 
 2             237           2 
 3             237           3 
 4             237           6 
 1             238           7 
 2             238           0 
 3             238           5 
 4             238           5 
 1             239           3 
 2             239           7 
 3             239           0 
 4             239           3 
 1             240           4 
 2             240           6 
 3             240           8 
 4             240           0 
 1             241           0 
 2             241           4 
 3             241           6 
 4             241           3 
 1             242           4 
 2             242           7 
 3             242           0 
 4             242           6 
 1             243           6 
 2             243           0 
 3             243           8 
 4             243           6 
 1             244           0 
 2             244           3 
 3             244           6 
 4             244           7 
 1             245           5 
 2             245           0 
 3             245           9 
 4             245           4 
 1             246           5 
 2             246           4 
 3             246           0 
 4             246           8 
 1             247           5 
 2             247           0 
 3             247           5 
 4             247           7 
 1             248           6 
 2             248           3 
 3             248           4 
 4             248           0 
 1             249           5 
 2             249           0 
 3             249           5 
 4             249           4 
 1             250           9 
 2             250           5 
 3             250           6 
 4             250           0 
 1             251           2 
 2             251           0 
 3             251           5 
 4             251           7 
 1             252           0 
 2             252           5 
 3             252           5 
 4             252           2 
 1             253           0 
 2             253           10 
 3             253           5 
 4             253           6 
 1             254           2 
 2             254           5 
 3             254           7 
 4             254           0 
 1             255           0 
 2             255           5 
 3             255           2 
 4             255           6 
 1             256           0 
 2             256           5 
 3             256           6 
 4             256           7 
 1             257           6 
 2             257           5 
 3             257           7 
 4             257           0 
 1             258           0 
 2             258           4 
 3             258           9 
 4             258           7 
 1             259           0 
 2             259           7 
 3             259           8 
 4             259           7 
 1             260           0 
 2             260           6 
 3             260           7 
 4             260           9 
 1             261           4 
 2             261           4 
 3             261           0 
 4             261           3 
 1             262           7 
 2             262           8 
 3             262           7 
 4             262           0 
 1             263           10 
 2             263           9 
 3             263           10 
 4             263           0 
 1             264           3 
 2             264           5 
 3             264           3 
 4             264           0 
 1             265           0 
 2             265           6 
 3             265           7 
 4             265           7 
 1             266           9 
 2             266           0 
 3             266           7 
 4             266           3 
 1             267           3 
 2             267           9 
 3             267           0 
 4             267           3 
 1             268           0 
 2             268           10 
 3             268           7 
 4             268           10 
 1             269           0 
 2             269           8 
 3             269           6 
 4             269           6 
 1             270           9 
 2             270           6 
 3             270           0 
 4             270           3 
 1             271           6 
 2             271           7 
 3             271           8 
 4             271           0 
 1             272           7 
 2             272           8 
 3             272           5 
 4             272           0 
 1             273           7 
 2             273           4 
 3             273           0 
 4             273           5 
 1             274           0 
 2             274           8 
 3             274           6 
 4             274           5 
 1             275           2 
 2             275           4 
 3             275           0 
 4             275           8 
 1             276           10 
 2             276           5 
 3             276           9 
 4             276           0 
 1             277           5 
 2             277           10 
 3             277           4 
 4             277           0 
 1             278           6 
 2             278           0 
 3             278           8 
 4             278           8 
 1             279           9 
 2             279           0 
 3             279           7 
 4             279           4 
 1             280           0 
 2             280           5 
 3             280           7 
 4             280           5 
 1             281           7 
 2             281           0 
 3             281           10 
 4             281           4 
 1             282           3 
 2             282           0 
 3             282           6 
 4             282           7 
 1             283           0 
 2             283           7 
 3             283           6 
 4             283           6 
 1             284           6 
 2             284           0 
 3             284           5 
 4             284           8 
 1             285           3 
 2             285           5 
 3             285           0 
 4             285           5 
 1             286           10 
 2             286           0 
 3             286           5 
 4             286           10 
 1             287           6 
 2             287           3 
 3             287           0 
 4             287           8 
 1             288           8 
 2             288           6 
 3             288           0 
 4             288           3 
 1             289           0 
 2             289           9 
 3             289           3 
 4             289           10 
 1             290           5 
 2             290           8 
 3             290           8 
 4             290           0 
 1             291           0 
 2             291           8 
 3             291           9 
 4             291           7 
 1             292           5 
 2             292           0 
 3             292           8 
 4             292           8 
 1             293           0 
 2             293           10 
 3             293           8 
 4             293           7 
 1             294           9 
 2             294           2 
 3             294           3 
 4             294           0 
 1             295           5 
 2             295           0 
 3             295           6 
 4             295           6 
 1             296           7 
 2             296           5 
 3             296           6 
 4             296           0 
 1             297           4 
 2             297           8 
 3             297           5 
 4             297           0 
 1             298           6 
 2             298           8 
 3             298           0 
 4             298           6 
 1             299           8 
 2             299           5 
 3             299           0 
 4             299           6 
 1             300           3 
 2             300           6 
 3             300           0 
 4             300           2 
 1             301           7 
 2             301           8 
 3             301           0 
 4             301           8 
 1             302           0 
 2             302           0 
 3             302           0 
 4             302           0 
