 1             1             0 
 2             1             0 
 3             1             0 
 4             1             0 
 1             2             1 
 2             2             1 
 3             2             1 
 4             2             1 
 1             3             1 
 2             3             2 
 3             3             3 
 4             3             2 
 1             4             2 
 2             4             3 
 3             4             2 
 4             4             1 
 1             5             2 
 2             5             2 
 3             5             2 
 4             5             2 
 1             6             1 
 2             6             2 
 3             6             2 
 4             6             2 
 1             7             1 
 2             7             1 
 3             7             1 
 4             7             4 
 1             8             1 
 2             8             2 
 3             8             4 
 4             8             3 
 1             9             3 
 2             9             1 
 3             9             2 
 4             9             1 
 1             10            1 
 2             10            2 
 3             10            3 
 4             10            2 
 1             11            2 
 2             11            5 
 3             11            1 
 4             11            3 
 1             12            1 
 2             12            1 
 3             12            2 
 4             12            3 
 1             13            3 
 2             13            2 
 3             13            2 
 4             13            1 
 1             14            1 
 2             14            3 
 3             14            2 
 4             14            2 
 1             15            1 
 2             15            2 
 3             15            2 
 4             15            5 
 1             16            3 
 2             16            3 
 3             16            2 
 4             16            1 
 1             17            3 
 2             17            2 
 3             17            3 
 4             17            2 
 1             18            2 
 2             18            1 
 3             18            2 
 4             18            1 
 1             19            2 
 2             19            3 
 3             19            2 
 4             19            3 
 1             20            4 
 2             20            2 
 3             20            1 
 4             20            1 
 1             21            4 
 2             21            5 
 3             21            2 
 4             21            3 
 1             22            2 
 2             22            1 
 3             22            2 
 4             22            3 
 1             23            1 
 2             23            1 
 3             23            1 
 4             23            1 
 1             24            6 
 2             24            1 
 3             24            2 
 4             24            2 
 1             25            2 
 2             25            1 
 3             25            2 
 4             25            1 
 1             26            3 
 2             26            2 
 3             26            1 
 4             26            3 
 1             27            2 
 2             27            2 
 3             27            1 
 4             27            2 
 1             28            3 
 2             28            1 
 3             28            1 
 4             28            1 
 1             29            1 
 2             29            1 
 3             29            1 
 4             29            1 
 1             30            4 
 2             30            4 
 3             30            2 
 4             30            2 
 1             31            1 
 2             31            2 
 3             31            3 
 4             31            1 
 1             32            1 
 2             32            1 
 3             32            3 
 4             32            1 
 1             33            1 
 2             33            3 
 3             33            1 
 4             33            3 
 1             34            5 
 2             34            1 
 3             34            1 
 4             34            2 
 1             35            2 
 2             35            1 
 3             35            1 
 4             35            1 
 1             36            1 
 2             36            2 
 3             36            1 
 4             36            2 
 1             37            1 
 2             37            3 
 3             37            3 
 4             37            1 
 1             38            2 
 2             38            1 
 3             38            4 
 4             38            2 
 1             39            1 
 2             39            2 
 3             39            1 
 4             39            2 
 1             40            4 
 2             40            2 
 3             40            2 
 4             40            5 
 1             41            1 
 2             41            1 
 3             41            1 
 4             41            3 
 1             42            3 
 2             42            3 
 3             42            2 
 4             42            2 
 1             43            1 
 2             43            1 
 3             43            3 
 4             43            1 
 1             44            1 
 2             44            2 
 3             44            2 
 4             44            2 
 1             45            2 
 2             45            1 
 3             45            1 
 4             45            3 
 1             46            2 
 2             46            2 
 3             46            3 
 4             46            1 
 1             47            1 
 2             47            3 
 3             47            4 
 4             47            2 
 1             48            4 
 2             48            2 
 3             48            2 
 4             48            1 
 1             49            2 
 2             49            1 
 3             49            1 
 4             49            1 
 1             50            3 
 2             50            2 
 3             50            2 
 4             50            1 
 1             51            3 
 2             51            3 
 3             51            2 
 4             51            4 
 1             52            1 
 2             52            2 
 3             52            2 
 4             52            2 
 1             53            2 
 2             53            3 
 3             53            1 
 4             53            1 
 1             54            5 
 2             54            1 
 3             54            2 
 4             54            1 
 1             55            1 
 2             55            2 
 3             55            4 
 4             55            2 
 1             56            2 
 2             56            1 
 3             56            2 
 4             56            1 
 1             57            4 
 2             57            3 
 3             57            1 
 4             57            2 
 1             58            3 
 2             58            1 
 3             58            1 
 4             58            2 
 1             59            1 
 2             59            3 
 3             59            2 
 4             59            1 
 1             60            1 
 2             60            2 
 3             60            2 
 4             60            2 
 1             61            2 
 2             61            2 
 3             61            1 
 4             61            2 
 1             62            2 
 2             62            2 
 3             62            1 
 4             62            2 
 1             63            2 
 2             63            1 
 3             63            1 
 4             63            2 
 1             64            1 
 2             64            1 
 3             64            3 
 4             64            2 
 1             65            3 
 2             65            1 
 3             65            4 
 4             65            1 
 1             66            1 
 2             66            2 
 3             66            1 
 4             66            1 
 1             67            1 
 2             67            2 
 3             67            1 
 4             67            3 
 1             68            3 
 2             68            2 
 3             68            3 
 4             68            2 
 1             69            1 
 2             69            2 
 3             69            1 
 4             69            2 
 1             70            1 
 2             70            1 
 3             70            3 
 4             70            4 
 1             71            2 
 2             71            1 
 3             71            1 
 4             71            1 
 1             72            2 
 2             72            1 
 3             72            1 
 4             72            1 
 1             73            3 
 2             73            2 
 3             73            2 
 4             73            4 
 1             74            1 
 2             74            1 
 3             74            2 
 4             74            2 
 1             75            1 
 2             75            1 
 3             75            3 
 4             75            1 
 1             76            2 
 2             76            1 
 3             76            4 
 4             76            2 
 1             77            2 
 2             77            3 
 3             77            1 
 4             77            2 
 1             78            1 
 2             78            3 
 3             78            1 
 4             78            1 
 1             79            3 
 2             79            2 
 3             79            3 
 4             79            2 
 1             80            3 
 2             80            3 
 3             80            2 
 4             80            2 
 1             81            2 
 2             81            1 
 3             81            2 
 4             81            5 
 1             82            2 
 2             82            4 
 3             82            2 
 4             82            1 
 1             83            1 
 2             83            2 
 3             83            4 
 4             83            3 
 1             84            1 
 2             84            2 
 3             84            3 
 4             84            1 
 1             85            2 
 2             85            1 
 3             85            1 
 4             85            1 
 1             86            4 
 2             86            4 
 3             86            3 
 4             86            4 
 1             87            3 
 2             87            2 
 3             87            1 
 4             87            1 
 1             88            1 
 2             88            1 
 3             88            2 
 4             88            2 
 1             89            1 
 2             89            2 
 3             89            3 
 4             89            2 
 1             90            2 
 2             90            4 
 3             90            2 
 4             90            3 
 1             91            2 
 2             91            1 
 3             91            1 
 4             91            1 
 1             92            1 
 2             92            1 
 3             92            1 
 4             92            1 
 1             93            1 
 2             93            2 
 3             93            3 
 4             93            3 
 1             94            4 
 2             94            2 
 3             94            1 
 4             94            2 
 1             95            2 
 2             95            1 
 3             95            2 
 4             95            1 
 1             96            3 
 2             96            3 
 3             96            3 
 4             96            3 
 1             97            2 
 2             97            1 
 3             97            1 
 4             97            1 
 1             98            2 
 2             98            1 
 3             98            5 
 4             98            2 
 1             99            2 
 2             99            1 
 3             99            1 
 4             99            1 
 1             100           1 
 2             100           2 
 3             100           3 
 4             100           2 
 1             101           1 
 2             101           1 
 3             101           3 
 4             101           3 
 1             102           4 
 2             102           2 
 3             102           2 
 4             102           1 
 1             103           3 
 2             103           2 
 3             103           2 
 4             103           2 
 1             104           1 
 2             104           6 
 3             104           4 
 4             104           2 
 1             105           2 
 2             105           4 
 3             105           4 
 4             105           2 
 1             106           1 
 2             106           2 
 3             106           2 
 4             106           1 
 1             107           2 
 2             107           3 
 3             107           2 
 4             107           2 
 1             108           3 
 2             108           3 
 3             108           3 
 4             108           1 
 1             109           3 
 2             109           2 
 3             109           1 
 4             109           2 
 1             110           3 
 2             110           2 
 3             110           3 
 4             110           1 
 1             111           1 
 2             111           2 
 3             111           2 
 4             111           1 
 1             112           2 
 2             112           2 
 3             112           1 
 4             112           2 
 1             113           4 
 2             113           2 
 3             113           1 
 4             113           3 
 1             114           3 
 2             114           4 
 3             114           2 
 4             114           1 
 1             115           2 
 2             115           1 
 3             115           2 
 4             115           1 
 1             116           1 
 2             116           1 
 3             116           3 
 4             116           2 
 1             117           3 
 2             117           3 
 3             117           2 
 4             117           4 
 1             118           1 
 2             118           1 
 3             118           1 
 4             118           2 
 1             119           5 
 2             119           3 
 3             119           2 
 4             119           3 
 1             120           1 
 2             120           1 
 3             120           3 
 4             120           2 
 1             121           2 
 2             121           2 
 3             121           2 
 4             121           2 
 1             122           3 
 2             122           1 
 3             122           1 
 4             122           3 
 1             123           2 
 2             123           1 
 3             123           3 
 4             123           2 
 1             124           1 
 2             124           3 
 3             124           3 
 4             124           1 
 1             125           2 
 2             125           1 
 3             125           1 
 4             125           1 
 1             126           1 
 2             126           2 
 3             126           1 
 4             126           2 
 1             127           3 
 2             127           1 
 3             127           2 
 4             127           1 
 1             128           2 
 2             128           2 
 3             128           1 
 4             128           3 
 1             129           2 
 2             129           1 
 3             129           1 
 4             129           2 
 1             130           1 
 2             130           2 
 3             130           4 
 4             130           4 
 1             131           1 
 2             131           2 
 3             131           4 
 4             131           1 
 1             132           2 
 2             132           2 
 3             132           3 
 4             132           2 
 1             133           1 
 2             133           3 
 3             133           2 
 4             133           2 
 1             134           2 
 2             134           1 
 3             134           1 
 4             134           4 
 1             135           1 
 2             135           2 
 3             135           2 
 4             135           2 
 1             136           2 
 2             136           3 
 3             136           2 
 4             136           2 
 1             137           5 
 2             137           3 
 3             137           1 
 4             137           1 
 1             138           2 
 2             138           2 
 3             138           1 
 4             138           3 
 1             139           2 
 2             139           2 
 3             139           1 
 4             139           1 
 1             140           3 
 2             140           2 
 3             140           2 
 4             140           2 
 1             141           2 
 2             141           3 
 3             141           2 
 4             141           1 
 1             142           2 
 2             142           4 
 3             142           3 
 4             142           1 
 1             143           3 
 2             143           1 
 3             143           1 
 4             143           1 
 1             144           3 
 2             144           2 
 3             144           1 
 4             144           1 
 1             145           2 
 2             145           1 
 3             145           1 
 4             145           3 
 1             146           2 
 2             146           2 
 3             146           3 
 4             146           2 
 1             147           1 
 2             147           1 
 3             147           1 
 4             147           2 
 1             148           2 
 2             148           3 
 3             148           5 
 4             148           3 
 1             149           2 
 2             149           2 
 3             149           1 
 4             149           2 
 1             150           5 
 2             150           3 
 3             150           1 
 4             150           2 
 1             151           1 
 2             151           1 
 3             151           2 
 4             151           2 
 1             152           3 
 2             152           3 
 3             152           2 
 4             152           1 
 1             153           2 
 2             153           2 
 3             153           2 
 4             153           2 
 1             154           1 
 2             154           2 
 3             154           1 
 4             154           2 
 1             155           2 
 2             155           2 
 3             155           4 
 4             155           1 
 1             156           2 
 2             156           1 
 3             156           3 
 4             156           3 
 1             157           1 
 2             157           2 
 3             157           5 
 4             157           2 
 1             158           3 
 2             158           2 
 3             158           2 
 4             158           1 
 1             159           1 
 2             159           1 
 3             159           2 
 4             159           3 
 1             160           2 
 2             160           3 
 3             160           1 
 4             160           2 
 1             161           1 
 2             161           3 
 3             161           1 
 4             161           1 
 1             162           1 
 2             162           2 
 3             162           2 
 4             162           3 
 1             163           2 
 2             163           1 
 3             163           5 
 4             163           1 
 1             164           3 
 2             164           1 
 3             164           2 
 4             164           1 
 1             165           3 
 2             165           1 
 3             165           1 
 4             165           1 
 1             166           1 
 2             166           2 
 3             166           1 
 4             166           1 
 1             167           2 
 2             167           1 
 3             167           1 
 4             167           1 
 1             168           2 
 2             168           3 
 3             168           1 
 4             168           1 
 1             169           2 
 2             169           3 
 3             169           2 
 4             169           2 
 1             170           1 
 2             170           3 
 3             170           1 
 4             170           3 
 1             171           1 
 2             171           2 
 3             171           1 
 4             171           2 
 1             172           2 
 2             172           1 
 3             172           1 
 4             172           1 
 1             173           1 
 2             173           2 
 3             173           2 
 4             173           4 
 1             174           1 
 2             174           3 
 3             174           2 
 4             174           3 
 1             175           2 
 2             175           2 
 3             175           1 
 4             175           3 
 1             176           2 
 2             176           1 
 3             176           2 
 4             176           1 
 1             177           4 
 2             177           2 
 3             177           1 
 4             177           2 
 1             178           1 
 2             178           2 
 3             178           1 
 4             178           2 
 1             179           1 
 2             179           2 
 3             179           1 
 4             179           6 
 1             180           3 
 2             180           1 
 3             180           1 
 4             180           1 
 1             181           4 
 2             181           3 
 3             181           2 
 4             181           2 
 1             182           1 
 2             182           4 
 3             182           2 
 4             182           1 
 1             183           1 
 2             183           2 
 3             183           2 
 4             183           3 
 1             184           3 
 2             184           5 
 3             184           2 
 4             184           2 
 1             185           1 
 2             185           3 
 3             185           2 
 4             185           1 
 1             186           2 
 2             186           3 
 3             186           1 
 4             186           4 
 1             187           2 
 2             187           2 
 3             187           1 
 4             187           3 
 1             188           1 
 2             188           3 
 3             188           2 
 4             188           1 
 1             189           1 
 2             189           1 
 3             189           3 
 4             189           3 
 1             190           2 
 2             190           2 
 3             190           2 
 4             190           1 
 1             191           3 
 2             191           3 
 3             191           1 
 4             191           1 
 1             192           1 
 2             192           1 
 3             192           3 
 4             192           1 
 1             193           5 
 2             193           4 
 3             193           3 
 4             193           4 
 1             194           2 
 2             194           3 
 3             194           3 
 4             194           2 
 1             195           3 
 2             195           2 
 3             195           1 
 4             195           2 
 1             196           1 
 2             196           1 
 3             196           4 
 4             196           2 
 1             197           2 
 2             197           4 
 3             197           2 
 4             197           1 
 1             198           2 
 2             198           1 
 3             198           2 
 4             198           3 
 1             199           3 
 2             199           1 
 3             199           3 
 4             199           2 
 1             200           1 
 2             200           2 
 3             200           2 
 4             200           1 
 1             201           1 
 2             201           2 
 3             201           2 
 4             201           1 
 1             202           2 
 2             202           1 
 3             202           1 
 4             202           2 
 1             203           2 
 2             203           1 
 3             203           4 
 4             203           1 
 1             204           1 
 2             204           2 
 3             204           1 
 4             204           3 
 1             205           2 
 2             205           1 
 3             205           2 
 4             205           3 
 1             206           3 
 2             206           2 
 3             206           1 
 4             206           1 
 1             207           3 
 2             207           1 
 3             207           2 
 4             207           4 
 1             208           1 
 2             208           2 
 3             208           3 
 4             208           2 
 1             209           2 
 2             209           2 
 3             209           1 
 4             209           2 
 1             210           3 
 2             210           2 
 3             210           2 
 4             210           3 
 1             211           2 
 2             211           4 
 3             211           1 
 4             211           1 
 1             212           1 
 2             212           1 
 3             212           1 
 4             212           1 
 1             213           2 
 2             213           1 
 3             213           1 
 4             213           3 
 1             214           2 
 2             214           2 
 3             214           2 
 4             214           2 
 1             215           1 
 2             215           2 
 3             215           1 
 4             215           2 
 1             216           1 
 2             216           2 
 3             216           1 
 4             216           3 
 1             217           2 
 2             217           2 
 3             217           3 
 4             217           2 
 1             218           2 
 2             218           1 
 3             218           1 
 4             218           1 
 1             219           1 
 2             219           2 
 3             219           4 
 4             219           2 
 1             220           3 
 2             220           2 
 3             220           1 
 4             220           1 
 1             221           5 
 2             221           1 
 3             221           2 
 4             221           4 
 1             222           3 
 2             222           2 
 3             222           3 
 4             222           2 
 1             223           1 
 2             223           2 
 3             223           1 
 4             223           2 
 1             224           1 
 2             224           2 
 3             224           2 
 4             224           4 
 1             225           3 
 2             225           4 
 3             225           1 
 4             225           2 
 1             226           1 
 2             226           2 
 3             226           1 
 4             226           1 
 1             227           3 
 2             227           1 
 3             227           3 
 4             227           1 
 1             228           1 
 2             228           2 
 3             228           2 
 4             228           4 
 1             229           2 
 2             229           3 
 3             229           1 
 4             229           2 
 1             230           2 
 2             230           4 
 3             230           2 
 4             230           2 
 1             231           3 
 2             231           3 
 3             231           1 
 4             231           2 
 1             232           2 
 2             232           1 
 3             232           3 
 4             232           1 
 1             233           3 
 2             233           2 
 3             233           1 
 4             233           2 
 1             234           1 
 2             234           1 
 3             234           3 
 4             234           4 
 1             235           4 
 2             235           3 
 3             235           2 
 4             235           1 
 1             236           1 
 2             236           1 
 3             236           3 
 4             236           1 
 1             237           1 
 2             237           3 
 3             237           1 
 4             237           3 
 1             238           1 
 2             238           2 
 3             238           3 
 4             238           4 
 1             239           2 
 2             239           1 
 3             239           2 
 4             239           2 
 1             240           2 
 2             240           2 
 3             240           4 
 4             240           4 
 1             241           2 
 2             241           2 
 3             241           4 
 4             241           3 
 1             242           2 
 2             242           2 
 3             242           2 
 4             242           1 
 1             243           1 
 2             243           4 
 3             243           2 
 4             243           2 
 1             244           2 
 2             244           1 
 3             244           2 
 4             244           1 
 1             245           2 
 2             245           3 
 3             245           1 
 4             245           1 
 1             246           1 
 2             246           1 
 3             246           2 
 4             246           3 
 1             247           1 
 2             247           1 
 3             247           2 
 4             247           2 
 1             248           1 
 2             248           2 
 3             248           2 
 4             248           1 
 1             249           1 
 2             249           2 
 3             249           3 
 4             249           1 
 1             250           3 
 2             250           1 
 3             250           2 
 4             250           3 
 1             251           2 
 2             251           1 
 3             251           2 
 4             251           2 
 1             252           1 
 2             252           1 
 3             252           1 
 4             252           3 
 1             253           1 
 2             253           3 
 3             253           2 
 4             253           3 
 1             254           3 
 2             254           2 
 3             254           2 
 4             254           1 
 1             255           2 
 2             255           3 
 3             255           1 
 4             255           1 
 1             256           2 
 2             256           2 
 3             256           2 
 4             256           2 
 1             257           1 
 2             257           2 
 3             257           2 
 4             257           1 
 1             258           2 
 2             258           2 
 3             258           1 
 4             258           2 
 1             259           1 
 2             259           4 
 3             259           3 
 4             259           3 
 1             260           3 
 2             260           3 
 3             260           1 
 4             260           5 
 1             261           2 
 2             261           2 
 3             261           2 
 4             261           1 
 1             262           2 
 2             262           2 
 3             262           2 
 4             262           1 
 1             263           2 
 2             263           1 
 3             263           2 
 4             263           1 
 1             264           2 
 2             264           2 
 3             264           3 
 4             264           2 
 1             265           2 
 2             265           3 
 3             265           1 
 4             265           2 
 1             266           4 
 2             266           1 
 3             266           1 
 4             266           4 
 1             267           1 
 2             267           2 
 3             267           1 
 4             267           2 
 1             268           1 
 2             268           2 
 3             268           2 
 4             268           3 
 1             269           2 
 2             269           2 
 3             269           3 
 4             269           3 
 1             270           2 
 2             270           3 
 3             270           2 
 4             270           2 
 1             271           2 
 2             271           1 
 3             271           4 
 4             271           1 
 1             272           1 
 2             272           3 
 3             272           4 
 4             272           2 
 1             273           2 
 2             273           1 
 3             273           2 
 4             273           1 
 1             274           2 
 2             274           3 
 3             274           4 
 4             274           2 
 1             275           2 
 2             275           2 
 3             275           3 
 4             275           2 
 1             276           2 
 2             276           1 
 3             276           1 
 4             276           2 
 1             277           1 
 2             277           2 
 3             277           3 
 4             277           3 
 1             278           2 
 2             278           2 
 3             278           2 
 4             278           1 
 1             279           1 
 2             279           2 
 3             279           2 
 4             279           2 
 1             280           1 
 2             280           2 
 3             280           3 
 4             280           1 
 1             281           2 
 2             281           1 
 3             281           2 
 4             281           1 
 1             282           2 
 2             282           2 
 3             282           1 
 4             282           1 
 1             283           1 
 2             283           2 
 3             283           1 
 4             283           2 
 1             284           1 
 2             284           3 
 3             284           3 
 4             284           1 
 1             285           2 
 2             285           2 
 3             285           1 
 4             285           3 
 1             286           3 
 2             286           2 
 3             286           2 
 4             286           2 
 1             287           1 
 2             287           1 
 3             287           1 
 4             287           1 
 1             288           2 
 2             288           5 
 3             288           3 
 4             288           1 
 1             289           2 
 2             289           3 
 3             289           2 
 4             289           1 
 1             290           2 
 2             290           1 
 3             290           1 
 4             290           3 
 1             291           2 
 2             291           2 
 3             291           2 
 4             291           3 
 1             292           3 
 2             292           2 
 3             292           3 
 4             292           1 
 1             293           4 
 2             293           1 
 3             293           2 
 4             293           2 
 1             294           2 
 2             294           3 
 3             294           1 
 4             294           1 
 1             295           1 
 2             295           2 
 3             295           1 
 4             295           3 
 1             296           4 
 2             296           1 
 3             296           1 
 4             296           2 
 1             297           3 
 2             297           1 
 3             297           1 
 4             297           2 
 1             298           2 
 2             298           2 
 3             298           6 
 4             298           5 
 1             299           2 
 2             299           2 
 3             299           2 
 4             299           1 
 1             300           2 
 2             300           1 
 3             300           3 
 4             300           3 
 1             301           2 
 2             301           1 
 3             301           3 
 4             301           5 
 1             302           0 
 2             302           0 
 3             302           0 
 4             302           0 
