 1             1             0 
 2             1             0 
 3             1             0 
 4             1             0 
 1             2             6 
 2             2             10 
 3             2             0 
 4             2             0 
 1             3             0 
 2             3             10 
 3             3             10 
 4             3             0 
 1             4             0 
 2             4             5 
 3             4             10 
 4             4             0 
 1             5             5 
 2             5             0 
 3             5             0 
 4             5             3 
 1             6             0 
 2             6             0 
 3             6             8 
 4             6             5 
 1             7             7 
 2             7             0 
 3             7             6 
 4             7             0 
 1             8             8 
 2             8             10 
 3             8             0 
 4             8             0 
 1             9             7 
 2             9             0 
 3             9             5 
 4             9             0 
 1             10            0 
 2             10            0 
 3             10            9 
 4             10            6 
 1             11            0 
 2             11            0 
 3             11            8 
 4             11            7 
 1             12            8 
 2             12            0 
 3             12            4 
 4             12            0 
 1             13            0 
 2             13            7 
 3             13            10 
 4             13            0 
 1             14            4 
 2             14            4 
 3             14            0 
 4             14            0 
 1             15            7 
 2             15            5 
 3             15            0 
 4             15            0 
 1             16            0 
 2             16            7 
 3             16            7 
 4             16            0 
 1             17            9 
 2             17            0 
 3             17            0 
 4             17            9 
 1             18            10 
 2             18            5 
 3             18            0 
 4             18            0 
 1             19            7 
 2             19            0 
 3             19            0 
 4             19            9 
 1             20            8 
 2             20            0 
 3             20            0 
 4             20            9 
 1             21            0 
 2             21            0 
 3             21            7 
 4             21            10 
 1             22            0 
 2             22            0 
 3             22            7 
 4             22            10 
 1             23            0 
 2             23            10 
 3             23            6 
 4             23            0 
 1             24            0 
 2             24            8 
 3             24            5 
 4             24            0 
 1             25            0 
 2             25            6 
 3             25            0 
 4             25            7 
 1             26            0 
 2             26            0 
 3             26            7 
 4             26            10 
 1             27            0 
 2             27            6 
 3             27            9 
 4             27            0 
 1             28            0 
 2             28            0 
 3             28            10 
 4             28            10 
 1             29            0 
 2             29            6 
 3             29            5 
 4             29            0 
 1             30            0 
 2             30            10 
 3             30            9 
 4             30            0 
 1             31            5 
 2             31            0 
 3             31            0 
 4             31            9 
 1             32            0 
 2             32            5 
 3             32            7 
 4             32            0 
 1             33            0 
 2             33            10 
 3             33            0 
 4             33            9 
 1             34            0 
 2             34            6 
 3             34            0 
 4             34            8 
 1             35            8 
 2             35            0 
 3             35            0 
 4             35            6 
 1             36            0 
 2             36            6 
 3             36            0 
 4             36            7 
 1             37            8 
 2             37            8 
 3             37            0 
 4             37            0 
 1             38            0 
 2             38            10 
 3             38            10 
 4             38            0 
 1             39            10 
 2             39            0 
 3             39            7 
 4             39            0 
 1             40            10 
 2             40            0 
 3             40            6 
 4             40            0 
 1             41            0 
 2             41            0 
 3             41            9 
 4             41            9 
 1             42            0 
 2             42            4 
 3             42            0 
 4             42            10 
 1             43            5 
 2             43            0 
 3             43            0 
 4             43            6 
 1             44            9 
 2             44            0 
 3             44            10 
 4             44            0 
 1             45            0 
 2             45            0 
 3             45            9 
 4             45            6 
 1             46            0 
 2             46            0 
 3             46            10 
 4             46            9 
 1             47            10 
 2             47            0 
 3             47            0 
 4             47            8 
 1             48            3 
 2             48            7 
 3             48            0 
 4             48            0 
 1             49            9 
 2             49            0 
 3             49            0 
 4             49            8 
 1             50            10 
 2             50            0 
 3             50            0 
 4             50            10 
 1             51            8 
 2             51            0 
 3             51            0 
 4             51            10 
 1             52            0 
 2             52            8 
 3             52            8 
 4             52            0 
 1             53            0 
 2             53            10 
 3             53            3 
 4             53            0 
 1             54            6 
 2             54            0 
 3             54            10 
 4             54            0 
 1             55            0 
 2             55            0 
 3             55            8 
 4             55            8 
 1             56            7 
 2             56            10 
 3             56            0 
 4             56            0 
 1             57            9 
 2             57            6 
 3             57            0 
 4             57            0 
 1             58            0 
 2             58            9 
 3             58            0 
 4             58            9 
 1             59            10 
 2             59            0 
 3             59            7 
 4             59            0 
 1             60            0 
 2             60            6 
 3             60            6 
 4             60            0 
 1             61            0 
 2             61            0 
 3             61            10 
 4             61            10 
 1             62            7 
 2             62            0 
 3             62            7 
 4             62            0 
 1             63            8 
 2             63            0 
 3             63            9 
 4             63            0 
 1             64            10 
 2             64            0 
 3             64            0 
 4             64            10 
 1             65            0 
 2             65            9 
 3             65            4 
 4             65            0 
 1             66            8 
 2             66            8 
 3             66            0 
 4             66            0 
 1             67            0 
 2             67            10 
 3             67            0 
 4             67            6 
 1             68            0 
 2             68            8 
 3             68            0 
 4             68            9 
 1             69            8 
 2             69            0 
 3             69            0 
 4             69            7 
 1             70            0 
 2             70            0 
 3             70            6 
 4             70            10 
 1             71            9 
 2             71            0 
 3             71            0 
 4             71            7 
 1             72            8 
 2             72            0 
 3             72            10 
 4             72            0 
 1             73            0 
 2             73            8 
 3             73            8 
 4             73            0 
 1             74            3 
 2             74            0 
 3             74            10 
 4             74            0 
 1             75            6 
 2             75            8 
 3             75            0 
 4             75            0 
 1             76            10 
 2             76            0 
 3             76            6 
 4             76            0 
 1             77            0 
 2             77            8 
 3             77            10 
 4             77            0 
 1             78            7 
 2             78            0 
 3             78            0 
 4             78            10 
 1             79            9 
 2             79            10 
 3             79            0 
 4             79            0 
 1             80            0 
 2             80            0 
 3             80            6 
 4             80            10 
 1             81            0 
 2             81            9 
 3             81            10 
 4             81            0 
 1             82            8 
 2             82            0 
 3             82            0 
 4             82            8 
 1             83            7 
 2             83            0 
 3             83            8 
 4             83            0 
 1             84            7 
 2             84            10 
 3             84            0 
 4             84            0 
 1             85            0 
 2             85            9 
 3             85            0 
 4             85            9 
 1             86            0 
 2             86            0 
 3             86            5 
 4             86            6 
 1             87            7 
 2             87            0 
 3             87            0 
 4             87            10 
 1             88            8 
 2             88            0 
 3             88            9 
 4             88            0 
 1             89            8 
 2             89            7 
 3             89            0 
 4             89            0 
 1             90            7 
 2             90            0 
 3             90            6 
 4             90            0 
 1             91            8 
 2             91            10 
 3             91            0 
 4             91            0 
 1             92            10 
 2             92            0 
 3             92            10 
 4             92            0 
 1             93            0 
 2             93            9 
 3             93            0 
 4             93            9 
 1             94            0 
 2             94            5 
 3             94            10 
 4             94            0 
 1             95            0 
 2             95            4 
 3             95            10 
 4             95            0 
 1             96            7 
 2             96            0 
 3             96            3 
 4             96            0 
 1             97            8 
 2             97            0 
 3             97            7 
 4             97            0 
 1             98            10 
 2             98            0 
 3             98            6 
 4             98            0 
 1             99            10 
 2             99            9 
 3             99            0 
 4             99            0 
 1             100           9 
 2             100           0 
 3             100           0 
 4             100           10 
 1             101           0 
 2             101           10 
 3             101           9 
 4             101           0 
 1             102           0 
 2             102           8 
 3             102           9 
 4             102           0 
 1             103           10 
 2             103           4 
 3             103           0 
 4             103           0 
 1             104           9 
 2             104           0 
 3             104           0 
 4             104           9 
 1             105           8 
 2             105           0 
 3             105           4 
 4             105           0 
 1             106           10 
 2             106           0 
 3             106           0 
 4             106           8 
 1             107           8 
 2             107           0 
 3             107           10 
 4             107           0 
 1             108           0 
 2             108           10 
 3             108           0 
 4             108           4 
 1             109           10 
 2             109           0 
 3             109           8 
 4             109           0 
 1             110           0 
 2             110           0 
 3             110           10 
 4             110           5 
 1             111           10 
 2             111           0 
 3             111           5 
 4             111           0 
 1             112           9 
 2             112           6 
 3             112           0 
 4             112           0 
 1             113           9 
 2             113           0 
 3             113           5 
 4             113           0 
 1             114           0 
 2             114           0 
 3             114           7 
 4             114           5 
 1             115           0 
 2             115           10 
 3             115           10 
 4             115           0 
 1             116           7 
 2             116           10 
 3             116           0 
 4             116           0 
 1             117           10 
 2             117           0 
 3             117           6 
 4             117           0 
 1             118           0 
 2             118           8 
 3             118           10 
 4             118           0 
 1             119           10 
 2             119           0 
 3             119           10 
 4             119           0 
 1             120           7 
 2             120           0 
 3             120           0 
 4             120           6 
 1             121           0 
 2             121           8 
 3             121           6 
 4             121           0 
 1             122           0 
 2             122           3 
 3             122           0 
 4             122           9 
 1             123           0 
 2             123           7 
 3             123           0 
 4             123           7 
 1             124           10 
 2             124           0 
 3             124           0 
 4             124           10 
 1             125           0 
 2             125           8 
 3             125           7 
 4             125           0 
 1             126           9 
 2             126           0 
 3             126           0 
 4             126           7 
 1             127           0 
 2             127           0 
 3             127           9 
 4             127           7 
 1             128           0 
 2             128           0 
 3             128           10 
 4             128           5 
 1             129           9 
 2             129           5 
 3             129           0 
 4             129           0 
 1             130           0 
 2             130           8 
 3             130           0 
 4             130           2 
 1             131           10 
 2             131           10 
 3             131           0 
 4             131           0 
 1             132           10 
 2             132           7 
 3             132           0 
 4             132           0 
 1             133           0 
 2             133           10 
 3             133           10 
 4             133           0 
 1             134           7 
 2             134           9 
 3             134           0 
 4             134           0 
 1             135           9 
 2             135           0 
 3             135           9 
 4             135           0 
 1             136           0 
 2             136           5 
 3             136           0 
 4             136           10 
 1             137           8 
 2             137           0 
 3             137           0 
 4             137           10 
 1             138           8 
 2             138           0 
 3             138           10 
 4             138           0 
 1             139           10 
 2             139           0 
 3             139           0 
 4             139           5 
 1             140           5 
 2             140           0 
 3             140           0 
 4             140           9 
 1             141           10 
 2             141           5 
 3             141           0 
 4             141           0 
 1             142           0 
 2             142           10 
 3             142           7 
 4             142           0 
 1             143           0 
 2             143           10 
 3             143           8 
 4             143           0 
 1             144           10 
 2             144           10 
 3             144           0 
 4             144           0 
 1             145           8 
 2             145           0 
 3             145           0 
 4             145           10 
 1             146           9 
 2             146           10 
 3             146           0 
 4             146           0 
 1             147           0 
 2             147           7 
 3             147           10 
 4             147           0 
 1             148           0 
 2             148           10 
 3             148           8 
 4             148           0 
 1             149           0 
 2             149           0 
 3             149           10 
 4             149           8 
 1             150           7 
 2             150           10 
 3             150           0 
 4             150           0 
 1             151           9 
 2             151           0 
 3             151           0 
 4             151           7 
 1             152           3 
 2             152           9 
 3             152           0 
 4             152           0 
 1             153           6 
 2             153           0 
 3             153           0 
 4             153           9 
 1             154           8 
 2             154           0 
 3             154           7 
 4             154           0 
 1             155           9 
 2             155           0 
 3             155           0 
 4             155           6 
 1             156           0 
 2             156           10 
 3             156           10 
 4             156           0 
 1             157           0 
 2             157           5 
 3             157           8 
 4             157           0 
 1             158           0 
 2             158           10 
 3             158           0 
 4             158           10 
 1             159           5 
 2             159           10 
 3             159           0 
 4             159           0 
 1             160           5 
 2             160           0 
 3             160           0 
 4             160           10 
 1             161           7 
 2             161           0 
 3             161           0 
 4             161           9 
 1             162           0 
 2             162           0 
 3             162           10 
 4             162           8 
 1             163           9 
 2             163           0 
 3             163           0 
 4             163           6 
 1             164           10 
 2             164           0 
 3             164           10 
 4             164           0 
 1             165           0 
 2             165           6 
 3             165           0 
 4             165           10 
 1             166           0 
 2             166           6 
 3             166           7 
 4             166           0 
 1             167           5 
 2             167           8 
 3             167           0 
 4             167           0 
 1             168           0 
 2             168           10 
 3             168           0 
 4             168           4 
 1             169           0 
 2             169           8 
 3             169           0 
 4             169           6 
 1             170           0 
 2             170           0 
 3             170           8 
 4             170           10 
 1             171           10 
 2             171           10 
 3             171           0 
 4             171           0 
 1             172           0 
 2             172           9 
 3             172           0 
 4             172           7 
 1             173           8 
 2             173           0 
 3             173           9 
 4             173           0 
 1             174           8 
 2             174           10 
 3             174           0 
 4             174           0 
 1             175           0 
 2             175           0 
 3             175           6 
 4             175           9 
 1             176           10 
 2             176           0 
 3             176           9 
 4             176           0 
 1             177           10 
 2             177           8 
 3             177           0 
 4             177           0 
 1             178           0 
 2             178           6 
 3             178           0 
 4             178           6 
 1             179           0 
 2             179           0 
 3             179           7 
 4             179           8 
 1             180           7 
 2             180           3 
 3             180           0 
 4             180           0 
 1             181           10 
 2             181           8 
 3             181           0 
 4             181           0 
 1             182           0 
 2             182           0 
 3             182           7 
 4             182           9 
 1             183           0 
 2             183           7 
 3             183           6 
 4             183           0 
 1             184           0 
 2             184           0 
 3             184           10 
 4             184           8 
 1             185           0 
 2             185           10 
 3             185           0 
 4             185           9 
 1             186           0 
 2             186           7 
 3             186           10 
 4             186           0 
 1             187           10 
 2             187           6 
 3             187           0 
 4             187           0 
 1             188           0 
 2             188           0 
 3             188           7 
 4             188           10 
 1             189           0 
 2             189           9 
 3             189           2 
 4             189           0 
 1             190           9 
 2             190           10 
 3             190           0 
 4             190           0 
 1             191           0 
 2             191           10 
 3             191           0 
 4             191           10 
 1             192           0 
 2             192           7 
 3             192           0 
 4             192           10 
 1             193           0 
 2             193           0 
 3             193           10 
 4             193           5 
 1             194           0 
 2             194           5 
 3             194           7 
 4             194           0 
 1             195           0 
 2             195           10 
 3             195           0 
 4             195           6 
 1             196           7 
 2             196           0 
 3             196           0 
 4             196           10 
 1             197           0 
 2             197           0 
 3             197           8 
 4             197           10 
 1             198           7 
 2             198           0 
 3             198           0 
 4             198           10 
 1             199           9 
 2             199           0 
 3             199           8 
 4             199           0 
 1             200           6 
 2             200           8 
 3             200           0 
 4             200           0 
 1             201           7 
 2             201           6 
 3             201           0 
 4             201           0 
 1             202           0 
 2             202           0 
 3             202           10 
 4             202           10 
 1             203           9 
 2             203           0 
 3             203           8 
 4             203           0 
 1             204           7 
 2             204           10 
 3             204           0 
 4             204           0 
 1             205           8 
 2             205           10 
 3             205           0 
 4             205           0 
 1             206           0 
 2             206           0 
 3             206           8 
 4             206           8 
 1             207           6 
 2             207           0 
 3             207           9 
 4             207           0 
 1             208           0 
 2             208           10 
 3             208           0 
 4             208           8 
 1             209           10 
 2             209           0 
 3             209           7 
 4             209           0 
 1             210           9 
 2             210           0 
 3             210           0 
 4             210           10 
 1             211           10 
 2             211           0 
 3             211           9 
 4             211           0 
 1             212           0 
 2             212           7 
 3             212           7 
 4             212           0 
 1             213           6 
 2             213           10 
 3             213           0 
 4             213           0 
 1             214           0 
 2             214           10 
 3             214           0 
 4             214           10 
 1             215           0 
 2             215           9 
 3             215           9 
 4             215           0 
 1             216           0 
 2             216           0 
 3             216           4 
 4             216           7 
 1             217           8 
 2             217           0 
 3             217           8 
 4             217           0 
 1             218           0 
 2             218           10 
 3             218           7 
 4             218           0 
 1             219           0 
 2             219           6 
 3             219           8 
 4             219           0 
 1             220           10 
 2             220           0 
 3             220           0 
 4             220           6 
 1             221           6 
 2             221           0 
 3             221           7 
 4             221           0 
 1             222           0 
 2             222           9 
 3             222           6 
 4             222           0 
 1             223           10 
 2             223           0 
 3             223           0 
 4             223           9 
 1             224           0 
 2             224           0 
 3             224           10 
 4             224           8 
 1             225           0 
 2             225           0 
 3             225           4 
 4             225           8 
 1             226           6 
 2             226           0 
 3             226           0 
 4             226           6 
 1             227           0 
 2             227           0 
 3             227           10 
 4             227           9 
 1             228           10 
 2             228           10 
 3             228           0 
 4             228           0 
 1             229           0 
 2             229           6 
 3             229           10 
 4             229           0 
 1             230           10 
 2             230           0 
 3             230           7 
 4             230           0 
 1             231           8 
 2             231           0 
 3             231           0 
 4             231           3 
 1             232           0 
 2             232           0 
 3             232           5 
 4             232           5 
 1             233           0 
 2             233           10 
 3             233           0 
 4             233           7 
 1             234           0 
 2             234           7 
 3             234           0 
 4             234           8 
 1             235           6 
 2             235           0 
 3             235           9 
 4             235           0 
 1             236           9 
 2             236           5 
 3             236           0 
 4             236           0 
 1             237           0 
 2             237           0 
 3             237           8 
 4             237           9 
 1             238           10 
 2             238           0 
 3             238           0 
 4             238           7 
 1             239           6 
 2             239           0 
 3             239           9 
 4             239           0 
 1             240           0 
 2             240           9 
 3             240           10 
 4             240           0 
 1             241           8 
 2             241           9 
 3             241           0 
 4             241           0 
 1             242           7 
 2             242           0 
 3             242           0 
 4             242           9 
 1             243           8 
 2             243           0 
 3             243           0 
 4             243           10 
 1             244           6 
 2             244           0 
 3             244           0 
 4             244           9 
 1             245           0 
 2             245           8 
 3             245           0 
 4             245           6 
 1             246           0 
 2             246           7 
 3             246           10 
 4             246           0 
 1             247           0 
 2             247           6 
 3             247           0 
 4             247           4 
 1             248           4 
 2             248           7 
 3             248           0 
 4             248           0 
 1             249           10 
 2             249           0 
 3             249           0 
 4             249           9 
 1             250           0 
 2             250           0 
 3             250           10 
 4             250           10 
 1             251           0 
 2             251           9 
 3             251           0 
 4             251           6 
 1             252           10 
 2             252           0 
 3             252           0 
 4             252           10 
 1             253           0 
 2             253           10 
 3             253           6 
 4             253           0 
 1             254           10 
 2             254           0 
 3             254           0 
 4             254           8 
 1             255           5 
 2             255           9 
 3             255           0 
 4             255           0 
 1             256           8 
 2             256           0 
 3             256           7 
 4             256           0 
 1             257           0 
 2             257           7 
 3             257           5 
 4             257           0 
 1             258           0 
 2             258           10 
 3             258           7 
 4             258           0 
 1             259           0 
 2             259           5 
 3             259           0 
 4             259           10 
 1             260           0 
 2             260           0 
 3             260           8 
 4             260           8 
 1             261           0 
 2             261           10 
 3             261           0 
 4             261           6 
 1             262           10 
 2             262           0 
 3             262           0 
 4             262           6 
 1             263           0 
 2             263           8 
 3             263           9 
 4             263           0 
 1             264           5 
 2             264           0 
 3             264           10 
 4             264           0 
 1             265           8 
 2             265           0 
 3             265           10 
 4             265           0 
 1             266           8 
 2             266           0 
 3             266           0 
 4             266           10 
 1             267           0 
 2             267           9 
 3             267           0 
 4             267           4 
 1             268           10 
 2             268           9 
 3             268           0 
 4             268           0 
 1             269           8 
 2             269           0 
 3             269           0 
 4             269           8 
 1             270           4 
 2             270           0 
 3             270           0 
 4             270           5 
 1             271           0 
 2             271           0 
 3             271           10 
 4             271           10 
 1             272           9 
 2             272           0 
 3             272           0 
 4             272           10 
 1             273           0 
 2             273           8 
 3             273           10 
 4             273           0 
 1             274           0 
 2             274           0 
 3             274           10 
 4             274           7 
 1             275           7 
 2             275           0 
 3             275           10 
 4             275           0 
 1             276           8 
 2             276           6 
 3             276           0 
 4             276           0 
 1             277           0 
 2             277           0 
 3             277           10 
 4             277           10 
 1             278           0 
 2             278           6 
 3             278           10 
 4             278           0 
 1             279           0 
 2             279           0 
 3             279           8 
 4             279           10 
 1             280           0 
 2             280           0 
 3             280           8 
 4             280           10 
 1             281           7 
 2             281           0 
 3             281           10 
 4             281           0 
 1             282           6 
 2             282           0 
 3             282           0 
 4             282           9 
 1             283           0 
 2             283           8 
 3             283           0 
 4             283           6 
 1             284           10 
 2             284           0 
 3             284           5 
 4             284           0 
 1             285           0 
 2             285           0 
 3             285           10 
 4             285           9 
 1             286           0 
 2             286           10 
 3             286           0 
 4             286           7 
 1             287           10 
 2             287           0 
 3             287           0 
 4             287           6 
 1             288           5 
 2             288           10 
 3             288           0 
 4             288           0 
 1             289           9 
 2             289           0 
 3             289           9 
 4             289           0 
 1             290           0 
 2             290           8 
 3             290           10 
 4             290           0 
 1             291           10 
 2             291           10 
 3             291           0 
 4             291           0 
 1             292           3 
 2             292           0 
 3             292           8 
 4             292           0 
 1             293           0 
 2             293           8 
 3             293           6 
 4             293           0 
 1             294           9 
 2             294           0 
 3             294           10 
 4             294           0 
 1             295           0 
 2             295           6 
 3             295           0 
 4             295           10 
 1             296           0 
 2             296           3 
 3             296           7 
 4             296           0 
 1             297           6 
 2             297           0 
 3             297           0 
 4             297           7 
 1             298           10 
 2             298           8 
 3             298           0 
 4             298           0 
 1             299           8 
 2             299           0 
 3             299           0 
 4             299           7 
 1             300           0 
 2             300           10 
 3             300           0 
 4             300           10 
 1             301           0 
 2             301           10 
 3             301           7 
 4             301           0 
 1             302           0 
 2             302           0 
 3             302           0 
 4             302           0 
