 1             1             0 
 2             1             0 
 3             1             0 
 4             1             0 
 1             2             3 
 2             2             0 
 3             2             0 
 4             2             2 
 1             3             6 
 2             3             0 
 3             3             1 
 4             3             0 
 1             4             3 
 2             4             0 
 3             4             6 
 4             4             0 
 1             5             7 
 2             5             3 
 3             5             0 
 4             5             0 
 1             6             0 
 2             6             0 
 3             6             8 
 4             6             5 
 1             7             4 
 2             7             0 
 3             7             7 
 4             7             0 
 1             8             0 
 2             8             4 
 3             8             0 
 4             8             5 
 1             9             10 
 2             9             0 
 3             9             0 
 4             9             6 
 1             10            0 
 2             10            7 
 3             10            0 
 4             10            7 
 1             11            7 
 2             11            0 
 3             11            5 
 4             11            0 
 1             12            6 
 2             12            0 
 3             12            6 
 4             12            0 
 1             13            4 
 2             13            4 
 3             13            0 
 4             13            0 
 1             14            0 
 2             14            0 
 3             14            5 
 4             14            5 
 1             15            6 
 2             15            0 
 3             15            9 
 4             15            0 
 1             16            0 
 2             16            0 
 3             16            5 
 4             16            6 
 1             17            4 
 2             17            0 
 3             17            0 
 4             17            7 
 1             18            8 
 2             18            0 
 3             18            3 
 4             18            0 
 1             19            0 
 2             19            0 
 3             19            7 
 4             19            3 
 1             20            3 
 2             20            5 
 3             20            0 
 4             20            0 
 1             21            6 
 2             21            4 
 3             21            0 
 4             21            0 
 1             22            0 
 2             22            3 
 3             22            7 
 4             22            0 
 1             23            0 
 2             23            8 
 3             23            0 
 4             23            5 
 1             24            7 
 2             24            0 
 3             24            9 
 4             24            0 
 1             25            6 
 2             25            0 
 3             25            4 
 4             25            0 
 1             26            0 
 2             26            0 
 3             26            4 
 4             26            4 
 1             27            6 
 2             27            0 
 3             27            0 
 4             27            7 
 1             28            8 
 2             28            0 
 3             28            0 
 4             28            5 
 1             29            5 
 2             29            0 
 3             29            7 
 4             29            0 
 1             30            0 
 2             30            6 
 3             30            10 
 4             30            0 
 1             31            10 
 2             31            0 
 3             31            0 
 4             31            6 
 1             32            0 
 2             32            0 
 3             32            8 
 4             32            10 
 1             33            0 
 2             33            3 
 3             33            0 
 4             33            9 
 1             34            8 
 2             34            0 
 3             34            0 
 4             34            6 
 1             35            0 
 2             35            4 
 3             35            0 
 4             35            6 
 1             36            0 
 2             36            5 
 3             36            0 
 4             36            7 
 1             37            6 
 2             37            9 
 3             37            0 
 4             37            0 
 1             38            0 
 2             38            10 
 3             38            8 
 4             38            0 
 1             39            5 
 2             39            0 
 3             39            0 
 4             39            7 
 1             40            0 
 2             40            0 
 3             40            5 
 4             40            9 
 1             41            0 
 2             41            2 
 3             41            0 
 4             41            4 
 1             42            0 
 2             42            7 
 3             42            6 
 4             42            0 
 1             43            4 
 2             43            0 
 3             43            0 
 4             43            4 
 1             44            0 
 2             44            5 
 3             44            5 
 4             44            0 
 1             45            0 
 2             45            5 
 3             45            0 
 4             45            3 
 1             46            1 
 2             46            6 
 3             46            0 
 4             46            0 
 1             47            0 
 2             47            7 
 3             47            0 
 4             47            1 
 1             48            5 
 2             48            0 
 3             48            7 
 4             48            0 
 1             49            0 
 2             49            5 
 3             49            0 
 4             49            8 
 1             50            0 
 2             50            0 
 3             50            8 
 4             50            6 
 1             51            5 
 2             51            0 
 3             51            8 
 4             51            0 
 1             52            8 
 2             52            5 
 3             52            0 
 4             52            0 
 1             53            7 
 2             53            0 
 3             53            0 
 4             53            4 
 1             54            0 
 2             54            0 
 3             54            8 
 4             54            5 
 1             55            10 
 2             55            0 
 3             55            0 
 4             55            3 
 1             56            5 
 2             56            8 
 3             56            0 
 4             56            0 
 1             57            0 
 2             57            4 
 3             57            6 
 4             57            0 
 1             58            0 
 2             58            2 
 3             58            5 
 4             58            0 
 1             59            8 
 2             59            0 
 3             59            0 
 4             59            6 
 1             60            6 
 2             60            5 
 3             60            0 
 4             60            0 
 1             61            0 
 2             61            0 
 3             61            7 
 4             61            10 
 1             62            0 
 2             62            9 
 3             62            0 
 4             62            5 
 1             63            0 
 2             63            0 
 3             63            2 
 4             63            3 
 1             64            5 
 2             64            0 
 3             64            4 
 4             64            0 
 1             65            0 
 2             65            6 
 3             65            0 
 4             65            6 
 1             66            10 
 2             66            0 
 3             66            3 
 4             66            0 
 1             67            5 
 2             67            0 
 3             67            0 
 4             67            3 
 1             68            10 
 2             68            0 
 3             68            0 
 4             68            4 
 1             69            4 
 2             69            0 
 3             69            3 
 4             69            0 
 1             70            4 
 2             70            2 
 3             70            0 
 4             70            0 
 1             71            0 
 2             71            0 
 3             71            5 
 4             71            9 
 1             72            0 
 2             72            9 
 3             72            0 
 4             72            3 
 1             73            3 
 2             73            0 
 3             73            10 
 4             73            0 
 1             74            9 
 2             74            0 
 3             74            0 
 4             74            9 
 1             75            0 
 2             75            5 
 3             75            0 
 4             75            7 
 1             76            6 
 2             76            3 
 3             76            0 
 4             76            0 
 1             77            10 
 2             77            0 
 3             77            7 
 4             77            0 
 1             78            5 
 2             78            0 
 3             78            8 
 4             78            0 
 1             79            5 
 2             79            0 
 3             79            6 
 4             79            0 
 1             80            6 
 2             80            7 
 3             80            0 
 4             80            0 
 1             81            7 
 2             81            0 
 3             81            0 
 4             81            6 
 1             82            10 
 2             82            7 
 3             82            0 
 4             82            0 
 1             83            4 
 2             83            0 
 3             83            4 
 4             83            0 
 1             84            0 
 2             84            5 
 3             84            9 
 4             84            0 
 1             85            0 
 2             85            0 
 3             85            9 
 4             85            5 
 1             86            0 
 2             86            6 
 3             86            6 
 4             86            0 
 1             87            5 
 2             87            8 
 3             87            0 
 4             87            0 
 1             88            7 
 2             88            0 
 3             88            7 
 4             88            0 
 1             89            0 
 2             89            8 
 3             89            10 
 4             89            0 
 1             90            8 
 2             90            0 
 3             90            0 
 4             90            7 
 1             91            0 
 2             91            0 
 3             91            10 
 4             91            6 
 1             92            6 
 2             92            0 
 3             92            5 
 4             92            0 
 1             93            0 
 2             93            0 
 3             93            7 
 4             93            2 
 1             94            5 
 2             94            0 
 3             94            0 
 4             94            8 
 1             95            0 
 2             95            0 
 3             95            6 
 4             95            5 
 1             96            0 
 2             96            4 
 3             96            0 
 4             96            8 
 1             97            0 
 2             97            8 
 3             97            0 
 4             97            6 
 1             98            6 
 2             98            9 
 3             98            0 
 4             98            0 
 1             99            7 
 2             99            0 
 3             99            0 
 4             99            7 
 1             100           5 
 2             100           0 
 3             100           6 
 4             100           0 
 1             101           0 
 2             101           5 
 3             101           7 
 4             101           0 
 1             102           6 
 2             102           5 
 3             102           0 
 4             102           0 
 1             103           7 
 2             103           0 
 3             103           10 
 4             103           0 
 1             104           4 
 2             104           0 
 3             104           0 
 4             104           4 
 1             105           8 
 2             105           0 
 3             105           0 
 4             105           5 
 1             106           0 
 2             106           6 
 3             106           0 
 4             106           5 
 1             107           0 
 2             107           6 
 3             107           0 
 4             107           6 
 1             108           2 
 2             108           0 
 3             108           5 
 4             108           0 
 1             109           0 
 2             109           0 
 3             109           6 
 4             109           8 
 1             110           0 
 2             110           7 
 3             110           0 
 4             110           4 
 1             111           0 
 2             111           5 
 3             111           8 
 4             111           0 
 1             112           5 
 2             112           0 
 3             112           0 
 4             112           3 
 1             113           6 
 2             113           0 
 3             113           3 
 4             113           0 
 1             114           6 
 2             114           0 
 3             114           6 
 4             114           0 
 1             115           3 
 2             115           0 
 3             115           0 
 4             115           3 
 1             116           2 
 2             116           4 
 3             116           0 
 4             116           0 
 1             117           0 
 2             117           6 
 3             117           0 
 4             117           6 
 1             118           4 
 2             118           6 
 3             118           0 
 4             118           0 
 1             119           0 
 2             119           6 
 3             119           0 
 4             119           10 
 1             120           2 
 2             120           0 
 3             120           5 
 4             120           0 
 1             121           7 
 2             121           5 
 3             121           0 
 4             121           0 
 1             122           0 
 2             122           10 
 3             122           0 
 4             122           7 
 1             123           0 
 2             123           0 
 3             123           1 
 4             123           10 
 1             124           5 
 2             124           7 
 3             124           0 
 4             124           0 
 1             125           4 
 2             125           0 
 3             125           5 
 4             125           0 
 1             126           8 
 2             126           0 
 3             126           5 
 4             126           0 
 1             127           0 
 2             127           7 
 3             127           3 
 4             127           0 
 1             128           0 
 2             128           6 
 3             128           6 
 4             128           0 
 1             129           10 
 2             129           0 
 3             129           4 
 4             129           0 
 1             130           0 
 2             130           0 
 3             130           6 
 4             130           4 
 1             131           6 
 2             131           0 
 3             131           0 
 4             131           10 
 1             132           4 
 2             132           0 
 3             132           6 
 4             132           0 
 1             133           6 
 2             133           4 
 3             133           0 
 4             133           0 
 1             134           0 
 2             134           5 
 3             134           0 
 4             134           8 
 1             135           4 
 2             135           5 
 3             135           0 
 4             135           0 
 1             136           0 
 2             136           0 
 3             136           2 
 4             136           3 
 1             137           0 
 2             137           0 
 3             137           6 
 4             137           5 
 1             138           0 
 2             138           0 
 3             138           5 
 4             138           7 
 1             139           4 
 2             139           0 
 3             139           0 
 4             139           4 
 1             140           0 
 2             140           0 
 3             140           10 
 4             140           5 
 1             141           2 
 2             141           3 
 3             141           0 
 4             141           0 
 1             142           0 
 2             142           9 
 3             142           8 
 4             142           0 
 1             143           4 
 2             143           4 
 3             143           0 
 4             143           0 
 1             144           7 
 2             144           10 
 3             144           0 
 4             144           0 
 1             145           0 
 2             145           6 
 3             145           6 
 4             145           0 
 1             146           9 
 2             146           3 
 3             146           0 
 4             146           0 
 1             147           0 
 2             147           0 
 3             147           8 
 4             147           4 
 1             148           0 
 2             148           0 
 3             148           4 
 4             148           8 
 1             149           0 
 2             149           0 
 3             149           3 
 4             149           5 
 1             150           10 
 2             150           8 
 3             150           0 
 4             150           0 
 1             151           0 
 2             151           7 
 3             151           0 
 4             151           6 
 1             152           0 
 2             152           3 
 3             152           0 
 4             152           9 
 1             153           0 
 2             153           0 
 3             153           6 
 4             153           2 
 1             154           4 
 2             154           0 
 3             154           0 
 4             154           7 
 1             155           4 
 2             155           0 
 3             155           9 
 4             155           0 
 1             156           8 
 2             156           6 
 3             156           0 
 4             156           0 
 1             157           10 
 2             157           7 
 3             157           0 
 4             157           0 
 1             158           5 
 2             158           1 
 3             158           0 
 4             158           0 
 1             159           6 
 2             159           0 
 3             159           8 
 4             159           0 
 1             160           10 
 2             160           3 
 3             160           0 
 4             160           0 
 1             161           4 
 2             161           0 
 3             161           0 
 4             161           8 
 1             162           0 
 2             162           6 
 3             162           0 
 4             162           3 
 1             163           7 
 2             163           0 
 3             163           0 
 4             163           8 
 1             164           4 
 2             164           0 
 3             164           0 
 4             164           8 
 1             165           0 
 2             165           0 
 3             165           4 
 4             165           8 
 1             166           0 
 2             166           5 
 3             166           8 
 4             166           0 
 1             167           0 
 2             167           0 
 3             167           6 
 4             167           5 
 1             168           0 
 2             168           4 
 3             168           4 
 4             168           0 
 1             169           3 
 2             169           0 
 3             169           6 
 4             169           0 
 1             170           0 
 2             170           0 
 3             170           3 
 4             170           5 
 1             171           4 
 2             171           0 
 3             171           0 
 4             171           1 
 1             172           4 
 2             172           0 
 3             172           0 
 4             172           6 
 1             173           10 
 2             173           10 
 3             173           0 
 4             173           0 
 1             174           4 
 2             174           0 
 3             174           0 
 4             174           8 
 1             175           0 
 2             175           7 
 3             175           0 
 4             175           7 
 1             176           0 
 2             176           10 
 3             176           5 
 4             176           0 
 1             177           5 
 2             177           8 
 3             177           0 
 4             177           0 
 1             178           4 
 2             178           0 
 3             178           0 
 4             178           8 
 1             179           9 
 2             179           0 
 3             179           7 
 4             179           0 
 1             180           0 
 2             180           0 
 3             180           7 
 4             180           3 
 1             181           0 
 2             181           0 
 3             181           3 
 4             181           3 
 1             182           0 
 2             182           7 
 3             182           3 
 4             182           0 
 1             183           10 
 2             183           0 
 3             183           0 
 4             183           4 
 1             184           0 
 2             184           5 
 3             184           4 
 4             184           0 
 1             185           0 
 2             185           2 
 3             185           0 
 4             185           6 
 1             186           0 
 2             186           10 
 3             186           6 
 4             186           0 
 1             187           5 
 2             187           0 
 3             187           0 
 4             187           6 
 1             188           0 
 2             188           0 
 3             188           10 
 4             188           3 
 1             189           0 
 2             189           0 
 3             189           8 
 4             189           6 
 1             190           0 
 2             190           0 
 3             190           2 
 4             190           8 
 1             191           0 
 2             191           7 
 3             191           6 
 4             191           0 
 1             192           0 
 2             192           6 
 3             192           4 
 4             192           0 
 1             193           10 
 2             193           0 
 3             193           0 
 4             193           3 
 1             194           5 
 2             194           1 
 3             194           0 
 4             194           0 
 1             195           0 
 2             195           0 
 3             195           3 
 4             195           8 
 1             196           0 
 2             196           0 
 3             196           3 
 4             196           3 
 1             197           0 
 2             197           9 
 3             197           0 
 4             197           8 
 1             198           6 
 2             198           10 
 3             198           0 
 4             198           0 
 1             199           10 
 2             199           5 
 3             199           0 
 4             199           0 
 1             200           10 
 2             200           0 
 3             200           0 
 4             200           4 
 1             201           8 
 2             201           5 
 3             201           0 
 4             201           0 
 1             202           9 
 2             202           7 
 3             202           0 
 4             202           0 
 1             203           3 
 2             203           0 
 3             203           3 
 4             203           0 
 1             204           0 
 2             204           0 
 3             204           8 
 4             204           9 
 1             205           0 
 2             205           0 
 3             205           3 
 4             205           5 
 1             206           0 
 2             206           5 
 3             206           9 
 4             206           0 
 1             207           6 
 2             207           0 
 3             207           0 
 4             207           4 
 1             208           2 
 2             208           0 
 3             208           1 
 4             208           0 
 1             209           0 
 2             209           0 
 3             209           2 
 4             209           8 
 1             210           4 
 2             210           0 
 3             210           10 
 4             210           0 
 1             211           0 
 2             211           8 
 3             211           0 
 4             211           5 
 1             212           7 
 2             212           10 
 3             212           0 
 4             212           0 
 1             213           0 
 2             213           0 
 3             213           4 
 4             213           6 
 1             214           0 
 2             214           6 
 3             214           0 
 4             214           4 
 1             215           0 
 2             215           0 
 3             215           6 
 4             215           6 
 1             216           0 
 2             216           0 
 3             216           5 
 4             216           10 
 1             217           0 
 2             217           7 
 3             217           0 
 4             217           10 
 1             218           5 
 2             218           10 
 3             218           0 
 4             218           0 
 1             219           6 
 2             219           0 
 3             219           0 
 4             219           8 
 1             220           10 
 2             220           0 
 3             220           7 
 4             220           0 
 1             221           7 
 2             221           7 
 3             221           0 
 4             221           0 
 1             222           0 
 2             222           3 
 3             222           0 
 4             222           8 
 1             223           0 
 2             223           0 
 3             223           5 
 4             223           5 
 1             224           0 
 2             224           5 
 3             224           0 
 4             224           9 
 1             225           4 
 2             225           9 
 3             225           0 
 4             225           0 
 1             226           9 
 2             226           0 
 3             226           0 
 4             226           7 
 1             227           0 
 2             227           5 
 3             227           7 
 4             227           0 
 1             228           0 
 2             228           5 
 3             228           0 
 4             228           4 
 1             229           0 
 2             229           7 
 3             229           6 
 4             229           0 
 1             230           0 
 2             230           7 
 3             230           5 
 4             230           0 
 1             231           0 
 2             231           3 
 3             231           4 
 4             231           0 
 1             232           0 
 2             232           0 
 3             232           5 
 4             232           6 
 1             233           0 
 2             233           8 
 3             233           6 
 4             233           0 
 1             234           7 
 2             234           7 
 3             234           0 
 4             234           0 
 1             235           0 
 2             235           4 
 3             235           0 
 4             235           7 
 1             236           7 
 2             236           0 
 3             236           0 
 4             236           6 
 1             237           0 
 2             237           8 
 3             237           6 
 4             237           0 
 1             238           4 
 2             238           6 
 3             238           0 
 4             238           0 
 1             239           0 
 2             239           0 
 3             239           7 
 4             239           4 
 1             240           0 
 2             240           4 
 3             240           7 
 4             240           0 
 1             241           0 
 2             241           0 
 3             241           3 
 4             241           3 
 1             242           4 
 2             242           0 
 3             242           5 
 4             242           0 
 1             243           6 
 2             243           0 
 3             243           6 
 4             243           0 
 1             244           1 
 2             244           7 
 3             244           0 
 4             244           0 
 1             245           0 
 2             245           6 
 3             245           2 
 4             245           0 
 1             246           0 
 2             246           0 
 3             246           6 
 4             246           10 
 1             247           7 
 2             247           0 
 3             247           0 
 4             247           9 
 1             248           2 
 2             248           0 
 3             248           0 
 4             248           5 
 1             249           0 
 2             249           0 
 3             249           6 
 4             249           5 
 1             250           9 
 2             250           6 
 3             250           0 
 4             250           0 
 1             251           0 
 2             251           5 
 3             251           7 
 4             251           0 
 1             252           8 
 2             252           0 
 3             252           0 
 4             252           5 
 1             253           8 
 2             253           0 
 3             253           0 
 4             253           3 
 1             254           6 
 2             254           6 
 3             254           0 
 4             254           0 
 1             255           0 
 2             255           5 
 3             255           0 
 4             255           7 
 1             256           3 
 2             256           6 
 3             256           0 
 4             256           0 
 1             257           7 
 2             257           9 
 3             257           0 
 4             257           0 
 1             258           0 
 2             258           0 
 3             258           5 
 4             258           10 
 1             259           0 
 2             259           7 
 3             259           0 
 4             259           7 
 1             260           7 
 2             260           5 
 3             260           0 
 4             260           0 
 1             261           0 
 2             261           0 
 3             261           7 
 4             261           10 
 1             262           0 
 2             262           0 
 3             262           5 
 4             262           5 
 1             263           0 
 2             263           0 
 3             263           10 
 4             263           4 
 1             264           0 
 2             264           7 
 3             264           3 
 4             264           0 
 1             265           0 
 2             265           8 
 3             265           10 
 4             265           0 
 1             266           0 
 2             266           0 
 3             266           10 
 4             266           5 
 1             267           0 
 2             267           0 
 3             267           9 
 4             267           6 
 1             268           5 
 2             268           0 
 3             268           0 
 4             268           7 
 1             269           8 
 2             269           0 
 3             269           6 
 4             269           0 
 1             270           0 
 2             270           9 
 3             270           0 
 4             270           10 
 1             271           7 
 2             271           0 
 3             271           0 
 4             271           2 
 1             272           5 
 2             272           3 
 3             272           0 
 4             272           0 
 1             273           4 
 2             273           0 
 3             273           10 
 4             273           0 
 1             274           0 
 2             274           10 
 3             274           4 
 4             274           0 
 1             275           9 
 2             275           0 
 3             275           5 
 4             275           0 
 1             276           0 
 2             276           6 
 3             276           0 
 4             276           6 
 1             277           8 
 2             277           0 
 3             277           8 
 4             277           0 
 1             278           0 
 2             278           0 
 3             278           7 
 4             278           8 
 1             279           0 
 2             279           5 
 3             279           0 
 4             279           3 
 1             280           0 
 2             280           5 
 3             280           10 
 4             280           0 
 1             281           0 
 2             281           3 
 3             281           0 
 4             281           6 
 1             282           6 
 2             282           7 
 3             282           0 
 4             282           0 
 1             283           0 
 2             283           9 
 3             283           0 
 4             283           7 
 1             284           0 
 2             284           0 
 3             284           7 
 4             284           8 
 1             285           7 
 2             285           4 
 3             285           0 
 4             285           0 
 1             286           4 
 2             286           0 
 3             286           0 
 4             286           7 
 1             287           4 
 2             287           4 
 3             287           0 
 4             287           0 
 1             288           3 
 2             288           0 
 3             288           3 
 4             288           0 
 1             289           0 
 2             289           0 
 3             289           6 
 4             289           6 
 1             290           8 
 2             290           0 
 3             290           8 
 4             290           0 
 1             291           7 
 2             291           0 
 3             291           8 
 4             291           0 
 1             292           5 
 2             292           0 
 3             292           0 
 4             292           8 
 1             293           0 
 2             293           0 
 3             293           8 
 4             293           9 
 1             294           4 
 2             294           0 
 3             294           0 
 4             294           10 
 1             295           10 
 2             295           6 
 3             295           0 
 4             295           0 
 1             296           0 
 2             296           0 
 3             296           3 
 4             296           6 
 1             297           0 
 2             297           9 
 3             297           10 
 4             297           0 
 1             298           0 
 2             298           0 
 3             298           8 
 4             298           4 
 1             299           5 
 2             299           0 
 3             299           0 
 4             299           9 
 1             300           0 
 2             300           6 
 3             300           5 
 4             300           0 
 1             301           0 
 2             301           6 
 3             301           0 
 4             301           7 
 1             302           0 
 2             302           0 
 3             302           0 
 4             302           0 
