 1             1             0 
 2             1             0 
 3             1             0 
 4             1             0 
 1             2             1 
 2             2             1 
 3             2             1 
 4             2             1 
 1             3             3 
 2             3             2 
 3             3             4 
 4             3             3 
 1             4             5 
 2             4             2 
 3             4             4 
 4             4             3 
 1             5             4 
 2             5             4 
 3             5             5 
 4             5             3 
 1             6             5 
 2             6             5 
 3             6             5 
 4             6             5 
 1             7             4 
 2             7             4 
 3             7             5 
 4             7             4 
 1             8             7 
 2             8             4 
 3             8             5 
 4             8             4 
 1             9             3 
 2             9             4 
 3             9             1 
 4             9             4 
 1             10            8 
 2             10            4 
 3             10            2 
 4             10            6 
 1             11            4 
 2             11            5 
 3             11            2 
 4             11            3 
 1             12            3 
 2             12            2 
 3             12            2 
 4             12            5 
 1             13            3 
 2             13            3 
 3             13            3 
 4             13            6 
 1             14            2 
 2             14            5 
 3             14            5 
 4             14            3 
 1             15            4 
 2             15            8 
 3             15            2 
 4             15            7 
 1             16            1 
 2             16            3 
 3             16            5 
 4             16            5 
 1             17            4 
 2             17            4 
 3             17            4 
 4             17            5 
 1             18            4 
 2             18            3 
 3             18            6 
 4             18            3 
 1             19            6 
 2             19            4 
 3             19            8 
 4             19            3 
 1             20            5 
 2             20            3 
 3             20            3 
 4             20            3 
 1             21            4 
 2             21            4 
 3             21            4 
 4             21            8 
 1             22            3 
 2             22            2 
 3             22            4 
 4             22            2 
 1             23            7 
 2             23            3 
 3             23            6 
 4             23            2 
 1             24            5 
 2             24            3 
 3             24            4 
 4             24            4 
 1             25            2 
 2             25            5 
 3             25            4 
 4             25            3 
 1             26            5 
 2             26            2 
 3             26            5 
 4             26            5 
 1             27            5 
 2             27            3 
 3             27            4 
 4             27            5 
 1             28            5 
 2             28            9 
 3             28            5 
 4             28            4 
 1             29            2 
 2             29            8 
 3             29            6 
 4             29            2 
 1             30            2 
 2             30            3 
 3             30            5 
 4             30            4 
 1             31            5 
 2             31            2 
 3             31            4 
 4             31            4 
 1             32            3 
 2             32            2 
 3             32            7 
 4             32            3 
 1             33            2 
 2             33            5 
 3             33            3 
 4             33            3 
 1             34            3 
 2             34            5 
 3             34            3 
 4             34            6 
 1             35            4 
 2             35            3 
 3             35            4 
 4             35            8 
 1             36            5 
 2             36            2 
 3             36            4 
 4             36            3 
 1             37            2 
 2             37            4 
 3             37            2 
 4             37            4 
 1             38            4 
 2             38            5 
 3             38            2 
 4             38            6 
 1             39            2 
 2             39            4 
 3             39            7 
 4             39            3 
 1             40            2 
 2             40            4 
 3             40            3 
 4             40            3 
 1             41            3 
 2             41            3 
 3             41            8 
 4             41            4 
 1             42            3 
 2             42            4 
 3             42            2 
 4             42            6 
 1             43            4 
 2             43            2 
 3             43            2 
 4             43            2 
 1             44            5 
 2             44            3 
 3             44            2 
 4             44            6 
 1             45            6 
 2             45            3 
 3             45            1 
 4             45            2 
 1             46            5 
 2             46            5 
 3             46            6 
 4             46            3 
 1             47            3 
 2             47            4 
 3             47            4 
 4             47            7 
 1             48            3 
 2             48            6 
 3             48            6 
 4             48            5 
 1             49            5 
 2             49            3 
 3             49            4 
 4             49            5 
 1             50            3 
 2             50            2 
 3             50            4 
 4             50            4 
 1             51            6 
 2             51            6 
 3             51            6 
 4             51            4 
 1             52            3 
 2             52            5 
 3             52            3 
 4             52            4 
 1             53            2 
 2             53            5 
 3             53            2 
 4             53            4 
 1             54            7 
 2             54            4 
 3             54            4 
 4             54            2 
 1             55            3 
 2             55            3 
 3             55            5 
 4             55            5 
 1             56            4 
 2             56            3 
 3             56            5 
 4             56            6 
 1             57            4 
 2             57            7 
 3             57            3 
 4             57            6 
 1             58            5 
 2             58            6 
 3             58            5 
 4             58            2 
 1             59            4 
 2             59            3 
 3             59            1 
 4             59            5 
 1             60            3 
 2             60            4 
 3             60            5 
 4             60            8 
 1             61            3 
 2             61            5 
 3             61            6 
 4             61            4 
 1             62            3 
 2             62            1 
 3             62            3 
 4             62            3 
 1             63            6 
 2             63            5 
 3             63            5 
 4             63            2 
 1             64            4 
 2             64            3 
 3             64            1 
 4             64            4 
 1             65            5 
 2             65            4 
 3             65            3 
 4             65            5 
 1             66            6 
 2             66            3 
 3             66            7 
 4             66            4 
 1             67            3 
 2             67            6 
 3             67            5 
 4             67            2 
 1             68            2 
 2             68            4 
 3             68            6 
 4             68            5 
 1             69            2 
 2             69            3 
 3             69            7 
 4             69            1 
 1             70            5 
 2             70            6 
 3             70            2 
 4             70            3 
 1             71            5 
 2             71            1 
 3             71            3 
 4             71            5 
 1             72            7 
 2             72            3 
 3             72            2 
 4             72            7 
 1             73            4 
 2             73            4 
 3             73            3 
 4             73            7 
 1             74            4 
 2             74            5 
 3             74            2 
 4             74            4 
 1             75            3 
 2             75            5 
 3             75            5 
 4             75            2 
 1             76            6 
 2             76            2 
 3             76            6 
 4             76            7 
 1             77            2 
 2             77            2 
 3             77            4 
 4             77            2 
 1             78            5 
 2             78            4 
 3             78            1 
 4             78            3 
 1             79            4 
 2             79            1 
 3             79            5 
 4             79            6 
 1             80            3 
 2             80            4 
 3             80            5 
 4             80            4 
 1             81            4 
 2             81            5 
 3             81            4 
 4             81            7 
 1             82            2 
 2             82            2 
 3             82            5 
 4             82            4 
 1             83            6 
 2             83            4 
 3             83            7 
 4             83            1 
 1             84            2 
 2             84            2 
 3             84            5 
 4             84            3 
 1             85            7 
 2             85            4 
 3             85            4 
 4             85            3 
 1             86            4 
 2             86            5 
 3             86            2 
 4             86            4 
 1             87            1 
 2             87            9 
 3             87            1 
 4             87            2 
 1             88            7 
 2             88            2 
 3             88            5 
 4             88            4 
 1             89            2 
 2             89            3 
 3             89            4 
 4             89            2 
 1             90            1 
 2             90            1 
 3             90            6 
 4             90            4 
 1             91            3 
 2             91            5 
 3             91            7 
 4             91            3 
 1             92            5 
 2             92            4 
 3             92            2 
 4             92            5 
 1             93            5 
 2             93            5 
 3             93            2 
 4             93            8 
 1             94            9 
 2             94            5 
 3             94            3 
 4             94            2 
 1             95            2 
 2             95            8 
 3             95            5 
 4             95            2 
 1             96            5 
 2             96            5 
 3             96            2 
 4             96            1 
 1             97            3 
 2             97            2 
 3             97            4 
 4             97            5 
 1             98            4 
 2             98            10 
 3             98            4 
 4             98            6 
 1             99            2 
 2             99            2 
 3             99            5 
 4             99            7 
 1             100           4 
 2             100           5 
 3             100           6 
 4             100           2 
 1             101           3 
 2             101           7 
 3             101           2 
 4             101           4 
 1             102           5 
 2             102           6 
 3             102           4 
 4             102           1 
 1             103           6 
 2             103           5 
 3             103           6 
 4             103           2 
 1             104           4 
 2             104           4 
 3             104           6 
 4             104           5 
 1             105           2 
 2             105           5 
 3             105           3 
 4             105           4 
 1             106           3 
 2             106           5 
 3             106           2 
 4             106           2 
 1             107           5 
 2             107           7 
 3             107           5 
 4             107           3 
 1             108           7 
 2             108           4 
 3             108           5 
 4             108           4 
 1             109           3 
 2             109           6 
 3             109           2 
 4             109           3 
 1             110           5 
 2             110           4 
 3             110           3 
 4             110           1 
 1             111           4 
 2             111           5 
 3             111           4 
 4             111           4 
 1             112           5 
 2             112           5 
 3             112           3 
 4             112           6 
 1             113           3 
 2             113           2 
 3             113           2 
 4             113           3 
 1             114           7 
 2             114           6 
 3             114           4 
 4             114           2 
 1             115           3 
 2             115           4 
 3             115           2 
 4             115           5 
 1             116           5 
 2             116           6 
 3             116           9 
 4             116           3 
 1             117           4 
 2             117           3 
 3             117           5 
 4             117           3 
 1             118           2 
 2             118           3 
 3             118           3 
 4             118           1 
 1             119           4 
 2             119           3 
 3             119           4 
 4             119           7 
 1             120           5 
 2             120           7 
 3             120           2 
 4             120           3 
 1             121           5 
 2             121           3 
 3             121           2 
 4             121           5 
 1             122           2 
 2             122           3 
 3             122           5 
 4             122           4 
 1             123           4 
 2             123           1 
 3             123           3 
 4             123           3 
 1             124           7 
 2             124           3 
 3             124           4 
 4             124           3 
 1             125           5 
 2             125           4 
 3             125           3 
 4             125           3 
 1             126           6 
 2             126           5 
 3             126           1 
 4             126           5 
 1             127           2 
 2             127           5 
 3             127           4 
 4             127           3 
 1             128           3 
 2             128           3 
 3             128           1 
 4             128           5 
 1             129           5 
 2             129           2 
 3             129           2 
 4             129           2 
 1             130           1 
 2             130           3 
 3             130           3 
 4             130           4 
 1             131           7 
 2             131           3 
 3             131           5 
 4             131           3 
 1             132           3 
 2             132           6 
 3             132           2 
 4             132           5 
 1             133           7 
 2             133           4 
 3             133           5 
 4             133           3 
 1             134           3 
 2             134           4 
 3             134           2 
 4             134           4 
 1             135           1 
 2             135           8 
 3             135           5 
 4             135           3 
 1             136           8 
 2             136           4 
 3             136           3 
 4             136           5 
 1             137           3 
 2             137           2 
 3             137           5 
 4             137           3 
 1             138           3 
 2             138           6 
 3             138           4 
 4             138           5 
 1             139           3 
 2             139           4 
 3             139           2 
 4             139           4 
 1             140           4 
 2             140           2 
 3             140           4 
 4             140           4 
 1             141           4 
 2             141           6 
 3             141           3 
 4             141           4 
 1             142           6 
 2             142           5 
 3             142           6 
 4             142           6 
 1             143           8 
 2             143           3 
 3             143           4 
 4             143           4 
 1             144           2 
 2             144           5 
 3             144           5 
 4             144           5 
 1             145           6 
 2             145           3 
 3             145           4 
 4             145           3 
 1             146           5 
 2             146           2 
 3             146           6 
 4             146           2 
 1             147           3 
 2             147           5 
 3             147           4 
 4             147           4 
 1             148           5 
 2             148           7 
 3             148           3 
 4             148           7 
 1             149           6 
 2             149           4 
 3             149           3 
 4             149           4 
 1             150           5 
 2             150           2 
 3             150           10 
 4             150           6 
 1             151           3 
 2             151           4 
 3             151           2 
 4             151           8 
 1             152           6 
 2             152           6 
 3             152           4 
 4             152           9 
 1             153           6 
 2             153           5 
 3             153           4 
 4             153           6 
 1             154           4 
 2             154           1 
 3             154           4 
 4             154           2 
 1             155           3 
 2             155           2 
 3             155           5 
 4             155           7 
 1             156           3 
 2             156           3 
 3             156           4 
 4             156           8 
 1             157           4 
 2             157           3 
 3             157           4 
 4             157           4 
 1             158           5 
 2             158           3 
 3             158           3 
 4             158           4 
 1             159           4 
 2             159           2 
 3             159           4 
 4             159           6 
 1             160           3 
 2             160           4 
 3             160           2 
 4             160           2 
 1             161           5 
 2             161           4 
 3             161           2 
 4             161           5 
 1             162           2 
 2             162           4 
 3             162           1 
 4             162           6 
 1             163           6 
 2             163           2 
 3             163           4 
 4             163           3 
 1             164           3 
 2             164           5 
 3             164           4 
 4             164           6 
 1             165           7 
 2             165           3 
 3             165           4 
 4             165           2 
 1             166           2 
 2             166           8 
 3             166           6 
 4             166           4 
 1             167           6 
 2             167           5 
 3             167           5 
 4             167           4 
 1             168           6 
 2             168           6 
 3             168           2 
 4             168           1 
 1             169           1 
 2             169           6 
 3             169           4 
 4             169           5 
 1             170           6 
 2             170           7 
 3             170           3 
 4             170           6 
 1             171           8 
 2             171           4 
 3             171           4 
 4             171           2 
 1             172           5 
 2             172           3 
 3             172           4 
 4             172           6 
 1             173           4 
 2             173           9 
 3             173           6 
 4             173           5 
 1             174           2 
 2             174           5 
 3             174           1 
 4             174           5 
 1             175           2 
 2             175           1 
 3             175           5 
 4             175           4 
 1             176           6 
 2             176           6 
 3             176           4 
 4             176           2 
 1             177           5 
 2             177           4 
 3             177           3 
 4             177           4 
 1             178           3 
 2             178           5 
 3             178           1 
 4             178           2 
 1             179           2 
 2             179           6 
 3             179           4 
 4             179           3 
 1             180           5 
 2             180           5 
 3             180           2 
 4             180           3 
 1             181           2 
 2             181           2 
 3             181           3 
 4             181           5 
 1             182           4 
 2             182           1 
 3             182           2 
 4             182           2 
 1             183           4 
 2             183           3 
 3             183           6 
 4             183           3 
 1             184           3 
 2             184           6 
 3             184           2 
 4             184           4 
 1             185           4 
 2             185           4 
 3             185           3 
 4             185           3 
 1             186           2 
 2             186           2 
 3             186           6 
 4             186           3 
 1             187           5 
 2             187           4 
 3             187           2 
 4             187           4 
 1             188           9 
 2             188           3 
 3             188           5 
 4             188           4 
 1             189           7 
 2             189           7 
 3             189           7 
 4             189           4 
 1             190           3 
 2             190           2 
 3             190           3 
 4             190           7 
 1             191           4 
 2             191           3 
 3             191           4 
 4             191           1 
 1             192           2 
 2             192           3 
 3             192           5 
 4             192           5 
 1             193           7 
 2             193           4 
 3             193           4 
 4             193           2 
 1             194           5 
 2             194           3 
 3             194           5 
 4             194           3 
 1             195           2 
 2             195           3 
 3             195           6 
 4             195           2 
 1             196           5 
 2             196           4 
 3             196           5 
 4             196           2 
 1             197           5 
 2             197           4 
 3             197           6 
 4             197           7 
 1             198           5 
 2             198           4 
 3             198           4 
 4             198           5 
 1             199           3 
 2             199           4 
 3             199           2 
 4             199           6 
 1             200           3 
 2             200           7 
 3             200           5 
 4             200           2 
 1             201           4 
 2             201           3 
 3             201           4 
 4             201           5 
 1             202           5 
 2             202           4 
 3             202           2 
 4             202           5 
 1             203           2 
 2             203           4 
 3             203           5 
 4             203           3 
 1             204           2 
 2             204           4 
 3             204           6 
 4             204           3 
 1             205           3 
 2             205           4 
 3             205           5 
 4             205           3 
 1             206           3 
 2             206           1 
 3             206           2 
 4             206           4 
 1             207           3 
 2             207           3 
 3             207           2 
 4             207           2 
 1             208           4 
 2             208           6 
 3             208           5 
 4             208           7 
 1             209           7 
 2             209           3 
 3             209           3 
 4             209           3 
 1             210           3 
 2             210           6 
 3             210           4 
 4             210           3 
 1             211           2 
 2             211           3 
 3             211           6 
 4             211           3 
 1             212           5 
 2             212           6 
 3             212           5 
 4             212           2 
 1             213           1 
 2             213           2 
 3             213           9 
 4             213           7 
 1             214           4 
 2             214           6 
 3             214           5 
 4             214           5 
 1             215           4 
 2             215           5 
 3             215           4 
 4             215           3 
 1             216           9 
 2             216           2 
 3             216           3 
 4             216           2 
 1             217           2 
 2             217           7 
 3             217           4 
 4             217           2 
 1             218           2 
 2             218           4 
 3             218           3 
 4             218           3 
 1             219           3 
 2             219           6 
 3             219           3 
 4             219           4 
 1             220           4 
 2             220           4 
 3             220           5 
 4             220           3 
 1             221           7 
 2             221           4 
 3             221           7 
 4             221           9 
 1             222           4 
 2             222           4 
 3             222           4 
 4             222           4 
 1             223           3 
 2             223           3 
 3             223           5 
 4             223           4 
 1             224           3 
 2             224           7 
 3             224           2 
 4             224           2 
 1             225           5 
 2             225           2 
 3             225           2 
 4             225           4 
 1             226           5 
 2             226           5 
 3             226           3 
 4             226           6 
 1             227           2 
 2             227           3 
 3             227           4 
 4             227           7 
 1             228           3 
 2             228           5 
 3             228           3 
 4             228           3 
 1             229           3 
 2             229           3 
 3             229           4 
 4             229           5 
 1             230           3 
 2             230           3 
 3             230           4 
 4             230           4 
 1             231           5 
 2             231           4 
 3             231           3 
 4             231           3 
 1             232           4 
 2             232           4 
 3             232           5 
 4             232           4 
 1             233           3 
 2             233           3 
 3             233           3 
 4             233           5 
 1             234           6 
 2             234           4 
 3             234           5 
 4             234           4 
 1             235           6 
 2             235           4 
 3             235           2 
 4             235           6 
 1             236           1 
 2             236           2 
 3             236           2 
 4             236           7 
 1             237           3 
 2             237           3 
 3             237           6 
 4             237           5 
 1             238           3 
 2             238           3 
 3             238           2 
 4             238           10 
 1             239           1 
 2             239           4 
 3             239           5 
 4             239           4 
 1             240           5 
 2             240           7 
 3             240           5 
 4             240           6 
 1             241           5 
 2             241           3 
 3             241           2 
 4             241           3 
 1             242           4 
 2             242           2 
 3             242           4 
 4             242           6 
 1             243           4 
 2             243           3 
 3             243           5 
 4             243           3 
 1             244           3 
 2             244           4 
 3             244           6 
 4             244           6 
 1             245           7 
 2             245           5 
 3             245           7 
 4             245           2 
 1             246           4 
 2             246           7 
 3             246           4 
 4             246           2 
 1             247           4 
 2             247           4 
 3             247           4 
 4             247           3 
 1             248           2 
 2             248           3 
 3             248           3 
 4             248           3 
 1             249           4 
 2             249           2 
 3             249           1 
 4             249           6 
 1             250           4 
 2             250           2 
 3             250           8 
 4             250           1 
 1             251           5 
 2             251           6 
 3             251           6 
 4             251           6 
 1             252           5 
 2             252           2 
 3             252           5 
 4             252           5 
 1             253           6 
 2             253           5 
 3             253           7 
 4             253           2 
 1             254           2 
 2             254           1 
 3             254           4 
 4             254           4 
 1             255           4 
 2             255           4 
 3             255           6 
 4             255           4 
 1             256           3 
 2             256           2 
 3             256           3 
 4             256           3 
 1             257           4 
 2             257           4 
 3             257           5 
 4             257           2 
 1             258           2 
 2             258           2 
 3             258           4 
 4             258           5 
 1             259           2 
 2             259           2 
 3             259           5 
 4             259           3 
 1             260           4 
 2             260           2 
 3             260           5 
 4             260           5 
 1             261           3 
 2             261           10 
 3             261           4 
 4             261           1 
 1             262           3 
 2             262           4 
 3             262           4 
 4             262           4 
 1             263           8 
 2             263           5 
 3             263           4 
 4             263           3 
 1             264           2 
 2             264           3 
 3             264           5 
 4             264           6 
 1             265           5 
 2             265           7 
 3             265           2 
 4             265           3 
 1             266           2 
 2             266           3 
 3             266           5 
 4             266           1 
 1             267           4 
 2             267           3 
 3             267           2 
 4             267           6 
 1             268           5 
 2             268           4 
 3             268           5 
 4             268           4 
 1             269           2 
 2             269           1 
 3             269           6 
 4             269           1 
 1             270           4 
 2             270           3 
 3             270           6 
 4             270           6 
 1             271           4 
 2             271           4 
 3             271           6 
 4             271           4 
 1             272           1 
 2             272           2 
 3             272           2 
 4             272           4 
 1             273           4 
 2             273           2 
 3             273           4 
 4             273           4 
 1             274           4 
 2             274           6 
 3             274           4 
 4             274           3 
 1             275           2 
 2             275           4 
 3             275           5 
 4             275           5 
 1             276           5 
 2             276           8 
 3             276           5 
 4             276           1 
 1             277           5 
 2             277           4 
 3             277           7 
 4             277           3 
 1             278           4 
 2             278           6 
 3             278           4 
 4             278           3 
 1             279           1 
 2             279           2 
 3             279           2 
 4             279           8 
 1             280           3 
 2             280           2 
 3             280           1 
 4             280           5 
 1             281           6 
 2             281           1 
 3             281           5 
 4             281           1 
 1             282           3 
 2             282           4 
 3             282           4 
 4             282           3 
 1             283           5 
 2             283           9 
 3             283           4 
 4             283           5 
 1             284           2 
 2             284           3 
 3             284           5 
 4             284           2 
 1             285           6 
 2             285           2 
 3             285           4 
 4             285           5 
 1             286           4 
 2             286           3 
 3             286           4 
 4             286           3 
 1             287           5 
 2             287           3 
 3             287           3 
 4             287           7 
 1             288           2 
 2             288           3 
 3             288           3 
 4             288           4 
 1             289           4 
 2             289           9 
 3             289           5 
 4             289           6 
 1             290           8 
 2             290           6 
 3             290           4 
 4             290           5 
 1             291           4 
 2             291           7 
 3             291           4 
 4             291           2 
 1             292           3 
 2             292           2 
 3             292           4 
 4             292           2 
 1             293           6 
 2             293           2 
 3             293           3 
 4             293           4 
 1             294           1 
 2             294           3 
 3             294           1 
 4             294           4 
 1             295           5 
 2             295           2 
 3             295           4 
 4             295           4 
 1             296           6 
 2             296           3 
 3             296           2 
 4             296           2 
 1             297           5 
 2             297           4 
 3             297           5 
 4             297           7 
 1             298           2 
 2             298           3 
 3             298           4 
 4             298           2 
 1             299           4 
 2             299           9 
 3             299           5 
 4             299           4 
 1             300           3 
 2             300           4 
 3             300           5 
 4             300           4 
 1             301           3 
 2             301           4 
 3             301           5 
 4             301           3 
 1             302           0 
 2             302           0 
 3             302           0 
 4             302           0 
