 1             1             0 
 2             1             0 
 3             1             0 
 4             1             0 
 1             2             1 
 2             2             0 
 3             2             1 
 4             2             0 
 1             3             0 
 2             3             1 
 3             3             4 
 4             3             0 
 1             4             4 
 2             4             0 
 3             4             0 
 4             4             1 
 1             5             5 
 2             5             0 
 3             5             2 
 4             5             0 
 1             6             0 
 2             6             0 
 3             6             3 
 4             6             3 
 1             7             2 
 2             7             5 
 3             7             0 
 4             7             0 
 1             8             0 
 2             8             3 
 3             8             0 
 4             8             2 
 1             9             0 
 2             9             6 
 3             9             3 
 4             9             0 
 1             10            3 
 2             10            0 
 3             10            3 
 4             10            0 
 1             11            3 
 2             11            6 
 3             11            0 
 4             11            0 
 1             12            0 
 2             12            1 
 3             12            0 
 4             12            5 
 1             13            4 
 2             13            2 
 3             13            0 
 4             13            0 
 1             14            3 
 2             14            0 
 3             14            4 
 4             14            0 
 1             15            1 
 2             15            0 
 3             15            0 
 4             15            4 
 1             16            7 
 2             16            0 
 3             16            9 
 4             16            0 
 1             17            5 
 2             17            4 
 3             17            0 
 4             17            0 
 1             18            0 
 2             18            3 
 3             18            0 
 4             18            3 
 1             19            0 
 2             19            5 
 3             19            0 
 4             19            6 
 1             20            0 
 2             20            2 
 3             20            0 
 4             20            2 
 1             21            3 
 2             21            0 
 3             21            6 
 4             21            0 
 1             22            0 
 2             22            1 
 3             22            0 
 4             22            2 
 1             23            4 
 2             23            0 
 3             23            4 
 4             23            0 
 1             24            4 
 2             24            2 
 3             24            0 
 4             24            0 
 1             25            3 
 2             25            0 
 3             25            3 
 4             25            0 
 1             26            4 
 2             26            0 
 3             26            2 
 4             26            0 
 1             27            0 
 2             27            0 
 3             27            5 
 4             27            4 
 1             28            0 
 2             28            1 
 3             28            0 
 4             28            4 
 1             29            0 
 2             29            0 
 3             29            4 
 4             29            5 
 1             30            4 
 2             30            0 
 3             30            5 
 4             30            0 
 1             31            0 
 2             31            0 
 3             31            2 
 4             31            3 
 1             32            2 
 2             32            0 
 3             32            0 
 4             32            3 
 1             33            4 
 2             33            0 
 3             33            4 
 4             33            0 
 1             34            5 
 2             34            0 
 3             34            3 
 4             34            0 
 1             35            3 
 2             35            0 
 3             35            0 
 4             35            6 
 1             36            0 
 2             36            4 
 3             36            3 
 4             36            0 
 1             37            6 
 2             37            0 
 3             37            6 
 4             37            0 
 1             38            2 
 2             38            0 
 3             38            5 
 4             38            0 
 1             39            4 
 2             39            0 
 3             39            4 
 4             39            0 
 1             40            0 
 2             40            0 
 3             40            5 
 4             40            3 
 1             41            0 
 2             41            3 
 3             41            4 
 4             41            0 
 1             42            3 
 2             42            0 
 3             42            0 
 4             42            5 
 1             43            2 
 2             43            0 
 3             43            0 
 4             43            4 
 1             44            4 
 2             44            0 
 3             44            3 
 4             44            0 
 1             45            2 
 2             45            5 
 3             45            0 
 4             45            0 
 1             46            5 
 2             46            5 
 3             46            0 
 4             46            0 
 1             47            0 
 2             47            3 
 3             47            3 
 4             47            0 
 1             48            0 
 2             48            1 
 3             48            0 
 4             48            7 
 1             49            0 
 2             49            7 
 3             49            4 
 4             49            0 
 1             50            4 
 2             50            0 
 3             50            8 
 4             50            0 
 1             51            6 
 2             51            6 
 3             51            0 
 4             51            0 
 1             52            0 
 2             52            4 
 3             52            0 
 4             52            5 
 1             53            3 
 2             53            0 
 3             53            0 
 4             53            3 
 1             54            0 
 2             54            2 
 3             54            0 
 4             54            5 
 1             55            3 
 2             55            4 
 3             55            0 
 4             55            0 
 1             56            4 
 2             56            0 
 3             56            5 
 4             56            0 
 1             57            0 
 2             57            2 
 3             57            7 
 4             57            0 
 1             58            0 
 2             58            5 
 3             58            0 
 4             58            5 
 1             59            3 
 2             59            5 
 3             59            0 
 4             59            0 
 1             60            0 
 2             60            4 
 3             60            0 
 4             60            4 
 1             61            0 
 2             61            3 
 3             61            0 
 4             61            10 
 1             62            8 
 2             62            7 
 3             62            0 
 4             62            0 
 1             63            0 
 2             63            2 
 3             63            3 
 4             63            0 
 1             64            0 
 2             64            5 
 3             64            5 
 4             64            0 
 1             65            0 
 2             65            7 
 3             65            3 
 4             65            0 
 1             66            2 
 2             66            0 
 3             66            5 
 4             66            0 
 1             67            2 
 2             67            1 
 3             67            0 
 4             67            0 
 1             68            0 
 2             68            0 
 3             68            2 
 4             68            2 
 1             69            3 
 2             69            0 
 3             69            5 
 4             69            0 
 1             70            4 
 2             70            0 
 3             70            5 
 4             70            0 
 1             71            2 
 2             71            0 
 3             71            4 
 4             71            0 
 1             72            2 
 2             72            2 
 3             72            0 
 4             72            0 
 1             73            0 
 2             73            0 
 3             73            1 
 4             73            3 
 1             74            0 
 2             74            0 
 3             74            3 
 4             74            3 
 1             75            4 
 2             75            3 
 3             75            0 
 4             75            0 
 1             76            0 
 2             76            2 
 3             76            4 
 4             76            0 
 1             77            0 
 2             77            4 
 3             77            4 
 4             77            0 
 1             78            0 
 2             78            6 
 3             78            4 
 4             78            0 
 1             79            0 
 2             79            5 
 3             79            0 
 4             79            4 
 1             80            2 
 2             80            0 
 3             80            0 
 4             80            7 
 1             81            5 
 2             81            2 
 3             81            0 
 4             81            0 
 1             82            0 
 2             82            3 
 3             82            6 
 4             82            0 
 1             83            3 
 2             83            0 
 3             83            0 
 4             83            6 
 1             84            8 
 2             84            0 
 3             84            0 
 4             84            6 
 1             85            2 
 2             85            2 
 3             85            0 
 4             85            0 
 1             86            0 
 2             86            6 
 3             86            0 
 4             86            6 
 1             87            6 
 2             87            0 
 3             87            4 
 4             87            0 
 1             88            0 
 2             88            0 
 3             88            1 
 4             88            7 
 1             89            0 
 2             89            3 
 3             89            0 
 4             89            5 
 1             90            5 
 2             90            0 
 3             90            0 
 4             90            4 
 1             91            0 
 2             91            0 
 3             91            2 
 4             91            3 
 1             92            0 
 2             92            4 
 3             92            0 
 4             92            5 
 1             93            3 
 2             93            7 
 3             93            0 
 4             93            0 
 1             94            4 
 2             94            0 
 3             94            3 
 4             94            0 
 1             95            0 
 2             95            5 
 3             95            0 
 4             95            2 
 1             96            0 
 2             96            0 
 3             96            4 
 4             96            3 
 1             97            3 
 2             97            0 
 3             97            0 
 4             97            4 
 1             98            0 
 2             98            4 
 3             98            3 
 4             98            0 
 1             99            4 
 2             99            0 
 3             99            1 
 4             99            0 
 1             100           0 
 2             100           3 
 3             100           0 
 4             100           5 
 1             101           7 
 2             101           0 
 3             101           0 
 4             101           3 
 1             102           3 
 2             102           0 
 3             102           1 
 4             102           0 
 1             103           2 
 2             103           0 
 3             103           3 
 4             103           0 
 1             104           4 
 2             104           0 
 3             104           5 
 4             104           0 
 1             105           0 
 2             105           6 
 3             105           0 
 4             105           3 
 1             106           0 
 2             106           3 
 3             106           0 
 4             106           3 
 1             107           6 
 2             107           7 
 3             107           0 
 4             107           0 
 1             108           8 
 2             108           0 
 3             108           0 
 4             108           6 
 1             109           0 
 2             109           4 
 3             109           0 
 4             109           3 
 1             110           5 
 2             110           0 
 3             110           0 
 4             110           2 
 1             111           3 
 2             111           0 
 3             111           0 
 4             111           5 
 1             112           4 
 2             112           0 
 3             112           0 
 4             112           5 
 1             113           0 
 2             113           0 
 3             113           3 
 4             113           5 
 1             114           5 
 2             114           0 
 3             114           0 
 4             114           3 
 1             115           0 
 2             115           3 
 3             115           1 
 4             115           0 
 1             116           3 
 2             116           0 
 3             116           7 
 4             116           0 
 1             117           4 
 2             117           0 
 3             117           0 
 4             117           2 
 1             118           2 
 2             118           4 
 3             118           0 
 4             118           0 
 1             119           2 
 2             119           7 
 3             119           0 
 4             119           0 
 1             120           0 
 2             120           5 
 3             120           5 
 4             120           0 
 1             121           2 
 2             121           0 
 3             121           4 
 4             121           0 
 1             122           5 
 2             122           4 
 3             122           0 
 4             122           0 
 1             123           3 
 2             123           0 
 3             123           5 
 4             123           0 
 1             124           5 
 2             124           0 
 3             124           0 
 4             124           8 
 1             125           0 
 2             125           5 
 3             125           1 
 4             125           0 
 1             126           0 
 2             126           0 
 3             126           6 
 4             126           4 
 1             127           0 
 2             127           0 
 3             127           3 
 4             127           3 
 1             128           4 
 2             128           0 
 3             128           3 
 4             128           0 
 1             129           0 
 2             129           6 
 3             129           0 
 4             129           1 
 1             130           1 
 2             130           0 
 3             130           3 
 4             130           0 
 1             131           3 
 2             131           0 
 3             131           8 
 4             131           0 
 1             132           3 
 2             132           0 
 3             132           0 
 4             132           4 
 1             133           0 
 2             133           2 
 3             133           0 
 4             133           4 
 1             134           6 
 2             134           0 
 3             134           0 
 4             134           6 
 1             135           0 
 2             135           0 
 3             135           3 
 4             135           5 
 1             136           5 
 2             136           0 
 3             136           0 
 4             136           2 
 1             137           0 
 2             137           0 
 3             137           3 
 4             137           4 
 1             138           4 
 2             138           4 
 3             138           0 
 4             138           0 
 1             139           0 
 2             139           0 
 3             139           5 
 4             139           2 
 1             140           10 
 2             140           0 
 3             140           0 
 4             140           7 
 1             141           4 
 2             141           0 
 3             141           5 
 4             141           0 
 1             142           2 
 2             142           0 
 3             142           4 
 4             142           0 
 1             143           0 
 2             143           2 
 3             143           5 
 4             143           0 
 1             144           0 
 2             144           7 
 3             144           0 
 4             144           4 
 1             145           0 
 2             145           0 
 3             145           2 
 4             145           3 
 1             146           3 
 2             146           5 
 3             146           0 
 4             146           0 
 1             147           0 
 2             147           0 
 3             147           4 
 4             147           5 
 1             148           3 
 2             148           0 
 3             148           0 
 4             148           4 
 1             149           0 
 2             149           4 
 3             149           4 
 4             149           0 
 1             150           5 
 2             150           0 
 3             150           5 
 4             150           0 
 1             151           3 
 2             151           0 
 3             151           0 
 4             151           2 
 1             152           0 
 2             152           2 
 3             152           0 
 4             152           4 
 1             153           0 
 2             153           2 
 3             153           0 
 4             153           3 
 1             154           0 
 2             154           0 
 3             154           6 
 4             154           3 
 1             155           0 
 2             155           0 
 3             155           6 
 4             155           2 
 1             156           6 
 2             156           0 
 3             156           0 
 4             156           6 
 1             157           5 
 2             157           0 
 3             157           0 
 4             157           3 
 1             158           5 
 2             158           7 
 3             158           0 
 4             158           0 
 1             159           0 
 2             159           0 
 3             159           9 
 4             159           4 
 1             160           8 
 2             160           5 
 3             160           0 
 4             160           0 
 1             161           4 
 2             161           5 
 3             161           0 
 4             161           0 
 1             162           0 
 2             162           3 
 3             162           2 
 4             162           0 
 1             163           1 
 2             163           2 
 3             163           0 
 4             163           0 
 1             164           7 
 2             164           0 
 3             164           0 
 4             164           5 
 1             165           0 
 2             165           3 
 3             165           0 
 4             165           5 
 1             166           3 
 2             166           0 
 3             166           4 
 4             166           0 
 1             167           0 
 2             167           0 
 3             167           2 
 4             167           4 
 1             168           0 
 2             168           3 
 3             168           6 
 4             168           0 
 1             169           3 
 2             169           0 
 3             169           0 
 4             169           7 
 1             170           0 
 2             170           3 
 3             170           5 
 4             170           0 
 1             171           4 
 2             171           0 
 3             171           3 
 4             171           0 
 1             172           0 
 2             172           0 
 3             172           5 
 4             172           6 
 1             173           4 
 2             173           3 
 3             173           0 
 4             173           0 
 1             174           0 
 2             174           0 
 3             174           2 
 4             174           2 
 1             175           2 
 2             175           5 
 3             175           0 
 4             175           0 
 1             176           0 
 2             176           0 
 3             176           3 
 4             176           3 
 1             177           6 
 2             177           0 
 3             177           0 
 4             177           2 
 1             178           4 
 2             178           0 
 3             178           3 
 4             178           0 
 1             179           4 
 2             179           0 
 3             179           4 
 4             179           0 
 1             180           0 
 2             180           0 
 3             180           2 
 4             180           4 
 1             181           4 
 2             181           0 
 3             181           0 
 4             181           5 
 1             182           0 
 2             182           0 
 3             182           3 
 4             182           6 
 1             183           3 
 2             183           0 
 3             183           0 
 4             183           3 
 1             184           2 
 2             184           0 
 3             184           0 
 4             184           5 
 1             185           0 
 2             185           4 
 3             185           0 
 4             185           5 
 1             186           0 
 2             186           8 
 3             186           4 
 4             186           0 
 1             187           6 
 2             187           0 
 3             187           2 
 4             187           0 
 1             188           6 
 2             188           2 
 3             188           0 
 4             188           0 
 1             189           5 
 2             189           0 
 3             189           0 
 4             189           5 
 1             190           0 
 2             190           5 
 3             190           0 
 4             190           4 
 1             191           0 
 2             191           4 
 3             191           0 
 4             191           2 
 1             192           4 
 2             192           0 
 3             192           8 
 4             192           0 
 1             193           6 
 2             193           0 
 3             193           0 
 4             193           2 
 1             194           0 
 2             194           0 
 3             194           3 
 4             194           3 
 1             195           5 
 2             195           0 
 3             195           3 
 4             195           0 
 1             196           0 
 2             196           0 
 3             196           5 
 4             196           3 
 1             197           0 
 2             197           0 
 3             197           7 
 4             197           2 
 1             198           4 
 2             198           0 
 3             198           8 
 4             198           0 
 1             199           0 
 2             199           5 
 3             199           5 
 4             199           0 
 1             200           2 
 2             200           0 
 3             200           3 
 4             200           0 
 1             201           3 
 2             201           3 
 3             201           0 
 4             201           0 
 1             202           0 
 2             202           5 
 3             202           0 
 4             202           4 
 1             203           5 
 2             203           6 
 3             203           0 
 4             203           0 
 1             204           5 
 2             204           3 
 3             204           0 
 4             204           0 
 1             205           0 
 2             205           4 
 3             205           0 
 4             205           6 
 1             206           0 
 2             206           0 
 3             206           3 
 4             206           3 
 1             207           0 
 2             207           3 
 3             207           2 
 4             207           0 
 1             208           5 
 2             208           0 
 3             208           0 
 4             208           5 
 1             209           4 
 2             209           0 
 3             209           0 
 4             209           5 
 1             210           2 
 2             210           6 
 3             210           0 
 4             210           0 
 1             211           4 
 2             211           0 
 3             211           2 
 4             211           0 
 1             212           7 
 2             212           0 
 3             212           0 
 4             212           6 
 1             213           0 
 2             213           0 
 3             213           3 
 4             213           4 
 1             214           0 
 2             214           0 
 3             214           4 
 4             214           3 
 1             215           0 
 2             215           0 
 3             215           4 
 4             215           3 
 1             216           0 
 2             216           0 
 3             216           4 
 4             216           7 
 1             217           4 
 2             217           0 
 3             217           2 
 4             217           0 
 1             218           4 
 2             218           0 
 3             218           0 
 4             218           6 
 1             219           0 
 2             219           5 
 3             219           0 
 4             219           4 
 1             220           3 
 2             220           4 
 3             220           0 
 4             220           0 
 1             221           3 
 2             221           1 
 3             221           0 
 4             221           0 
 1             222           0 
 2             222           0 
 3             222           6 
 4             222           5 
 1             223           5 
 2             223           0 
 3             223           9 
 4             223           0 
 1             224           4 
 2             224           0 
 3             224           0 
 4             224           2 
 1             225           3 
 2             225           0 
 3             225           0 
 4             225           4 
 1             226           0 
 2             226           6 
 3             226           0 
 4             226           4 
 1             227           2 
 2             227           6 
 3             227           0 
 4             227           0 
 1             228           7 
 2             228           2 
 3             228           0 
 4             228           0 
 1             229           6 
 2             229           0 
 3             229           4 
 4             229           0 
 1             230           0 
 2             230           0 
 3             230           6 
 4             230           3 
 1             231           2 
 2             231           0 
 3             231           0 
 4             231           7 
 1             232           0 
 2             232           0 
 3             232           4 
 4             232           3 
 1             233           4 
 2             233           0 
 3             233           3 
 4             233           0 
 1             234           4 
 2             234           0 
 3             234           0 
 4             234           4 
 1             235           3 
 2             235           0 
 3             235           4 
 4             235           0 
 1             236           0 
 2             236           4 
 3             236           0 
 4             236           5 
 1             237           5 
 2             237           0 
 3             237           2 
 4             237           0 
 1             238           4 
 2             238           0 
 3             238           0 
 4             238           4 
 1             239           3 
 2             239           2 
 3             239           0 
 4             239           0 
 1             240           0 
 2             240           0 
 3             240           4 
 4             240           5 
 1             241           0 
 2             241           6 
 3             241           0 
 4             241           1 
 1             242           0 
 2             242           5 
 3             242           4 
 4             242           0 
 1             243           0 
 2             243           4 
 3             243           2 
 4             243           0 
 1             244           0 
 2             244           0 
 3             244           5 
 4             244           2 
 1             245           6 
 2             245           0 
 3             245           6 
 4             245           0 
 1             246           0 
 2             246           6 
 3             246           4 
 4             246           0 
 1             247           7 
 2             247           7 
 3             247           0 
 4             247           0 
 1             248           6 
 2             248           0 
 3             248           8 
 4             248           0 
 1             249           2 
 2             249           0 
 3             249           3 
 4             249           0 
 1             250           5 
 2             250           0 
 3             250           3 
 4             250           0 
 1             251           1 
 2             251           4 
 3             251           0 
 4             251           0 
 1             252           1 
 2             252           3 
 3             252           0 
 4             252           0 
 1             253           0 
 2             253           4 
 3             253           0 
 4             253           1 
 1             254           0 
 2             254           4 
 3             254           0 
 4             254           4 
 1             255           0 
 2             255           3 
 3             255           1 
 4             255           0 
 1             256           4 
 2             256           2 
 3             256           0 
 4             256           0 
 1             257           4 
 2             257           1 
 3             257           0 
 4             257           0 
 1             258           0 
 2             258           0 
 3             258           6 
 4             258           2 
 1             259           4 
 2             259           6 
 3             259           0 
 4             259           0 
 1             260           0 
 2             260           3 
 3             260           0 
 4             260           5 
 1             261           0 
 2             261           0 
 3             261           5 
 4             261           6 
 1             262           0 
 2             262           4 
 3             262           3 
 4             262           0 
 1             263           2 
 2             263           0 
 3             263           3 
 4             263           0 
 1             264           0 
 2             264           0 
 3             264           4 
 4             264           3 
 1             265           0 
 2             265           0 
 3             265           5 
 4             265           1 
 1             266           4 
 2             266           0 
 3             266           5 
 4             266           0 
 1             267           4 
 2             267           0 
 3             267           5 
 4             267           0 
 1             268           0 
 2             268           6 
 3             268           0 
 4             268           3 
 1             269           5 
 2             269           5 
 3             269           0 
 4             269           0 
 1             270           7 
 2             270           2 
 3             270           0 
 4             270           0 
 1             271           0 
 2             271           6 
 3             271           3 
 4             271           0 
 1             272           5 
 2             272           0 
 3             272           0 
 4             272           6 
 1             273           0 
 2             273           4 
 3             273           0 
 4             273           3 
 1             274           0 
 2             274           4 
 3             274           5 
 4             274           0 
 1             275           0 
 2             275           6 
 3             275           0 
 4             275           4 
 1             276           0 
 2             276           0 
 3             276           3 
 4             276           4 
 1             277           5 
 2             277           6 
 3             277           0 
 4             277           0 
 1             278           0 
 2             278           0 
 3             278           5 
 4             278           6 
 1             279           3 
 2             279           7 
 3             279           0 
 4             279           0 
 1             280           0 
 2             280           2 
 3             280           0 
 4             280           3 
 1             281           2 
 2             281           0 
 3             281           0 
 4             281           3 
 1             282           0 
 2             282           5 
 3             282           0 
 4             282           3 
 1             283           2 
 2             283           0 
 3             283           0 
 4             283           4 
 1             284           0 
 2             284           3 
 3             284           2 
 4             284           0 
 1             285           0 
 2             285           0 
 3             285           6 
 4             285           3 
 1             286           0 
 2             286           3 
 3             286           0 
 4             286           4 
 1             287           3 
 2             287           0 
 3             287           1 
 4             287           0 
 1             288           6 
 2             288           0 
 3             288           4 
 4             288           0 
 1             289           9 
 2             289           0 
 3             289           0 
 4             289           5 
 1             290           3 
 2             290           2 
 3             290           0 
 4             290           0 
 1             291           4 
 2             291           0 
 3             291           0 
 4             291           4 
 1             292           0 
 2             292           0 
 3             292           3 
 4             292           2 
 1             293           5 
 2             293           2 
 3             293           0 
 4             293           0 
 1             294           4 
 2             294           0 
 3             294           6 
 4             294           0 
 1             295           3 
 2             295           4 
 3             295           0 
 4             295           0 
 1             296           0 
 2             296           0 
 3             296           4 
 4             296           6 
 1             297           0 
 2             297           5 
 3             297           0 
 4             297           4 
 1             298           0 
 2             298           0 
 3             298           5 
 4             298           5 
 1             299           7 
 2             299           0 
 3             299           4 
 4             299           0 
 1             300           5 
 2             300           4 
 3             300           0 
 4             300           0 
 1             301           0 
 2             301           5 
 3             301           0 
 4             301           2 
 1             302           0 
 2             302           0 
 3             302           0 
 4             302           0 
