 1             1             0 
 2             1             0 
 3             1             0 
 4             1             0 
 1             2             0 
 2             2             1 
 3             2             8 
 4             2             2 
 1             3             4 
 2             3             6 
 3             3             0 
 4             3             4 
 1             4             4 
 2             4             2 
 3             4             4 
 4             4             0 
 1             5             0 
 2             5             6 
 3             5             8 
 4             5             3 
 1             6             0 
 2             6             8 
 3             6             5 
 4             6             10 
 1             7             4 
 2             7             5 
 3             7             0 
 4             7             2 
 1             8             0 
 2             8             10 
 3             8             5 
 4             8             2 
 1             9             0 
 2             9             4 
 3             9             8 
 4             9             4 
 1             10            3 
 2             10            6 
 3             10            0 
 4             10            9 
 1             11            5 
 2             11            10 
 3             11            0 
 4             11            7 
 1             12            5 
 2             12            3 
 3             12            3 
 4             12            0 
 1             13            5 
 2             13            2 
 3             13            0 
 4             13            3 
 1             14            4 
 2             14            3 
 3             14            0 
 4             14            6 
 1             15            4 
 2             15            9 
 3             15            0 
 4             15            7 
 1             16            7 
 2             16            3 
 3             16            4 
 4             16            0 
 1             17            0 
 2             17            5 
 3             17            8 
 4             17            10 
 1             18            0 
 2             18            7 
 3             18            4 
 4             18            8 
 1             19            7 
 2             19            0 
 3             19            6 
 4             19            4 
 1             20            5 
 2             20            3 
 3             20            0 
 4             20            8 
 1             21            0 
 2             21            5 
 3             21            8 
 4             21            5 
 1             22            4 
 2             22            7 
 3             22            0 
 4             22            3 
 1             23            8 
 2             23            0 
 3             23            3 
 4             23            5 
 1             24            8 
 2             24            6 
 3             24            0 
 4             24            9 
 1             25            0 
 2             25            8 
 3             25            5 
 4             25            5 
 1             26            4 
 2             26            0 
 3             26            7 
 4             26            7 
 1             27            0 
 2             27            3 
 3             27            4 
 4             27            5 
 1             28            4 
 2             28            0 
 3             28            5 
 4             28            8 
 1             29            4 
 2             29            7 
 3             29            10 
 4             29            0 
 1             30            3 
 2             30            5 
 3             30            4 
 4             30            0 
 1             31            0 
 2             31            9 
 3             31            6 
 4             31            9 
 1             32            8 
 2             32            0 
 3             32            5 
 4             32            3 
 1             33            10 
 2             33            0 
 3             33            5 
 4             33            8 
 1             34            4 
 2             34            0 
 3             34            7 
 4             34            8 
 1             35            0 
 2             35            2 
 3             35            4 
 4             35            9 
 1             36            3 
 2             36            0 
 3             36            4 
 4             36            6 
 1             37            3 
 2             37            8 
 3             37            7 
 4             37            0 
 1             38            10 
 2             38            9 
 3             38            0 
 4             38            3 
 1             39            7 
 2             39            0 
 3             39            3 
 4             39            3 
 1             40            0 
 2             40            6 
 3             40            4 
 4             40            5 
 1             41            7 
 2             41            3 
 3             41            4 
 4             41            0 
 1             42            5 
 2             42            0 
 3             42            6 
 4             42            10 
 1             43            7 
 2             43            0 
 3             43            9 
 4             43            6 
 1             44            0 
 2             44            6 
 3             44            10 
 4             44            7 
 1             45            6 
 2             45            6 
 3             45            0 
 4             45            8 
 1             46            4 
 2             46            2 
 3             46            6 
 4             46            0 
 1             47            0 
 2             47            5 
 3             47            3 
 4             47            8 
 1             48            9 
 2             48            9 
 3             48            10 
 4             48            0 
 1             49            0 
 2             49            5 
 3             49            10 
 4             49            8 
 1             50            4 
 2             50            6 
 3             50            9 
 4             50            0 
 1             51            5 
 2             51            3 
 3             51            3 
 4             51            0 
 1             52            5 
 2             52            7 
 3             52            0 
 4             52            10 
 1             53            6 
 2             53            6 
 3             53            0 
 4             53            7 
 1             54            7 
 2             54            5 
 3             54            9 
 4             54            0 
 1             55            6 
 2             55            9 
 3             55            6 
 4             55            0 
 1             56            9 
 2             56            0 
 3             56            1 
 4             56            9 
 1             57            7 
 2             57            0 
 3             57            7 
 4             57            9 
 1             58            3 
 2             58            7 
 3             58            3 
 4             58            0 
 1             59            7 
 2             59            3 
 3             59            0 
 4             59            5 
 1             60            5 
 2             60            6 
 3             60            7 
 4             60            0 
 1             61            0 
 2             61            3 
 3             61            2 
 4             61            5 
 1             62            8 
 2             62            7 
 3             62            6 
 4             62            0 
 1             63            3 
 2             63            7 
 3             63            10 
 4             63            0 
 1             64            5 
 2             64            6 
 3             64            0 
 4             64            6 
 1             65            0 
 2             65            5 
 3             65            8 
 4             65            4 
 1             66            9 
 2             66            3 
 3             66            0 
 4             66            5 
 1             67            7 
 2             67            6 
 3             67            6 
 4             67            0 
 1             68            7 
 2             68            6 
 3             68            10 
 4             68            0 
 1             69            5 
 2             69            7 
 3             69            0 
 4             69            8 
 1             70            0 
 2             70            7 
 3             70            7 
 4             70            5 
 1             71            10 
 2             71            3 
 3             71            7 
 4             71            0 
 1             72            9 
 2             72            0 
 3             72            5 
 4             72            6 
 1             73            0 
 2             73            9 
 3             73            7 
 4             73            6 
 1             74            8 
 2             74            8 
 3             74            0 
 4             74            7 
 1             75            6 
 2             75            3 
 3             75            0 
 4             75            7 
 1             76            0 
 2             76            10 
 3             76            7 
 4             76            4 
 1             77            0 
 2             77            6 
 3             77            3 
 4             77            3 
 1             78            6 
 2             78            5 
 3             78            6 
 4             78            0 
 1             79            7 
 2             79            3 
 3             79            9 
 4             79            0 
 1             80            5 
 2             80            0 
 3             80            6 
 4             80            5 
 1             81            0 
 2             81            5 
 3             81            3 
 4             81            7 
 1             82            5 
 2             82            4 
 3             82            0 
 4             82            6 
 1             83            0 
 2             83            6 
 3             83            4 
 4             83            3 
 1             84            0 
 2             84            7 
 3             84            5 
 4             84            5 
 1             85            4 
 2             85            5 
 3             85            0 
 4             85            5 
 1             86            3 
 2             86            6 
 3             86            10 
 4             86            0 
 1             87            0 
 2             87            5 
 3             87            5 
 4             87            5 
 1             88            4 
 2             88            8 
 3             88            0 
 4             88            5 
 1             89            6 
 2             89            4 
 3             89            8 
 4             89            0 
 1             90            0 
 2             90            6 
 3             90            3 
 4             90            4 
 1             91            10 
 2             91            3 
 3             91            6 
 4             91            0 
 1             92            10 
 2             92            0 
 3             92            4 
 4             92            6 
 1             93            4 
 2             93            0 
 3             93            6 
 4             93            3 
 1             94            4 
 2             94            7 
 3             94            5 
 4             94            0 
 1             95            5 
 2             95            6 
 3             95            4 
 4             95            0 
 1             96            6 
 2             96            0 
 3             96            10 
 4             96            7 
 1             97            0 
 2             97            7 
 3             97            4 
 4             97            10 
 1             98            6 
 2             98            7 
 3             98            0 
 4             98            9 
 1             99            7 
 2             99            7 
 3             99            0 
 4             99            7 
 1             100           7 
 2             100           8 
 3             100           4 
 4             100           0 
 1             101           3 
 2             101           6 
 3             101           0 
 4             101           4 
 1             102           0 
 2             102           4 
 3             102           6 
 4             102           5 
 1             103           10 
 2             103           0 
 3             103           10 
 4             103           7 
 1             104           4 
 2             104           3 
 3             104           6 
 4             104           0 
 1             105           0 
 2             105           4 
 3             105           3 
 4             105           5 
 1             106           8 
 2             106           4 
 3             106           7 
 4             106           0 
 1             107           0 
 2             107           3 
 3             107           7 
 4             107           5 
 1             108           4 
 2             108           0 
 3             108           7 
 4             108           5 
 1             109           0 
 2             109           5 
 3             109           8 
 4             109           5 
 1             110           10 
 2             110           7 
 3             110           0 
 4             110           7 
 1             111           4 
 2             111           9 
 3             111           3 
 4             111           0 
 1             112           6 
 2             112           3 
 3             112           9 
 4             112           0 
 1             113           4 
 2             113           4 
 3             113           3 
 4             113           0 
 1             114           0 
 2             114           8 
 3             114           2 
 4             114           7 
 1             115           0 
 2             115           5 
 3             115           3 
 4             115           7 
 1             116           0 
 2             116           3 
 3             116           7 
 4             116           6 
 1             117           4 
 2             117           0 
 3             117           2 
 4             117           8 
 1             118           6 
 2             118           5 
 3             118           0 
 4             118           7 
 1             119           4 
 2             119           10 
 3             119           0 
 4             119           6 
 1             120           0 
 2             120           7 
 3             120           10 
 4             120           3 
 1             121           8 
 2             121           0 
 3             121           6 
 4             121           2 
 1             122           3 
 2             122           0 
 3             122           5 
 4             122           4 
 1             123           7 
 2             123           0 
 3             123           7 
 4             123           3 
 1             124           2 
 2             124           2 
 3             124           0 
 4             124           10 
 1             125           8 
 2             125           0 
 3             125           6 
 4             125           6 
 1             126           7 
 2             126           0 
 3             126           3 
 4             126           6 
 1             127           0 
 2             127           1 
 3             127           5 
 4             127           5 
 1             128           0 
 2             128           10 
 3             128           5 
 4             128           8 
 1             129           10 
 2             129           0 
 3             129           4 
 4             129           1 
 1             130           0 
 2             130           4 
 3             130           7 
 4             130           6 
 1             131           7 
 2             131           4 
 3             131           7 
 4             131           0 
 1             132           6 
 2             132           0 
 3             132           4 
 4             132           5 
 1             133           0 
 2             133           4 
 3             133           10 
 4             133           5 
 1             134           8 
 2             134           0 
 3             134           6 
 4             134           9 
 1             135           5 
 2             135           0 
 3             135           6 
 4             135           5 
 1             136           7 
 2             136           0 
 3             136           5 
 4             136           10 
 1             137           6 
 2             137           0 
 3             137           3 
 4             137           8 
 1             138           6 
 2             138           0 
 3             138           4 
 4             138           7 
 1             139           0 
 2             139           5 
 3             139           5 
 4             139           5 
 1             140           7 
 2             140           8 
 3             140           4 
 4             140           0 
 1             141           0 
 2             141           8 
 3             141           5 
 4             141           7 
 1             142           5 
 2             142           9 
 3             142           0 
 4             142           8 
 1             143           5 
 2             143           7 
 3             143           0 
 4             143           9 
 1             144           4 
 2             144           0 
 3             144           7 
 4             144           10 
 1             145           10 
 2             145           5 
 3             145           0 
 4             145           5 
 1             146           7 
 2             146           0 
 3             146           6 
 4             146           9 
 1             147           3 
 2             147           6 
 3             147           5 
 4             147           0 
 1             148           0 
 2             148           2 
 3             148           9 
 4             148           6 
 1             149           6 
 2             149           1 
 3             149           6 
 4             149           0 
 1             150           0 
 2             150           10 
 3             150           7 
 4             150           2 
 1             151           6 
 2             151           9 
 3             151           0 
 4             151           8 
 1             152           0 
 2             152           10 
 3             152           5 
 4             152           1 
 1             153           7 
 2             153           10 
 3             153           0 
 4             153           6 
 1             154           9 
 2             154           10 
 3             154           0 
 4             154           9 
 1             155           8 
 2             155           0 
 3             155           6 
 4             155           7 
 1             156           4 
 2             156           6 
 3             156           0 
 4             156           7 
 1             157           6 
 2             157           7 
 3             157           9 
 4             157           0 
 1             158           0 
 2             158           8 
 3             158           7 
 4             158           4 
 1             159           5 
 2             159           7 
 3             159           0 
 4             159           7 
 1             160           6 
 2             160           0 
 3             160           3 
 4             160           4 
 1             161           5 
 2             161           3 
 3             161           6 
 4             161           0 
 1             162           0 
 2             162           9 
 3             162           4 
 4             162           10 
 1             163           0 
 2             163           3 
 3             163           5 
 4             163           8 
 1             164           9 
 2             164           6 
 3             164           0 
 4             164           3 
 1             165           8 
 2             165           5 
 3             165           7 
 4             165           0 
 1             166           7 
 2             166           0 
 3             166           4 
 4             166           7 
 1             167           0 
 2             167           6 
 3             167           7 
 4             167           7 
 1             168           0 
 2             168           7 
 3             168           4 
 4             168           4 
 1             169           8 
 2             169           4 
 3             169           0 
 4             169           6 
 1             170           6 
 2             170           3 
 3             170           3 
 4             170           0 
 1             171           2 
 2             171           10 
 3             171           0 
 4             171           8 
 1             172           5 
 2             172           5 
 3             172           8 
 4             172           0 
 1             173           5 
 2             173           0 
 3             173           3 
 4             173           2 
 1             174           2 
 2             174           8 
 3             174           0 
 4             174           2 
 1             175           4 
 2             175           7 
 3             175           8 
 4             175           0 
 1             176           0 
 2             176           6 
 3             176           7 
 4             176           8 
 1             177           9 
 2             177           10 
 3             177           0 
 4             177           8 
 1             178           3 
 2             178           0 
 3             178           7 
 4             178           2 
 1             179           8 
 2             179           6 
 3             179           6 
 4             179           0 
 1             180           5 
 2             180           0 
 3             180           10 
 4             180           7 
 1             181           0 
 2             181           5 
 3             181           8 
 4             181           10 
 1             182           0 
 2             182           6 
 3             182           4 
 4             182           4 
 1             183           4 
 2             183           10 
 3             183           4 
 4             183           0 
 1             184           0 
 2             184           9 
 3             184           8 
 4             184           5 
 1             185           0 
 2             185           6 
 3             185           6 
 4             185           7 
 1             186           4 
 2             186           8 
 3             186           10 
 4             186           0 
 1             187           8 
 2             187           0 
 3             187           8 
 4             187           5 
 1             188           10 
 2             188           7 
 3             188           0 
 4             188           6 
 1             189           0 
 2             189           7 
 3             189           6 
 4             189           5 
 1             190           0 
 2             190           8 
 3             190           3 
 4             190           6 
 1             191           8 
 2             191           5 
 3             191           4 
 4             191           0 
 1             192           9 
 2             192           0 
 3             192           5 
 4             192           6 
 1             193           7 
 2             193           5 
 3             193           8 
 4             193           0 
 1             194           7 
 2             194           0 
 3             194           9 
 4             194           3 
 1             195           4 
 2             195           9 
 3             195           4 
 4             195           0 
 1             196           5 
 2             196           9 
 3             196           0 
 4             196           6 
 1             197           4 
 2             197           5 
 3             197           3 
 4             197           0 
 1             198           7 
 2             198           5 
 3             198           0 
 4             198           4 
 1             199           5 
 2             199           9 
 3             199           8 
 4             199           0 
 1             200           6 
 2             200           4 
 3             200           0 
 4             200           3 
 1             201           4 
 2             201           5 
 3             201           0 
 4             201           8 
 1             202           5 
 2             202           0 
 3             202           8 
 4             202           6 
 1             203           0 
 2             203           3 
 3             203           4 
 4             203           5 
 1             204           0 
 2             204           5 
 3             204           6 
 4             204           4 
 1             205           0 
 2             205           4 
 3             205           7 
 4             205           4 
 1             206           3 
 2             206           0 
 3             206           6 
 4             206           3 
 1             207           7 
 2             207           7 
 3             207           0 
 4             207           2 
 1             208           0 
 2             208           9 
 3             208           5 
 4             208           9 
 1             209           2 
 2             209           0 
 3             209           8 
 4             209           6 
 1             210           5 
 2             210           0 
 3             210           7 
 4             210           6 
 1             211           5 
 2             211           10 
 3             211           4 
 4             211           0 
 1             212           0 
 2             212           9 
 3             212           8 
 4             212           9 
 1             213           6 
 2             213           6 
 3             213           5 
 4             213           0 
 1             214           4 
 2             214           8 
 3             214           0 
 4             214           6 
 1             215           0 
 2             215           6 
 3             215           9 
 4             215           9 
 1             216           0 
 2             216           8 
 3             216           9 
 4             216           5 
 1             217           6 
 2             217           0 
 3             217           9 
 4             217           7 
 1             218           6 
 2             218           5 
 3             218           0 
 4             218           5 
 1             219           0 
 2             219           3 
 3             219           5 
 4             219           7 
 1             220           8 
 2             220           5 
 3             220           0 
 4             220           4 
 1             221           0 
 2             221           9 
 3             221           6 
 4             221           7 
 1             222           5 
 2             222           4 
 3             222           4 
 4             222           0 
 1             223           6 
 2             223           0 
 3             223           2 
 4             223           8 
 1             224           3 
 2             224           5 
 3             224           0 
 4             224           5 
 1             225           0 
 2             225           8 
 3             225           6 
 4             225           8 
 1             226           6 
 2             226           4 
 3             226           10 
 4             226           0 
 1             227           9 
 2             227           10 
 3             227           7 
 4             227           0 
 1             228           0 
 2             228           3 
 3             228           6 
 4             228           6 
 1             229           0 
 2             229           2 
 3             229           7 
 4             229           4 
 1             230           0 
 2             230           9 
 3             230           10 
 4             230           10 
 1             231           8 
 2             231           0 
 3             231           6 
 4             231           5 
 1             232           6 
 2             232           6 
 3             232           7 
 4             232           0 
 1             233           0 
 2             233           6 
 3             233           6 
 4             233           10 
 1             234           5 
 2             234           4 
 3             234           5 
 4             234           0 
 1             235           10 
 2             235           5 
 3             235           1 
 4             235           0 
 1             236           7 
 2             236           10 
 3             236           5 
 4             236           0 
 1             237           5 
 2             237           6 
 3             237           0 
 4             237           2 
 1             238           4 
 2             238           8 
 3             238           0 
 4             238           7 
 1             239           9 
 2             239           0 
 3             239           9 
 4             239           7 
 1             240           5 
 2             240           0 
 3             240           8 
 4             240           8 
 1             241           0 
 2             241           5 
 3             241           7 
 4             241           8 
 1             242           4 
 2             242           7 
 3             242           9 
 4             242           0 
 1             243           6 
 2             243           4 
 3             243           5 
 4             243           0 
 1             244           5 
 2             244           10 
 3             244           0 
 4             244           3 
 1             245           9 
 2             245           10 
 3             245           0 
 4             245           1 
 1             246           5 
 2             246           8 
 3             246           5 
 4             246           0 
 1             247           0 
 2             247           8 
 3             247           7 
 4             247           4 
 1             248           0 
 2             248           8 
 3             248           7 
 4             248           7 
 1             249           0 
 2             249           9 
 3             249           4 
 4             249           7 
 1             250           8 
 2             250           6 
 3             250           0 
 4             250           5 
 1             251           0 
 2             251           9 
 3             251           7 
 4             251           6 
 1             252           2 
 2             252           0 
 3             252           7 
 4             252           7 
 1             253           4 
 2             253           10 
 3             253           0 
 4             253           9 
 1             254           5 
 2             254           3 
 3             254           7 
 4             254           0 
 1             255           7 
 2             255           8 
 3             255           0 
 4             255           8 
 1             256           5 
 2             256           2 
 3             256           6 
 4             256           0 
 1             257           10 
 2             257           5 
 3             257           10 
 4             257           0 
 1             258           1 
 2             258           7 
 3             258           5 
 4             258           0 
 1             259           3 
 2             259           5 
 3             259           0 
 4             259           2 
 1             260           7 
 2             260           0 
 3             260           6 
 4             260           2 
 1             261           4 
 2             261           1 
 3             261           4 
 4             261           0 
 1             262           7 
 2             262           8 
 3             262           0 
 4             262           4 
 1             263           0 
 2             263           4 
 3             263           4 
 4             263           3 
 1             264           4 
 2             264           0 
 3             264           8 
 4             264           4 
 1             265           0 
 2             265           4 
 3             265           6 
 4             265           7 
 1             266           3 
 2             266           5 
 3             266           4 
 4             266           0 
 1             267           5 
 2             267           6 
 3             267           10 
 4             267           0 
 1             268           6 
 2             268           0 
 3             268           8 
 4             268           8 
 1             269           0 
 2             269           3 
 3             269           6 
 4             269           4 
 1             270           9 
 2             270           0 
 3             270           6 
 4             270           10 
 1             271           0 
 2             271           3 
 3             271           3 
 4             271           8 
 1             272           7 
 2             272           5 
 3             272           4 
 4             272           0 
 1             273           3 
 2             273           0 
 3             273           4 
 4             273           9 
 1             274           0 
 2             274           10 
 3             274           10 
 4             274           5 
 1             275           0 
 2             275           6 
 3             275           3 
 4             275           6 
 1             276           6 
 2             276           5 
 3             276           0 
 4             276           6 
 1             277           0 
 2             277           7 
 3             277           7 
 4             277           7 
 1             278           0 
 2             278           8 
 3             278           5 
 4             278           6 
 1             279           7 
 2             279           6 
 3             279           0 
 4             279           6 
 1             280           9 
 2             280           3 
 3             280           5 
 4             280           0 
 1             281           9 
 2             281           0 
 3             281           6 
 4             281           8 
 1             282           10 
 2             282           8 
 3             282           7 
 4             282           0 
 1             283           9 
 2             283           0 
 3             283           4 
 4             283           3 
 1             284           7 
 2             284           0 
 3             284           5 
 4             284           5 
 1             285           9 
 2             285           6 
 3             285           6 
 4             285           0 
 1             286           0 
 2             286           6 
 3             286           5 
 4             286           5 
 1             287           10 
 2             287           9 
 3             287           0 
 4             287           6 
 1             288           0 
 2             288           4 
 3             288           10 
 4             288           6 
 1             289           7 
 2             289           3 
 3             289           0 
 4             289           3 
 1             290           5 
 2             290           5 
 3             290           5 
 4             290           0 
 1             291           0 
 2             291           7 
 3             291           6 
 4             291           8 
 1             292           6 
 2             292           0 
 3             292           5 
 4             292           6 
 1             293           8 
 2             293           6 
 3             293           0 
 4             293           8 
 1             294           7 
 2             294           8 
 3             294           0 
 4             294           8 
 1             295           8 
 2             295           0 
 3             295           5 
 4             295           9 
 1             296           8 
 2             296           4 
 3             296           10 
 4             296           0 
 1             297           6 
 2             297           0 
 3             297           5 
 4             297           10 
 1             298           0 
 2             298           9 
 3             298           7 
 4             298           5 
 1             299           7 
 2             299           5 
 3             299           6 
 4             299           0 
 1             300           10 
 2             300           4 
 3             300           0 
 4             300           4 
 1             301           2 
 2             301           7 
 3             301           0 
 4             301           7 
 1             302           0 
 2             302           0 
 3             302           0 
 4             302           0 
