 1             1             0 
 2             1             0 
 3             1             0 
 4             1             0 
 1             2             1 
 2             2             1 
 3             2             1 
 4             2             1 
 1             3             2 
 2             3             4 
 3             3             3 
 4             3             2 
 1             4             2 
 2             4             2 
 3             4             1 
 4             4             4 
 1             5             2 
 2             5             1 
 3             5             2 
 4             5             2 
 1             6             2 
 2             6             2 
 3             6             3 
 4             6             1 
 1             7             3 
 2             7             1 
 3             7             2 
 4             7             3 
 1             8             4 
 2             8             2 
 3             8             3 
 4             8             1 
 1             9             2 
 2             9             1 
 3             9             2 
 4             9             2 
 1             10            2 
 2             10            4 
 3             10            1 
 4             10            4 
 1             11            2 
 2             11            1 
 3             11            2 
 4             11            1 
 1             12            2 
 2             12            2 
 3             12            3 
 4             12            5 
 1             13            1 
 2             13            3 
 3             13            3 
 4             13            2 
 1             14            3 
 2             14            1 
 3             14            1 
 4             14            4 
 1             15            2 
 2             15            1 
 3             15            1 
 4             15            1 
 1             16            2 
 2             16            2 
 3             16            5 
 4             16            4 
 1             17            2 
 2             17            1 
 3             17            2 
 4             17            2 
 1             18            1 
 2             18            3 
 3             18            2 
 4             18            2 
 1             19            3 
 2             19            1 
 3             19            2 
 4             19            1 
 1             20            3 
 2             20            2 
 3             20            2 
 4             20            1 
 1             21            1 
 2             21            1 
 3             21            2 
 4             21            2 
 1             22            1 
 2             22            2 
 3             22            2 
 4             22            3 
 1             23            1 
 2             23            3 
 3             23            2 
 4             23            4 
 1             24            1 
 2             24            2 
 3             24            4 
 4             24            4 
 1             25            4 
 2             25            3 
 3             25            2 
 4             25            1 
 1             26            2 
 2             26            3 
 3             26            2 
 4             26            3 
 1             27            1 
 2             27            4 
 3             27            3 
 4             27            2 
 1             28            3 
 2             28            2 
 3             28            2 
 4             28            4 
 1             29            3 
 2             29            1 
 3             29            1 
 4             29            2 
 1             30            3 
 2             30            1 
 3             30            2 
 4             30            2 
 1             31            1 
 2             31            2 
 3             31            2 
 4             31            3 
 1             32            2 
 2             32            2 
 3             32            1 
 4             32            2 
 1             33            3 
 2             33            2 
 3             33            4 
 4             33            2 
 1             34            1 
 2             34            1 
 3             34            1 
 4             34            1 
 1             35            1 
 2             35            3 
 3             35            2 
 4             35            1 
 1             36            2 
 2             36            1 
 3             36            2 
 4             36            1 
 1             37            1 
 2             37            3 
 3             37            1 
 4             37            1 
 1             38            1 
 2             38            1 
 3             38            2 
 4             38            2 
 1             39            2 
 2             39            1 
 3             39            3 
 4             39            3 
 1             40            1 
 2             40            2 
 3             40            2 
 4             40            1 
 1             41            1 
 2             41            3 
 3             41            2 
 4             41            2 
 1             42            2 
 2             42            1 
 3             42            3 
 4             42            1 
 1             43            4 
 2             43            1 
 3             43            1 
 4             43            3 
 1             44            4 
 2             44            2 
 3             44            2 
 4             44            1 
 1             45            1 
 2             45            5 
 3             45            2 
 4             45            2 
 1             46            3 
 2             46            3 
 3             46            1 
 4             46            3 
 1             47            1 
 2             47            2 
 3             47            2 
 4             47            1 
 1             48            1 
 2             48            2 
 3             48            1 
 4             48            3 
 1             49            2 
 2             49            2 
 3             49            3 
 4             49            3 
 1             50            2 
 2             50            1 
 3             50            1 
 4             50            2 
 1             51            2 
 2             51            2 
 3             51            1 
 4             51            3 
 1             52            2 
 2             52            2 
 3             52            1 
 4             52            2 
 1             53            2 
 2             53            2 
 3             53            3 
 4             53            1 
 1             54            3 
 2             54            2 
 3             54            3 
 4             54            5 
 1             55            1 
 2             55            2 
 3             55            2 
 4             55            2 
 1             56            4 
 2             56            1 
 3             56            2 
 4             56            1 
 1             57            2 
 2             57            2 
 3             57            3 
 4             57            2 
 1             58            3 
 2             58            3 
 3             58            1 
 4             58            1 
 1             59            3 
 2             59            2 
 3             59            2 
 4             59            1 
 1             60            1 
 2             60            4 
 3             60            1 
 4             60            1 
 1             61            1 
 2             61            1 
 3             61            2 
 4             61            2 
 1             62            1 
 2             62            2 
 3             62            2 
 4             62            1 
 1             63            3 
 2             63            1 
 3             63            1 
 4             63            2 
 1             64            1 
 2             64            2 
 3             64            2 
 4             64            3 
 1             65            2 
 2             65            2 
 3             65            2 
 4             65            2 
 1             66            3 
 2             66            2 
 3             66            2 
 4             66            2 
 1             67            2 
 2             67            2 
 3             67            2 
 4             67            1 
 1             68            2 
 2             68            3 
 3             68            1 
 4             68            2 
 1             69            3 
 2             69            2 
 3             69            4 
 4             69            2 
 1             70            2 
 2             70            4 
 3             70            1 
 4             70            1 
 1             71            4 
 2             71            1 
 3             71            1 
 4             71            1 
 1             72            2 
 2             72            2 
 3             72            1 
 4             72            1 
 1             73            2 
 2             73            3 
 3             73            1 
 4             73            2 
 1             74            1 
 2             74            4 
 3             74            2 
 4             74            2 
 1             75            2 
 2             75            3 
 3             75            2 
 4             75            1 
 1             76            1 
 2             76            2 
 3             76            1 
 4             76            1 
 1             77            1 
 2             77            2 
 3             77            1 
 4             77            2 
 1             78            3 
 2             78            2 
 3             78            3 
 4             78            3 
 1             79            4 
 2             79            1 
 3             79            4 
 4             79            4 
 1             80            1 
 2             80            1 
 3             80            2 
 4             80            3 
 1             81            1 
 2             81            3 
 3             81            1 
 4             81            2 
 1             82            4 
 2             82            1 
 3             82            3 
 4             82            1 
 1             83            1 
 2             83            1 
 3             83            1 
 4             83            2 
 1             84            3 
 2             84            1 
 3             84            2 
 4             84            2 
 1             85            1 
 2             85            1 
 3             85            2 
 4             85            2 
 1             86            3 
 2             86            2 
 3             86            1 
 4             86            2 
 1             87            1 
 2             87            3 
 3             87            1 
 4             87            1 
 1             88            3 
 2             88            4 
 3             88            2 
 4             88            3 
 1             89            1 
 2             89            3 
 3             89            3 
 4             89            2 
 1             90            2 
 2             90            1 
 3             90            1 
 4             90            2 
 1             91            1 
 2             91            1 
 3             91            3 
 4             91            2 
 1             92            3 
 2             92            4 
 3             92            2 
 4             92            3 
 1             93            1 
 2             93            3 
 3             93            1 
 4             93            1 
 1             94            3 
 2             94            3 
 3             94            1 
 4             94            2 
 1             95            3 
 2             95            1 
 3             95            4 
 4             95            1 
 1             96            2 
 2             96            1 
 3             96            1 
 4             96            2 
 1             97            2 
 2             97            2 
 3             97            4 
 4             97            3 
 1             98            1 
 2             98            3 
 3             98            1 
 4             98            1 
 1             99            3 
 2             99            2 
 3             99            2 
 4             99            2 
 1             100           1 
 2             100           1 
 3             100           2 
 4             100           2 
 1             101           2 
 2             101           1 
 3             101           3 
 4             101           2 
 1             102           2 
 2             102           1 
 3             102           2 
 4             102           1 
 1             103           2 
 2             103           3 
 3             103           6 
 4             103           2 
 1             104           4 
 2             104           1 
 3             104           1 
 4             104           2 
 1             105           2 
 2             105           2 
 3             105           1 
 4             105           2 
 1             106           2 
 2             106           1 
 3             106           1 
 4             106           3 
 1             107           2 
 2             107           3 
 3             107           1 
 4             107           1 
 1             108           1 
 2             108           1 
 3             108           2 
 4             108           2 
 1             109           1 
 2             109           3 
 3             109           3 
 4             109           4 
 1             110           2 
 2             110           2 
 3             110           1 
 4             110           2 
 1             111           1 
 2             111           1 
 3             111           3 
 4             111           1 
 1             112           2 
 2             112           1 
 3             112           2 
 4             112           3 
 1             113           3 
 2             113           3 
 3             113           3 
 4             113           3 
 1             114           3 
 2             114           4 
 3             114           3 
 4             114           2 
 1             115           1 
 2             115           1 
 3             115           1 
 4             115           2 
 1             116           1 
 2             116           2 
 3             116           2 
 4             116           1 
 1             117           2 
 2             117           2 
 3             117           2 
 4             117           3 
 1             118           2 
 2             118           2 
 3             118           2 
 4             118           1 
 1             119           4 
 2             119           2 
 3             119           2 
 4             119           3 
 1             120           2 
 2             120           1 
 3             120           2 
 4             120           2 
 1             121           2 
 2             121           1 
 3             121           2 
 4             121           1 
 1             122           2 
 2             122           2 
 3             122           2 
 4             122           2 
 1             123           3 
 2             123           2 
 3             123           1 
 4             123           3 
 1             124           1 
 2             124           1 
 3             124           2 
 4             124           1 
 1             125           4 
 2             125           1 
 3             125           2 
 4             125           2 
 1             126           1 
 2             126           2 
 3             126           2 
 4             126           2 
 1             127           2 
 2             127           2 
 3             127           4 
 4             127           1 
 1             128           1 
 2             128           1 
 3             128           3 
 4             128           2 
 1             129           1 
 2             129           3 
 3             129           1 
 4             129           3 
 1             130           2 
 2             130           3 
 3             130           2 
 4             130           3 
 1             131           3 
 2             131           1 
 3             131           3 
 4             131           2 
 1             132           1 
 2             132           2 
 3             132           2 
 4             132           3 
 1             133           1 
 2             133           1 
 3             133           2 
 4             133           2 
 1             134           2 
 2             134           2 
 3             134           2 
 4             134           2 
 1             135           1 
 2             135           2 
 3             135           6 
 4             135           2 
 1             136           2 
 2             136           1 
 3             136           3 
 4             136           2 
 1             137           1 
 2             137           2 
 3             137           1 
 4             137           3 
 1             138           1 
 2             138           3 
 3             138           2 
 4             138           1 
 1             139           3 
 2             139           2 
 3             139           2 
 4             139           1 
 1             140           2 
 2             140           2 
 3             140           1 
 4             140           5 
 1             141           1 
 2             141           3 
 3             141           3 
 4             141           3 
 1             142           1 
 2             142           1 
 3             142           1 
 4             142           3 
 1             143           2 
 2             143           2 
 3             143           5 
 4             143           1 
 1             144           1 
 2             144           1 
 3             144           3 
 4             144           4 
 1             145           1 
 2             145           6 
 3             145           2 
 4             145           4 
 1             146           1 
 2             146           1 
 3             146           3 
 4             146           3 
 1             147           3 
 2             147           1 
 3             147           1 
 4             147           3 
 1             148           1 
 2             148           1 
 3             148           2 
 4             148           2 
 1             149           1 
 2             149           1 
 3             149           1 
 4             149           2 
 1             150           2 
 2             150           1 
 3             150           1 
 4             150           1 
 1             151           1 
 2             151           2 
 3             151           2 
 4             151           2 
 1             152           1 
 2             152           1 
 3             152           1 
 4             152           1 
 1             153           4 
 2             153           1 
 3             153           2 
 4             153           2 
 1             154           1 
 2             154           4 
 3             154           1 
 4             154           3 
 1             155           1 
 2             155           2 
 3             155           3 
 4             155           2 
 1             156           5 
 2             156           2 
 3             156           1 
 4             156           4 
 1             157           3 
 2             157           4 
 3             157           2 
 4             157           2 
 1             158           2 
 2             158           3 
 3             158           3 
 4             158           5 
 1             159           3 
 2             159           3 
 3             159           1 
 4             159           1 
 1             160           1 
 2             160           3 
 3             160           1 
 4             160           2 
 1             161           2 
 2             161           2 
 3             161           1 
 4             161           2 
 1             162           1 
 2             162           1 
 3             162           2 
 4             162           1 
 1             163           4 
 2             163           1 
 3             163           1 
 4             163           2 
 1             164           2 
 2             164           3 
 3             164           1 
 4             164           1 
 1             165           2 
 2             165           1 
 3             165           3 
 4             165           1 
 1             166           2 
 2             166           1 
 3             166           1 
 4             166           1 
 1             167           5 
 2             167           3 
 3             167           2 
 4             167           1 
 1             168           2 
 2             168           3 
 3             168           4 
 4             168           3 
 1             169           1 
 2             169           2 
 3             169           1 
 4             169           1 
 1             170           1 
 2             170           1 
 3             170           2 
 4             170           3 
 1             171           2 
 2             171           1 
 3             171           1 
 4             171           2 
 1             172           2 
 2             172           1 
 3             172           1 
 4             172           1 
 1             173           2 
 2             173           3 
 3             173           1 
 4             173           1 
 1             174           3 
 2             174           3 
 3             174           2 
 4             174           2 
 1             175           1 
 2             175           1 
 3             175           2 
 4             175           2 
 1             176           3 
 2             176           2 
 3             176           2 
 4             176           1 
 1             177           2 
 2             177           3 
 3             177           1 
 4             177           1 
 1             178           1 
 2             178           3 
 3             178           1 
 4             178           1 
 1             179           3 
 2             179           3 
 3             179           1 
 4             179           2 
 1             180           3 
 2             180           2 
 3             180           2 
 4             180           4 
 1             181           1 
 2             181           1 
 3             181           6 
 4             181           2 
 1             182           2 
 2             182           1 
 3             182           2 
 4             182           3 
 1             183           2 
 2             183           1 
 3             183           2 
 4             183           2 
 1             184           3 
 2             184           4 
 3             184           1 
 4             184           2 
 1             185           3 
 2             185           1 
 3             185           2 
 4             185           2 
 1             186           3 
 2             186           3 
 3             186           1 
 4             186           2 
 1             187           1 
 2             187           3 
 3             187           4 
 4             187           1 
 1             188           3 
 2             188           3 
 3             188           1 
 4             188           1 
 1             189           3 
 2             189           3 
 3             189           1 
 4             189           1 
 1             190           2 
 2             190           1 
 3             190           2 
 4             190           4 
 1             191           1 
 2             191           2 
 3             191           3 
 4             191           1 
 1             192           2 
 2             192           1 
 3             192           3 
 4             192           3 
 1             193           3 
 2             193           2 
 3             193           1 
 4             193           1 
 1             194           3 
 2             194           1 
 3             194           4 
 4             194           1 
 1             195           1 
 2             195           2 
 3             195           4 
 4             195           1 
 1             196           2 
 2             196           1 
 3             196           2 
 4             196           4 
 1             197           2 
 2             197           5 
 3             197           2 
 4             197           2 
 1             198           1 
 2             198           1 
 3             198           2 
 4             198           1 
 1             199           3 
 2             199           3 
 3             199           2 
 4             199           2 
 1             200           3 
 2             200           2 
 3             200           3 
 4             200           1 
 1             201           2 
 2             201           1 
 3             201           1 
 4             201           1 
 1             202           1 
 2             202           2 
 3             202           2 
 4             202           1 
 1             203           2 
 2             203           2 
 3             203           1 
 4             203           1 
 1             204           1 
 2             204           2 
 3             204           2 
 4             204           1 
 1             205           1 
 2             205           2 
 3             205           3 
 4             205           2 
 1             206           1 
 2             206           3 
 3             206           3 
 4             206           2 
 1             207           2 
 2             207           2 
 3             207           2 
 4             207           1 
 1             208           3 
 2             208           2 
 3             208           2 
 4             208           2 
 1             209           1 
 2             209           3 
 3             209           1 
 4             209           2 
 1             210           2 
 2             210           3 
 3             210           2 
 4             210           4 
 1             211           1 
 2             211           2 
 3             211           5 
 4             211           1 
 1             212           1 
 2             212           2 
 3             212           1 
 4             212           2 
 1             213           3 
 2             213           1 
 3             213           1 
 4             213           3 
 1             214           1 
 2             214           2 
 3             214           1 
 4             214           1 
 1             215           2 
 2             215           3 
 3             215           1 
 4             215           1 
 1             216           2 
 2             216           1 
 3             216           1 
 4             216           2 
 1             217           2 
 2             217           2 
 3             217           1 
 4             217           2 
 1             218           1 
 2             218           1 
 3             218           2 
 4             218           3 
 1             219           2 
 2             219           2 
 3             219           2 
 4             219           2 
 1             220           2 
 2             220           1 
 3             220           2 
 4             220           3 
 1             221           2 
 2             221           1 
 3             221           2 
 4             221           2 
 1             222           1 
 2             222           3 
 3             222           2 
 4             222           3 
 1             223           2 
 2             223           1 
 3             223           1 
 4             223           2 
 1             224           2 
 2             224           2 
 3             224           2 
 4             224           2 
 1             225           2 
 2             225           2 
 3             225           3 
 4             225           1 
 1             226           2 
 2             226           3 
 3             226           4 
 4             226           2 
 1             227           1 
 2             227           1 
 3             227           2 
 4             227           2 
 1             228           3 
 2             228           1 
 3             228           2 
 4             228           1 
 1             229           2 
 2             229           1 
 3             229           1 
 4             229           2 
 1             230           1 
 2             230           6 
 3             230           3 
 4             230           2 
 1             231           2 
 2             231           1 
 3             231           1 
 4             231           3 
 1             232           2 
 2             232           1 
 3             232           2 
 4             232           1 
 1             233           4 
 2             233           4 
 3             233           4 
 4             233           1 
 1             234           4 
 2             234           1 
 3             234           2 
 4             234           2 
 1             235           1 
 2             235           3 
 3             235           3 
 4             235           1 
 1             236           5 
 2             236           4 
 3             236           2 
 4             236           1 
 1             237           1 
 2             237           2 
 3             237           3 
 4             237           4 
 1             238           3 
 2             238           2 
 3             238           2 
 4             238           1 
 1             239           1 
 2             239           1 
 3             239           2 
 4             239           3 
 1             240           2 
 2             240           1 
 3             240           2 
 4             240           1 
 1             241           2 
 2             241           4 
 3             241           2 
 4             241           1 
 1             242           2 
 2             242           3 
 3             242           2 
 4             242           2 
 1             243           1 
 2             243           2 
 3             243           1 
 4             243           3 
 1             244           2 
 2             244           1 
 3             244           4 
 4             244           1 
 1             245           2 
 2             245           3 
 3             245           2 
 4             245           1 
 1             246           1 
 2             246           1 
 3             246           2 
 4             246           1 
 1             247           4 
 2             247           2 
 3             247           2 
 4             247           3 
 1             248           2 
 2             248           1 
 3             248           1 
 4             248           1 
 1             249           1 
 2             249           1 
 3             249           2 
 4             249           7 
 1             250           1 
 2             250           2 
 3             250           2 
 4             250           2 
 1             251           1 
 2             251           1 
 3             251           2 
 4             251           1 
 1             252           2 
 2             252           2 
 3             252           2 
 4             252           2 
 1             253           2 
 2             253           1 
 3             253           1 
 4             253           2 
 1             254           1 
 2             254           2 
 3             254           1 
 4             254           1 
 1             255           1 
 2             255           1 
 3             255           3 
 4             255           3 
 1             256           1 
 2             256           2 
 3             256           1 
 4             256           1 
 1             257           1 
 2             257           1 
 3             257           1 
 4             257           1 
 1             258           2 
 2             258           1 
 3             258           3 
 4             258           1 
 1             259           2 
 2             259           2 
 3             259           1 
 4             259           1 
 1             260           3 
 2             260           3 
 3             260           1 
 4             260           4 
 1             261           4 
 2             261           4 
 3             261           3 
 4             261           2 
 1             262           4 
 2             262           2 
 3             262           2 
 4             262           2 
 1             263           1 
 2             263           1 
 3             263           2 
 4             263           1 
 1             264           1 
 2             264           3 
 3             264           5 
 4             264           2 
 1             265           3 
 2             265           2 
 3             265           2 
 4             265           2 
 1             266           6 
 2             266           1 
 3             266           1 
 4             266           1 
 1             267           3 
 2             267           1 
 3             267           1 
 4             267           4 
 1             268           2 
 2             268           2 
 3             268           2 
 4             268           2 
 1             269           2 
 2             269           1 
 3             269           3 
 4             269           1 
 1             270           3 
 2             270           3 
 3             270           2 
 4             270           3 
 1             271           1 
 2             271           3 
 3             271           2 
 4             271           3 
 1             272           1 
 2             272           3 
 3             272           3 
 4             272           2 
 1             273           2 
 2             273           3 
 3             273           1 
 4             273           1 
 1             274           4 
 2             274           1 
 3             274           2 
 4             274           1 
 1             275           3 
 2             275           4 
 3             275           2 
 4             275           3 
 1             276           1 
 2             276           1 
 3             276           2 
 4             276           1 
 1             277           1 
 2             277           1 
 3             277           1 
 4             277           3 
 1             278           1 
 2             278           1 
 3             278           1 
 4             278           3 
 1             279           1 
 2             279           4 
 3             279           1 
 4             279           1 
 1             280           2 
 2             280           3 
 3             280           1 
 4             280           1 
 1             281           1 
 2             281           2 
 3             281           2 
 4             281           1 
 1             282           3 
 2             282           3 
 3             282           3 
 4             282           1 
 1             283           4 
 2             283           1 
 3             283           1 
 4             283           1 
 1             284           1 
 2             284           2 
 3             284           1 
 4             284           1 
 1             285           1 
 2             285           2 
 3             285           1 
 4             285           2 
 1             286           2 
 2             286           3 
 3             286           1 
 4             286           3 
 1             287           2 
 2             287           1 
 3             287           1 
 4             287           2 
 1             288           2 
 2             288           3 
 3             288           1 
 4             288           1 
 1             289           2 
 2             289           1 
 3             289           3 
 4             289           2 
 1             290           4 
 2             290           3 
 3             290           1 
 4             290           2 
 1             291           1 
 2             291           1 
 3             291           2 
 4             291           1 
 1             292           4 
 2             292           1 
 3             292           1 
 4             292           3 
 1             293           1 
 2             293           1 
 3             293           3 
 4             293           2 
 1             294           3 
 2             294           3 
 3             294           2 
 4             294           2 
 1             295           1 
 2             295           1 
 3             295           2 
 4             295           3 
 1             296           1 
 2             296           3 
 3             296           1 
 4             296           4 
 1             297           3 
 2             297           1 
 3             297           3 
 4             297           3 
 1             298           2 
 2             298           2 
 3             298           5 
 4             298           2 
 1             299           2 
 2             299           1 
 3             299           2 
 4             299           2 
 1             300           1 
 2             300           2 
 3             300           5 
 4             300           1 
 1             301           1 
 2             301           4 
 3             301           1 
 4             301           1 
 1             302           0 
 2             302           0 
 3             302           0 
 4             302           0 
