 1             1             0 
 2             1             0 
 3             1             0 
 4             1             0 
 1             2             10 
 2             2             7 
 3             2             8 
 4             2             0 
 1             3             5 
 2             3             0 
 3             3             5 
 4             3             6 
 1             4             10 
 2             4             0 
 3             4             9 
 4             4             8 
 1             5             0 
 2             5             10 
 3             5             7 
 4             5             6 
 1             6             9 
 2             6             0 
 3             6             6 
 4             6             9 
 1             7             5 
 2             7             0 
 3             7             10 
 4             7             10 
 1             8             4 
 2             8             10 
 3             8             6 
 4             8             0 
 1             9             0 
 2             9             10 
 3             9             7 
 4             9             5 
 1             10            0 
 2             10            10 
 3             10            10 
 4             10            10 
 1             11            0 
 2             11            3 
 3             11            7 
 4             11            9 
 1             12            0 
 2             12            10 
 3             12            8 
 4             12            10 
 1             13            10 
 2             13            6 
 3             13            4 
 4             13            0 
 1             14            3 
 2             14            0 
 3             14            9 
 4             14            8 
 1             15            10 
 2             15            0 
 3             15            7 
 4             15            4 
 1             16            0 
 2             16            10 
 3             16            5 
 4             16            8 
 1             17            0 
 2             17            6 
 3             17            8 
 4             17            9 
 1             18            7 
 2             18            10 
 3             18            0 
 4             18            8 
 1             19            8 
 2             19            6 
 3             19            9 
 4             19            0 
 1             20            0 
 2             20            3 
 3             20            10 
 4             20            10 
 1             21            0 
 2             21            9 
 3             21            6 
 4             21            10 
 1             22            5 
 2             22            0 
 3             22            7 
 4             22            7 
 1             23            10 
 2             23            9 
 3             23            10 
 4             23            0 
 1             24            5 
 2             24            10 
 3             24            10 
 4             24            0 
 1             25            0 
 2             25            10 
 3             25            5 
 4             25            10 
 1             26            9 
 2             26            0 
 3             26            10 
 4             26            6 
 1             27            10 
 2             27            5 
 3             27            0 
 4             27            10 
 1             28            0 
 2             28            6 
 3             28            9 
 4             28            9 
 1             29            10 
 2             29            10 
 3             29            7 
 4             29            0 
 1             30            0 
 2             30            5 
 3             30            5 
 4             30            8 
 1             31            10 
 2             31            9 
 3             31            5 
 4             31            0 
 1             32            10 
 2             32            8 
 3             32            10 
 4             32            0 
 1             33            0 
 2             33            6 
 3             33            6 
 4             33            10 
 1             34            0 
 2             34            10 
 3             34            9 
 4             34            9 
 1             35            0 
 2             35            5 
 3             35            7 
 4             35            10 
 1             36            0 
 2             36            7 
 3             36            3 
 4             36            10 
 1             37            7 
 2             37            7 
 3             37            6 
 4             37            0 
 1             38            8 
 2             38            6 
 3             38            6 
 4             38            0 
 1             39            10 
 2             39            10 
 3             39            0 
 4             39            8 
 1             40            5 
 2             40            8 
 3             40            0 
 4             40            9 
 1             41            7 
 2             41            0 
 3             41            10 
 4             41            8 
 1             42            0 
 2             42            10 
 3             42            10 
 4             42            7 
 1             43            9 
 2             43            9 
 3             43            10 
 4             43            0 
 1             44            0 
 2             44            7 
 3             44            10 
 4             44            7 
 1             45            0 
 2             45            10 
 3             45            6 
 4             45            10 
 1             46            6 
 2             46            2 
 3             46            7 
 4             46            0 
 1             47            7 
 2             47            10 
 3             47            7 
 4             47            0 
 1             48            0 
 2             48            8 
 3             48            10 
 4             48            9 
 1             49            10 
 2             49            0 
 3             49            9 
 4             49            9 
 1             50            6 
 2             50            10 
 3             50            7 
 4             50            0 
 1             51            0 
 2             51            6 
 3             51            10 
 4             51            10 
 1             52            0 
 2             52            6 
 3             52            8 
 4             52            4 
 1             53            9 
 2             53            10 
 3             53            0 
 4             53            10 
 1             54            6 
 2             54            7 
 3             54            9 
 4             54            0 
 1             55            0 
 2             55            5 
 3             55            7 
 4             55            7 
 1             56            10 
 2             56            0 
 3             56            10 
 4             56            9 
 1             57            8 
 2             57            0 
 3             57            10 
 4             57            10 
 1             58            10 
 2             58            10 
 3             58            10 
 4             58            0 
 1             59            3 
 2             59            10 
 3             59            6 
 4             59            0 
 1             60            8 
 2             60            0 
 3             60            7 
 4             60            10 
 1             61            0 
 2             61            9 
 3             61            10 
 4             61            9 
 1             62            5 
 2             62            0 
 3             62            4 
 4             62            9 
 1             63            8 
 2             63            6 
 3             63            0 
 4             63            10 
 1             64            0 
 2             64            5 
 3             64            9 
 4             64            7 
 1             65            9 
 2             65            10 
 3             65            0 
 4             65            8 
 1             66            6 
 2             66            0 
 3             66            4 
 4             66            4 
 1             67            9 
 2             67            9 
 3             67            7 
 4             67            0 
 1             68            10 
 2             68            9 
 3             68            3 
 4             68            0 
 1             69            8 
 2             69            10 
 3             69            0 
 4             69            10 
 1             70            9 
 2             70            6 
 3             70            0 
 4             70            5 
 1             71            6 
 2             71            10 
 3             71            0 
 4             71            5 
 1             72            5 
 2             72            0 
 3             72            7 
 4             72            9 
 1             73            0 
 2             73            9 
 3             73            6 
 4             73            5 
 1             74            8 
 2             74            0 
 3             74            10 
 4             74            10 
 1             75            0 
 2             75            6 
 3             75            9 
 4             75            9 
 1             76            7 
 2             76            0 
 3             76            7 
 4             76            10 
 1             77            7 
 2             77            0 
 3             77            10 
 4             77            10 
 1             78            10 
 2             78            9 
 3             78            0 
 4             78            8 
 1             79            7 
 2             79            10 
 3             79            0 
 4             79            6 
 1             80            10 
 2             80            4 
 3             80            10 
 4             80            0 
 1             81            7 
 2             81            0 
 3             81            10 
 4             81            10 
 1             82            10 
 2             82            0 
 3             82            7 
 4             82            9 
 1             83            3 
 2             83            0 
 3             83            10 
 4             83            10 
 1             84            7 
 2             84            8 
 3             84            0 
 4             84            7 
 1             85            8 
 2             85            10 
 3             85            10 
 4             85            0 
 1             86            4 
 2             86            10 
 3             86            0 
 4             86            10 
 1             87            9 
 2             87            10 
 3             87            5 
 4             87            0 
 1             88            0 
 2             88            10 
 3             88            10 
 4             88            6 
 1             89            0 
 2             89            10 
 3             89            8 
 4             89            5 
 1             90            8 
 2             90            6 
 3             90            10 
 4             90            0 
 1             91            0 
 2             91            5 
 3             91            4 
 4             91            5 
 1             92            10 
 2             92            0 
 3             92            9 
 4             92            3 
 1             93            10 
 2             93            5 
 3             93            3 
 4             93            0 
 1             94            5 
 2             94            9 
 3             94            0 
 4             94            6 
 1             95            10 
 2             95            0 
 3             95            5 
 4             95            6 
 1             96            5 
 2             96            0 
 3             96            10 
 4             96            4 
 1             97            9 
 2             97            7 
 3             97            7 
 4             97            0 
 1             98            10 
 2             98            3 
 3             98            0 
 4             98            10 
 1             99            8 
 2             99            4 
 3             99            0 
 4             99            10 
 1             100           0 
 2             100           7 
 3             100           9 
 4             100           6 
 1             101           7 
 2             101           5 
 3             101           0 
 4             101           10 
 1             102           9 
 2             102           0 
 3             102           10 
 4             102           9 
 1             103           7 
 2             103           0 
 3             103           7 
 4             103           5 
 1             104           6 
 2             104           5 
 3             104           9 
 4             104           0 
 1             105           0 
 2             105           10 
 3             105           10 
 4             105           6 
 1             106           7 
 2             106           0 
 3             106           9 
 4             106           4 
 1             107           5 
 2             107           7 
 3             107           6 
 4             107           0 
 1             108           0 
 2             108           9 
 3             108           9 
 4             108           6 
 1             109           10 
 2             109           0 
 3             109           9 
 4             109           10 
 1             110           10 
 2             110           4 
 3             110           0 
 4             110           5 
 1             111           4 
 2             111           8 
 3             111           0 
 4             111           6 
 1             112           8 
 2             112           10 
 3             112           0 
 4             112           10 
 1             113           7 
 2             113           0 
 3             113           8 
 4             113           5 
 1             114           6 
 2             114           10 
 3             114           7 
 4             114           0 
 1             115           9 
 2             115           0 
 3             115           6 
 4             115           5 
 1             116           0 
 2             116           10 
 3             116           5 
 4             116           10 
 1             117           9 
 2             117           4 
 3             117           0 
 4             117           7 
 1             118           10 
 2             118           0 
 3             118           10 
 4             118           8 
 1             119           0 
 2             119           10 
 3             119           10 
 4             119           8 
 1             120           6 
 2             120           6 
 3             120           8 
 4             120           0 
 1             121           10 
 2             121           6 
 3             121           10 
 4             121           0 
 1             122           10 
 2             122           10 
 3             122           8 
 4             122           0 
 1             123           10 
 2             123           2 
 3             123           0 
 4             123           7 
 1             124           10 
 2             124           10 
 3             124           5 
 4             124           0 
 1             125           6 
 2             125           7 
 3             125           6 
 4             125           0 
 1             126           10 
 2             126           9 
 3             126           0 
 4             126           10 
 1             127           4 
 2             127           7 
 3             127           0 
 4             127           10 
 1             128           10 
 2             128           0 
 3             128           10 
 4             128           10 
 1             129           0 
 2             129           10 
 3             129           4 
 4             129           5 
 1             130           8 
 2             130           10 
 3             130           0 
 4             130           7 
 1             131           0 
 2             131           9 
 3             131           8 
 4             131           9 
 1             132           0 
 2             132           7 
 3             132           10 
 4             132           9 
 1             133           4 
 2             133           9 
 3             133           5 
 4             133           0 
 1             134           10 
 2             134           10 
 3             134           7 
 4             134           0 
 1             135           6 
 2             135           9 
 3             135           8 
 4             135           0 
 1             136           10 
 2             136           8 
 3             136           0 
 4             136           10 
 1             137           0 
 2             137           7 
 3             137           6 
 4             137           6 
 1             138           10 
 2             138           0 
 3             138           10 
 4             138           6 
 1             139           5 
 2             139           10 
 3             139           10 
 4             139           0 
 1             140           10 
 2             140           9 
 3             140           0 
 4             140           10 
 1             141           0 
 2             141           5 
 3             141           5 
 4             141           10 
 1             142           5 
 2             142           6 
 3             142           10 
 4             142           0 
 1             143           10 
 2             143           7 
 3             143           0 
 4             143           9 
 1             144           6 
 2             144           9 
 3             144           0 
 4             144           2 
 1             145           9 
 2             145           9 
 3             145           4 
 4             145           0 
 1             146           5 
 2             146           0 
 3             146           7 
 4             146           8 
 1             147           0 
 2             147           8 
 3             147           10 
 4             147           8 
 1             148           3 
 2             148           10 
 3             148           9 
 4             148           0 
 1             149           8 
 2             149           9 
 3             149           7 
 4             149           0 
 1             150           9 
 2             150           0 
 3             150           10 
 4             150           10 
 1             151           10 
 2             151           7 
 3             151           10 
 4             151           0 
 1             152           7 
 2             152           0 
 3             152           9 
 4             152           5 
 1             153           0 
 2             153           10 
 3             153           8 
 4             153           10 
 1             154           0 
 2             154           6 
 3             154           8 
 4             154           10 
 1             155           8 
 2             155           10 
 3             155           0 
 4             155           6 
 1             156           10 
 2             156           6 
 3             156           0 
 4             156           8 
 1             157           0 
 2             157           9 
 3             157           10 
 4             157           10 
 1             158           8 
 2             158           10 
 3             158           0 
 4             158           8 
 1             159           10 
 2             159           9 
 3             159           10 
 4             159           0 
 1             160           10 
 2             160           0 
 3             160           8 
 4             160           9 
 1             161           3 
 2             161           0 
 3             161           7 
 4             161           7 
 1             162           4 
 2             162           5 
 3             162           9 
 4             162           0 
 1             163           7 
 2             163           8 
 3             163           10 
 4             163           0 
 1             164           9 
 2             164           0 
 3             164           7 
 4             164           9 
 1             165           8 
 2             165           5 
 3             165           0 
 4             165           9 
 1             166           9 
 2             166           9 
 3             166           10 
 4             166           0 
 1             167           7 
 2             167           10 
 3             167           10 
 4             167           0 
 1             168           0 
 2             168           10 
 3             168           9 
 4             168           7 
 1             169           0 
 2             169           10 
 3             169           6 
 4             169           6 
 1             170           0 
 2             170           5 
 3             170           7 
 4             170           10 
 1             171           0 
 2             171           5 
 3             171           7 
 4             171           2 
 1             172           9 
 2             172           0 
 3             172           9 
 4             172           10 
 1             173           8 
 2             173           8 
 3             173           7 
 4             173           0 
 1             174           10 
 2             174           6 
 3             174           0 
 4             174           6 
 1             175           10 
 2             175           7 
 3             175           10 
 4             175           0 
 1             176           8 
 2             176           0 
 3             176           9 
 4             176           8 
 1             177           10 
 2             177           8 
 3             177           7 
 4             177           0 
 1             178           0 
 2             178           10 
 3             178           7 
 4             178           10 
 1             179           8 
 2             179           6 
 3             179           8 
 4             179           0 
 1             180           6 
 2             180           10 
 3             180           0 
 4             180           8 
 1             181           7 
 2             181           8 
 3             181           0 
 4             181           7 
 1             182           10 
 2             182           0 
 3             182           7 
 4             182           7 
 1             183           10 
 2             183           0 
 3             183           10 
 4             183           10 
 1             184           9 
 2             184           8 
 3             184           7 
 4             184           0 
 1             185           0 
 2             185           10 
 3             185           7 
 4             185           9 
 1             186           9 
 2             186           10 
 3             186           8 
 4             186           0 
 1             187           5 
 2             187           0 
 3             187           10 
 4             187           8 
 1             188           9 
 2             188           6 
 3             188           0 
 4             188           9 
 1             189           6 
 2             189           5 
 3             189           6 
 4             189           0 
 1             190           10 
 2             190           10 
 3             190           0 
 4             190           7 
 1             191           5 
 2             191           0 
 3             191           8 
 4             191           5 
 1             192           8 
 2             192           8 
 3             192           8 
 4             192           0 
 1             193           0 
 2             193           9 
 3             193           7 
 4             193           10 
 1             194           0 
 2             194           10 
 3             194           9 
 4             194           7 
 1             195           0 
 2             195           8 
 3             195           9 
 4             195           9 
 1             196           0 
 2             196           9 
 3             196           7 
 4             196           10 
 1             197           0 
 2             197           10 
 3             197           10 
 4             197           5 
 1             198           8 
 2             198           8 
 3             198           0 
 4             198           10 
 1             199           10 
 2             199           0 
 3             199           8 
 4             199           4 
 1             200           0 
 2             200           8 
 3             200           7 
 4             200           5 
 1             201           0 
 2             201           10 
 3             201           6 
 4             201           6 
 1             202           7 
 2             202           5 
 3             202           10 
 4             202           0 
 1             203           0 
 2             203           6 
 3             203           5 
 4             203           8 
 1             204           10 
 2             204           9 
 3             204           8 
 4             204           0 
 1             205           10 
 2             205           0 
 3             205           9 
 4             205           7 
 1             206           7 
 2             206           10 
 3             206           0 
 4             206           10 
 1             207           4 
 2             207           10 
 3             207           4 
 4             207           0 
 1             208           9 
 2             208           10 
 3             208           10 
 4             208           0 
 1             209           8 
 2             209           0 
 3             209           7 
 4             209           10 
 1             210           8 
 2             210           10 
 3             210           10 
 4             210           0 
 1             211           8 
 2             211           0 
 3             211           9 
 4             211           9 
 1             212           10 
 2             212           7 
 3             212           0 
 4             212           10 
 1             213           0 
 2             213           6 
 3             213           10 
 4             213           6 
 1             214           7 
 2             214           7 
 3             214           0 
 4             214           10 
 1             215           8 
 2             215           0 
 3             215           7 
 4             215           7 
 1             216           0 
 2             216           9 
 3             216           5 
 4             216           9 
 1             217           7 
 2             217           0 
 3             217           8 
 4             217           9 
 1             218           9 
 2             218           10 
 3             218           10 
 4             218           0 
 1             219           9 
 2             219           10 
 3             219           0 
 4             219           5 
 1             220           0 
 2             220           9 
 3             220           10 
 4             220           6 
 1             221           3 
 2             221           5 
 3             221           10 
 4             221           0 
 1             222           8 
 2             222           9 
 3             222           0 
 4             222           7 
 1             223           7 
 2             223           5 
 3             223           0 
 4             223           6 
 1             224           10 
 2             224           0 
 3             224           10 
 4             224           10 
 1             225           10 
 2             225           0 
 3             225           8 
 4             225           8 
 1             226           10 
 2             226           10 
 3             226           3 
 4             226           0 
 1             227           5 
 2             227           0 
 3             227           10 
 4             227           8 
 1             228           0 
 2             228           10 
 3             228           7 
 4             228           10 
 1             229           0 
 2             229           9 
 3             229           7 
 4             229           6 
 1             230           8 
 2             230           6 
 3             230           0 
 4             230           7 
 1             231           6 
 2             231           9 
 3             231           10 
 4             231           0 
 1             232           10 
 2             232           10 
 3             232           7 
 4             232           0 
 1             233           8 
 2             233           10 
 3             233           8 
 4             233           0 
 1             234           7 
 2             234           0 
 3             234           10 
 4             234           9 
 1             235           9 
 2             235           10 
 3             235           8 
 4             235           0 
 1             236           5 
 2             236           7 
 3             236           0 
 4             236           10 
 1             237           7 
 2             237           0 
 3             237           6 
 4             237           9 
 1             238           0 
 2             238           8 
 3             238           3 
 4             238           9 
 1             239           8 
 2             239           10 
 3             239           9 
 4             239           0 
 1             240           9 
 2             240           10 
 3             240           0 
 4             240           10 
 1             241           7 
 2             241           0 
 3             241           10 
 4             241           9 
 1             242           0 
 2             242           10 
 3             242           6 
 4             242           6 
 1             243           6 
 2             243           0 
 3             243           10 
 4             243           6 
 1             244           5 
 2             244           5 
 3             244           10 
 4             244           0 
 1             245           0 
 2             245           8 
 3             245           4 
 4             245           7 
 1             246           8 
 2             246           9 
 3             246           8 
 4             246           0 
 1             247           10 
 2             247           0 
 3             247           10 
 4             247           10 
 1             248           10 
 2             248           0 
 3             248           10 
 4             248           10 
 1             249           10 
 2             249           0 
 3             249           5 
 4             249           10 
 1             250           0 
 2             250           7 
 3             250           10 
 4             250           7 
 1             251           10 
 2             251           10 
 3             251           9 
 4             251           0 
 1             252           10 
 2             252           6 
 3             252           8 
 4             252           0 
 1             253           0 
 2             253           8 
 3             253           10 
 4             253           10 
 1             254           10 
 2             254           8 
 3             254           0 
 4             254           10 
 1             255           10 
 2             255           7 
 3             255           0 
 4             255           7 
 1             256           7 
 2             256           10 
 3             256           0 
 4             256           8 
 1             257           10 
 2             257           8 
 3             257           0 
 4             257           9 
 1             258           10 
 2             258           0 
 3             258           8 
 4             258           10 
 1             259           9 
 2             259           6 
 3             259           0 
 4             259           9 
 1             260           8 
 2             260           0 
 3             260           10 
 4             260           10 
 1             261           7 
 2             261           8 
 3             261           0 
 4             261           10 
 1             262           0 
 2             262           4 
 3             262           7 
 4             262           9 
 1             263           0 
 2             263           7 
 3             263           8 
 4             263           10 
 1             264           0 
 2             264           8 
 3             264           10 
 4             264           7 
 1             265           0 
 2             265           10 
 3             265           9 
 4             265           6 
 1             266           6 
 2             266           0 
 3             266           8 
 4             266           9 
 1             267           9 
 2             267           10 
 3             267           6 
 4             267           0 
 1             268           7 
 2             268           6 
 3             268           0 
 4             268           10 
 1             269           9 
 2             269           9 
 3             269           0 
 4             269           5 
 1             270           10 
 2             270           8 
 3             270           10 
 4             270           0 
 1             271           10 
 2             271           0 
 3             271           9 
 4             271           9 
 1             272           0 
 2             272           10 
 3             272           10 
 4             272           9 
 1             273           7 
 2             273           6 
 3             273           0 
 4             273           7 
 1             274           10 
 2             274           8 
 3             274           9 
 4             274           0 
 1             275           8 
 2             275           9 
 3             275           8 
 4             275           0 
 1             276           6 
 2             276           0 
 3             276           8 
 4             276           8 
 1             277           10 
 2             277           0 
 3             277           10 
 4             277           9 
 1             278           8 
 2             278           0 
 3             278           6 
 4             278           10 
 1             279           0 
 2             279           6 
 3             279           10 
 4             279           6 
 1             280           0 
 2             280           6 
 3             280           7 
 4             280           10 
 1             281           0 
 2             281           10 
 3             281           5 
 4             281           6 
 1             282           10 
 2             282           5 
 3             282           8 
 4             282           0 
 1             283           10 
 2             283           0 
 3             283           7 
 4             283           10 
 1             284           10 
 2             284           7 
 3             284           0 
 4             284           10 
 1             285           0 
 2             285           10 
 3             285           4 
 4             285           6 
 1             286           10 
 2             286           0 
 3             286           9 
 4             286           6 
 1             287           0 
 2             287           10 
 3             287           10 
 4             287           8 
 1             288           8 
 2             288           10 
 3             288           10 
 4             288           0 
 1             289           10 
 2             289           10 
 3             289           0 
 4             289           4 
 1             290           4 
 2             290           4 
 3             290           10 
 4             290           0 
 1             291           8 
 2             291           7 
 3             291           0 
 4             291           8 
 1             292           10 
 2             292           10 
 3             292           10 
 4             292           0 
 1             293           10 
 2             293           7 
 3             293           0 
 4             293           10 
 1             294           0 
 2             294           7 
 3             294           6 
 4             294           6 
 1             295           8 
 2             295           8 
 3             295           10 
 4             295           0 
 1             296           0 
 2             296           8 
 3             296           10 
 4             296           10 
 1             297           10 
 2             297           5 
 3             297           10 
 4             297           0 
 1             298           10 
 2             298           10 
 3             298           0 
 4             298           8 
 1             299           5 
 2             299           10 
 3             299           8 
 4             299           0 
 1             300           10 
 2             300           0 
 3             300           10 
 4             300           8 
 1             301           10 
 2             301           10 
 3             301           8 
 4             301           0 
 1             302           0 
 2             302           0 
 3             302           0 
 4             302           0 
