 1             1             0 
 2             1             0 
 3             1             0 
 4             1             0 
 1             2             0 
 2             2             4 
 3             2             5 
 4             2             0 
 1             3             5 
 2             3             6 
 3             3             0 
 4             3             0 
 1             4             9 
 2             4             0 
 3             4             0 
 4             4             6 
 1             5             0 
 2             5             0 
 3             5             10 
 4             5             8 
 1             6             9 
 2             6             0 
 3             6             4 
 4             6             0 
 1             7             10 
 2             7             0 
 3             7             8 
 4             7             0 
 1             8             0 
 2             8             0 
 3             8             4 
 4             8             8 
 1             9             0 
 2             9             0 
 3             9             10 
 4             9             8 
 1             10            0 
 2             10            9 
 3             10            8 
 4             10            0 
 1             11            10 
 2             11            10 
 3             11            0 
 4             11            0 
 1             12            0 
 2             12            6 
 3             12            7 
 4             12            0 
 1             13            0 
 2             13            0 
 3             13            6 
 4             13            10 
 1             14            0 
 2             14            0 
 3             14            10 
 4             14            9 
 1             15            0 
 2             15            10 
 3             15            0 
 4             15            10 
 1             16            6 
 2             16            10 
 3             16            0 
 4             16            0 
 1             17            10 
 2             17            0 
 3             17            10 
 4             17            0 
 1             18            8 
 2             18            0 
 3             18            10 
 4             18            0 
 1             19            4 
 2             19            0 
 3             19            5 
 4             19            0 
 1             20            0 
 2             20            8 
 3             20            10 
 4             20            0 
 1             21            0 
 2             21            8 
 3             21            0 
 4             21            4 
 1             22            0 
 2             22            7 
 3             22            10 
 4             22            0 
 1             23            0 
 2             23            0 
 3             23            9 
 4             23            9 
 1             24            0 
 2             24            9 
 3             24            0 
 4             24            8 
 1             25            0 
 2             25            0 
 3             25            10 
 4             25            5 
 1             26            10 
 2             26            7 
 3             26            0 
 4             26            0 
 1             27            0 
 2             27            0 
 3             27            9 
 4             27            10 
 1             28            5 
 2             28            5 
 3             28            0 
 4             28            0 
 1             29            10 
 2             29            0 
 3             29            0 
 4             29            9 
 1             30            0 
 2             30            9 
 3             30            0 
 4             30            7 
 1             31            0 
 2             31            7 
 3             31            0 
 4             31            10 
 1             32            0 
 2             32            10 
 3             32            7 
 4             32            0 
 1             33            0 
 2             33            0 
 3             33            6 
 4             33            10 
 1             34            7 
 2             34            0 
 3             34            10 
 4             34            0 
 1             35            0 
 2             35            10 
 3             35            9 
 4             35            0 
 1             36            8 
 2             36            0 
 3             36            0 
 4             36            3 
 1             37            0 
 2             37            0 
 3             37            10 
 4             37            6 
 1             38            4 
 2             38            10 
 3             38            0 
 4             38            0 
 1             39            0 
 2             39            0 
 3             39            10 
 4             39            7 
 1             40            0 
 2             40            10 
 3             40            8 
 4             40            0 
 1             41            0 
 2             41            0 
 3             41            10 
 4             41            6 
 1             42            6 
 2             42            0 
 3             42            7 
 4             42            0 
 1             43            0 
 2             43            7 
 3             43            10 
 4             43            0 
 1             44            5 
 2             44            10 
 3             44            0 
 4             44            0 
 1             45            0 
 2             45            6 
 3             45            10 
 4             45            0 
 1             46            4 
 2             46            7 
 3             46            0 
 4             46            0 
 1             47            0 
 2             47            6 
 3             47            10 
 4             47            0 
 1             48            0 
 2             48            10 
 3             48            8 
 4             48            0 
 1             49            6 
 2             49            0 
 3             49            8 
 4             49            0 
 1             50            9 
 2             50            0 
 3             50            0 
 4             50            10 
 1             51            0 
 2             51            6 
 3             51            10 
 4             51            0 
 1             52            0 
 2             52            7 
 3             52            10 
 4             52            0 
 1             53            3 
 2             53            10 
 3             53            0 
 4             53            0 
 1             54            0 
 2             54            7 
 3             54            0 
 4             54            10 
 1             55            0 
 2             55            8 
 3             55            7 
 4             55            0 
 1             56            6 
 2             56            4 
 3             56            0 
 4             56            0 
 1             57            10 
 2             57            0 
 3             57            0 
 4             57            10 
 1             58            0 
 2             58            10 
 3             58            9 
 4             58            0 
 1             59            9 
 2             59            0 
 3             59            0 
 4             59            10 
 1             60            0 
 2             60            7 
 3             60            8 
 4             60            0 
 1             61            4 
 2             61            5 
 3             61            0 
 4             61            0 
 1             62            9 
 2             62            0 
 3             62            10 
 4             62            0 
 1             63            10 
 2             63            0 
 3             63            10 
 4             63            0 
 1             64            0 
 2             64            9 
 3             64            7 
 4             64            0 
 1             65            0 
 2             65            0 
 3             65            8 
 4             65            9 
 1             66            6 
 2             66            3 
 3             66            0 
 4             66            0 
 1             67            10 
 2             67            0 
 3             67            0 
 4             67            9 
 1             68            8 
 2             68            9 
 3             68            0 
 4             68            0 
 1             69            9 
 2             69            0 
 3             69            10 
 4             69            0 
 1             70            0 
 2             70            8 
 3             70            10 
 4             70            0 
 1             71            0 
 2             71            7 
 3             71            7 
 4             71            0 
 1             72            10 
 2             72            0 
 3             72            0 
 4             72            5 
 1             73            0 
 2             73            10 
 3             73            10 
 4             73            0 
 1             74            9 
 2             74            0 
 3             74            7 
 4             74            0 
 1             75            0 
 2             75            5 
 3             75            0 
 4             75            6 
 1             76            0 
 2             76            9 
 3             76            0 
 4             76            10 
 1             77            7 
 2             77            0 
 3             77            0 
 4             77            10 
 1             78            0 
 2             78            10 
 3             78            0 
 4             78            5 
 1             79            8 
 2             79            0 
 3             79            0 
 4             79            5 
 1             80            10 
 2             80            10 
 3             80            0 
 4             80            0 
 1             81            9 
 2             81            0 
 3             81            0 
 4             81            10 
 1             82            0 
 2             82            10 
 3             82            0 
 4             82            10 
 1             83            0 
 2             83            0 
 3             83            10 
 4             83            8 
 1             84            0 
 2             84            9 
 3             84            7 
 4             84            0 
 1             85            0 
 2             85            0 
 3             85            10 
 4             85            10 
 1             86            0 
 2             86            0 
 3             86            8 
 4             86            7 
 1             87            0 
 2             87            8 
 3             87            0 
 4             87            9 
 1             88            7 
 2             88            0 
 3             88            9 
 4             88            0 
 1             89            0 
 2             89            7 
 3             89            0 
 4             89            7 
 1             90            0 
 2             90            10 
 3             90            0 
 4             90            8 
 1             91            0 
 2             91            10 
 3             91            0 
 4             91            8 
 1             92            8 
 2             92            7 
 3             92            0 
 4             92            0 
 1             93            9 
 2             93            0 
 3             93            0 
 4             93            10 
 1             94            0 
 2             94            0 
 3             94            6 
 4             94            9 
 1             95            0 
 2             95            4 
 3             95            10 
 4             95            0 
 1             96            0 
 2             96            7 
 3             96            8 
 4             96            0 
 1             97            9 
 2             97            0 
 3             97            0 
 4             97            8 
 1             98            0 
 2             98            4 
 3             98            0 
 4             98            7 
 1             99            4 
 2             99            0 
 3             99            0 
 4             99            10 
 1             100           10 
 2             100           0 
 3             100           0 
 4             100           9 
 1             101           0 
 2             101           9 
 3             101           5 
 4             101           0 
 1             102           0 
 2             102           10 
 3             102           10 
 4             102           0 
 1             103           0 
 2             103           5 
 3             103           0 
 4             103           6 
 1             104           0 
 2             104           0 
 3             104           7 
 4             104           9 
 1             105           0 
 2             105           10 
 3             105           0 
 4             105           7 
 1             106           5 
 2             106           0 
 3             106           0 
 4             106           6 
 1             107           0 
 2             107           10 
 3             107           0 
 4             107           10 
 1             108           0 
 2             108           10 
 3             108           0 
 4             108           10 
 1             109           10 
 2             109           0 
 3             109           0 
 4             109           9 
 1             110           0 
 2             110           10 
 3             110           0 
 4             110           6 
 1             111           10 
 2             111           0 
 3             111           0 
 4             111           8 
 1             112           9 
 2             112           0 
 3             112           0 
 4             112           10 
 1             113           0 
 2             113           0 
 3             113           9 
 4             113           2 
 1             114           0 
 2             114           8 
 3             114           10 
 4             114           0 
 1             115           5 
 2             115           0 
 3             115           0 
 4             115           5 
 1             116           3 
 2             116           0 
 3             116           6 
 4             116           0 
 1             117           4 
 2             117           0 
 3             117           0 
 4             117           8 
 1             118           10 
 2             118           10 
 3             118           0 
 4             118           0 
 1             119           10 
 2             119           7 
 3             119           0 
 4             119           0 
 1             120           0 
 2             120           9 
 3             120           0 
 4             120           8 
 1             121           0 
 2             121           0 
 3             121           6 
 4             121           8 
 1             122           0 
 2             122           0 
 3             122           10 
 4             122           5 
 1             123           0 
 2             123           0 
 3             123           6 
 4             123           8 
 1             124           0 
 2             124           0 
 3             124           10 
 4             124           8 
 1             125           0 
 2             125           0 
 3             125           8 
 4             125           10 
 1             126           0 
 2             126           0 
 3             126           10 
 4             126           4 
 1             127           0 
 2             127           0 
 3             127           8 
 4             127           8 
 1             128           10 
 2             128           0 
 3             128           9 
 4             128           0 
 1             129           0 
 2             129           7 
 3             129           0 
 4             129           10 
 1             130           10 
 2             130           0 
 3             130           10 
 4             130           0 
 1             131           8 
 2             131           0 
 3             131           9 
 4             131           0 
 1             132           0 
 2             132           8 
 3             132           0 
 4             132           9 
 1             133           0 
 2             133           8 
 3             133           6 
 4             133           0 
 1             134           10 
 2             134           0 
 3             134           0 
 4             134           6 
 1             135           9 
 2             135           0 
 3             135           3 
 4             135           0 
 1             136           10 
 2             136           0 
 3             136           6 
 4             136           0 
 1             137           0 
 2             137           8 
 3             137           10 
 4             137           0 
 1             138           4 
 2             138           0 
 3             138           7 
 4             138           0 
 1             139           9 
 2             139           0 
 3             139           0 
 4             139           7 
 1             140           0 
 2             140           10 
 3             140           10 
 4             140           0 
 1             141           9 
 2             141           10 
 3             141           0 
 4             141           0 
 1             142           6 
 2             142           10 
 3             142           0 
 4             142           0 
 1             143           10 
 2             143           0 
 3             143           8 
 4             143           0 
 1             144           8 
 2             144           0 
 3             144           0 
 4             144           10 
 1             145           8 
 2             145           8 
 3             145           0 
 4             145           0 
 1             146           10 
 2             146           10 
 3             146           0 
 4             146           0 
 1             147           0 
 2             147           10 
 3             147           0 
 4             147           9 
 1             148           0 
 2             148           10 
 3             148           6 
 4             148           0 
 1             149           0 
 2             149           10 
 3             149           4 
 4             149           0 
 1             150           0 
 2             150           9 
 3             150           3 
 4             150           0 
 1             151           10 
 2             151           7 
 3             151           0 
 4             151           0 
 1             152           7 
 2             152           0 
 3             152           5 
 4             152           0 
 1             153           5 
 2             153           8 
 3             153           0 
 4             153           0 
 1             154           0 
 2             154           5 
 3             154           7 
 4             154           0 
 1             155           0 
 2             155           10 
 3             155           0 
 4             155           10 
 1             156           10 
 2             156           10 
 3             156           0 
 4             156           0 
 1             157           0 
 2             157           0 
 3             157           9 
 4             157           10 
 1             158           0 
 2             158           4 
 3             158           8 
 4             158           0 
 1             159           0 
 2             159           8 
 3             159           8 
 4             159           0 
 1             160           0 
 2             160           0 
 3             160           7 
 4             160           4 
 1             161           0 
 2             161           0 
 3             161           9 
 4             161           10 
 1             162           6 
 2             162           0 
 3             162           0 
 4             162           10 
 1             163           7 
 2             163           8 
 3             163           0 
 4             163           0 
 1             164           0 
 2             164           10 
 3             164           0 
 4             164           7 
 1             165           0 
 2             165           0 
 3             165           10 
 4             165           10 
 1             166           0 
 2             166           10 
 3             166           8 
 4             166           0 
 1             167           10 
 2             167           8 
 3             167           0 
 4             167           0 
 1             168           10 
 2             168           0 
 3             168           0 
 4             168           3 
 1             169           0 
 2             169           9 
 3             169           5 
 4             169           0 
 1             170           5 
 2             170           0 
 3             170           7 
 4             170           0 
 1             171           10 
 2             171           7 
 3             171           0 
 4             171           0 
 1             172           0 
 2             172           7 
 3             172           0 
 4             172           8 
 1             173           0 
 2             173           7 
 3             173           0 
 4             173           10 
 1             174           10 
 2             174           0 
 3             174           0 
 4             174           9 
 1             175           10 
 2             175           0 
 3             175           10 
 4             175           0 
 1             176           10 
 2             176           0 
 3             176           0 
 4             176           10 
 1             177           0 
 2             177           10 
 3             177           10 
 4             177           0 
 1             178           9 
 2             178           0 
 3             178           0 
 4             178           10 
 1             179           10 
 2             179           6 
 3             179           0 
 4             179           0 
 1             180           0 
 2             180           10 
 3             180           0 
 4             180           6 
 1             181           0 
 2             181           9 
 3             181           0 
 4             181           8 
 1             182           6 
 2             182           0 
 3             182           5 
 4             182           0 
 1             183           9 
 2             183           8 
 3             183           0 
 4             183           0 
 1             184           8 
 2             184           0 
 3             184           0 
 4             184           10 
 1             185           8 
 2             185           0 
 3             185           9 
 4             185           0 
 1             186           9 
 2             186           0 
 3             186           0 
 4             186           8 
 1             187           9 
 2             187           0 
 3             187           7 
 4             187           0 
 1             188           0 
 2             188           0 
 3             188           6 
 4             188           9 
 1             189           9 
 2             189           0 
 3             189           10 
 4             189           0 
 1             190           6 
 2             190           0 
 3             190           0 
 4             190           9 
 1             191           0 
 2             191           0 
 3             191           8 
 4             191           10 
 1             192           8 
 2             192           0 
 3             192           0 
 4             192           9 
 1             193           6 
 2             193           7 
 3             193           0 
 4             193           0 
 1             194           9 
 2             194           6 
 3             194           0 
 4             194           0 
 1             195           0 
 2             195           0 
 3             195           7 
 4             195           6 
 1             196           0 
 2             196           7 
 3             196           5 
 4             196           0 
 1             197           0 
 2             197           0 
 3             197           10 
 4             197           10 
 1             198           10 
 2             198           0 
 3             198           0 
 4             198           6 
 1             199           10 
 2             199           3 
 3             199           0 
 4             199           0 
 1             200           0 
 2             200           0 
 3             200           5 
 4             200           8 
 1             201           0 
 2             201           9 
 3             201           0 
 4             201           7 
 1             202           10 
 2             202           0 
 3             202           7 
 4             202           0 
 1             203           9 
 2             203           0 
 3             203           0 
 4             203           4 
 1             204           0 
 2             204           0 
 3             204           8 
 4             204           7 
 1             205           8 
 2             205           6 
 3             205           0 
 4             205           0 
 1             206           0 
 2             206           0 
 3             206           8 
 4             206           9 
 1             207           0 
 2             207           0 
 3             207           10 
 4             207           9 
 1             208           7 
 2             208           0 
 3             208           0 
 4             208           10 
 1             209           6 
 2             209           8 
 3             209           0 
 4             209           0 
 1             210           8 
 2             210           9 
 3             210           0 
 4             210           0 
 1             211           0 
 2             211           7 
 3             211           0 
 4             211           8 
 1             212           7 
 2             212           0 
 3             212           0 
 4             212           10 
 1             213           8 
 2             213           0 
 3             213           0 
 4             213           7 
 1             214           8 
 2             214           0 
 3             214           9 
 4             214           0 
 1             215           7 
 2             215           0 
 3             215           0 
 4             215           6 
 1             216           10 
 2             216           0 
 3             216           0 
 4             216           6 
 1             217           0 
 2             217           7 
 3             217           3 
 4             217           0 
 1             218           8 
 2             218           8 
 3             218           0 
 4             218           0 
 1             219           0 
 2             219           8 
 3             219           4 
 4             219           0 
 1             220           10 
 2             220           0 
 3             220           10 
 4             220           0 
 1             221           8 
 2             221           0 
 3             221           7 
 4             221           0 
 1             222           0 
 2             222           6 
 3             222           0 
 4             222           4 
 1             223           0 
 2             223           8 
 3             223           0 
 4             223           8 
 1             224           10 
 2             224           7 
 3             224           0 
 4             224           0 
 1             225           0 
 2             225           6 
 3             225           10 
 4             225           0 
 1             226           9 
 2             226           9 
 3             226           0 
 4             226           0 
 1             227           0 
 2             227           10 
 3             227           7 
 4             227           0 
 1             228           0 
 2             228           5 
 3             228           6 
 4             228           0 
 1             229           10 
 2             229           10 
 3             229           0 
 4             229           0 
 1             230           0 
 2             230           6 
 3             230           0 
 4             230           10 
 1             231           5 
 2             231           0 
 3             231           5 
 4             231           0 
 1             232           0 
 2             232           9 
 3             232           0 
 4             232           7 
 1             233           0 
 2             233           0 
 3             233           10 
 4             233           8 
 1             234           0 
 2             234           6 
 3             234           0 
 4             234           10 
 1             235           0 
 2             235           0 
 3             235           10 
 4             235           8 
 1             236           10 
 2             236           0 
 3             236           7 
 4             236           0 
 1             237           0 
 2             237           0 
 3             237           10 
 4             237           7 
 1             238           0 
 2             238           9 
 3             238           9 
 4             238           0 
 1             239           6 
 2             239           0 
 3             239           9 
 4             239           0 
 1             240           0 
 2             240           0 
 3             240           10 
 4             240           9 
 1             241           10 
 2             241           0 
 3             241           9 
 4             241           0 
 1             242           9 
 2             242           0 
 3             242           0 
 4             242           9 
 1             243           0 
 2             243           0 
 3             243           6 
 4             243           10 
 1             244           10 
 2             244           6 
 3             244           0 
 4             244           0 
 1             245           0 
 2             245           0 
 3             245           8 
 4             245           9 
 1             246           7 
 2             246           0 
 3             246           6 
 4             246           0 
 1             247           10 
 2             247           0 
 3             247           4 
 4             247           0 
 1             248           2 
 2             248           10 
 3             248           0 
 4             248           0 
 1             249           0 
 2             249           10 
 3             249           0 
 4             249           7 
 1             250           0 
 2             250           7 
 3             250           0 
 4             250           7 
 1             251           0 
 2             251           10 
 3             251           7 
 4             251           0 
 1             252           0 
 2             252           10 
 3             252           8 
 4             252           0 
 1             253           0 
 2             253           7 
 3             253           10 
 4             253           0 
 1             254           0 
 2             254           8 
 3             254           0 
 4             254           10 
 1             255           0 
 2             255           0 
 3             255           8 
 4             255           8 
 1             256           0 
 2             256           6 
 3             256           9 
 4             256           0 
 1             257           6 
 2             257           10 
 3             257           0 
 4             257           0 
 1             258           5 
 2             258           0 
 3             258           0 
 4             258           5 
 1             259           9 
 2             259           5 
 3             259           0 
 4             259           0 
 1             260           0 
 2             260           10 
 3             260           0 
 4             260           5 
 1             261           0 
 2             261           7 
 3             261           10 
 4             261           0 
 1             262           10 
 2             262           10 
 3             262           0 
 4             262           0 
 1             263           9 
 2             263           7 
 3             263           0 
 4             263           0 
 1             264           7 
 2             264           0 
 3             264           10 
 4             264           0 
 1             265           0 
 2             265           2 
 3             265           8 
 4             265           0 
 1             266           0 
 2             266           6 
 3             266           0 
 4             266           10 
 1             267           0 
 2             267           5 
 3             267           10 
 4             267           0 
 1             268           0 
 2             268           0 
 3             268           4 
 4             268           5 
 1             269           4 
 2             269           0 
 3             269           0 
 4             269           8 
 1             270           0 
 2             270           0 
 3             270           9 
 4             270           5 
 1             271           0 
 2             271           0 
 3             271           10 
 4             271           10 
 1             272           5 
 2             272           0 
 3             272           0 
 4             272           10 
 1             273           10 
 2             273           10 
 3             273           0 
 4             273           0 
 1             274           0 
 2             274           10 
 3             274           0 
 4             274           7 
 1             275           6 
 2             275           10 
 3             275           0 
 4             275           0 
 1             276           9 
 2             276           10 
 3             276           0 
 4             276           0 
 1             277           9 
 2             277           0 
 3             277           4 
 4             277           0 
 1             278           0 
 2             278           8 
 3             278           0 
 4             278           10 
 1             279           0 
 2             279           10 
 3             279           0 
 4             279           8 
 1             280           0 
 2             280           5 
 3             280           10 
 4             280           0 
 1             281           0 
 2             281           9 
 3             281           0 
 4             281           10 
 1             282           9 
 2             282           10 
 3             282           0 
 4             282           0 
 1             283           9 
 2             283           0 
 3             283           0 
 4             283           8 
 1             284           0 
 2             284           7 
 3             284           0 
 4             284           9 
 1             285           0 
 2             285           0 
 3             285           8 
 4             285           10 
 1             286           0 
 2             286           5 
 3             286           7 
 4             286           0 
 1             287           7 
 2             287           0 
 3             287           7 
 4             287           0 
 1             288           10 
 2             288           0 
 3             288           0 
 4             288           8 
 1             289           7 
 2             289           0 
 3             289           9 
 4             289           0 
 1             290           7 
 2             290           0 
 3             290           0 
 4             290           9 
 1             291           4 
 2             291           0 
 3             291           8 
 4             291           0 
 1             292           10 
 2             292           0 
 3             292           0 
 4             292           10 
 1             293           8 
 2             293           0 
 3             293           4 
 4             293           0 
 1             294           10 
 2             294           0 
 3             294           10 
 4             294           0 
 1             295           0 
 2             295           8 
 3             295           9 
 4             295           0 
 1             296           7 
 2             296           0 
 3             296           0 
 4             296           3 
 1             297           0 
 2             297           0 
 3             297           8 
 4             297           9 
 1             298           0 
 2             298           10 
 3             298           0 
 4             298           7 
 1             299           10 
 2             299           10 
 3             299           0 
 4             299           0 
 1             300           9 
 2             300           8 
 3             300           0 
 4             300           0 
 1             301           0 
 2             301           0 
 3             301           7 
 4             301           6 
 1             302           0 
 2             302           0 
 3             302           0 
 4             302           0 
