 1             1             0 
 2             1             0 
 3             1             0 
 4             1             0 
 1             2             1 
 2             2             0 
 3             2             1 
 4             2             1 
 1             3             3 
 2             3             0 
 3             3             4 
 4             3             3 
 1             4             3 
 2             4             1 
 3             4             0 
 4             4             1 
 1             5             5 
 2             5             2 
 3             5             7 
 4             5             0 
 1             6             3 
 2             6             3 
 3             6             0 
 4             6             5 
 1             7             2 
 2             7             0 
 3             7             5 
 4             7             5 
 1             8             4 
 2             8             5 
 3             8             3 
 4             8             0 
 1             9             0 
 2             9             5 
 3             9             8 
 4             9             3 
 1             10            2 
 2             10            2 
 3             10            0 
 4             10            6 
 1             11            4 
 2             11            0 
 3             11            4 
 4             11            5 
 1             12            5 
 2             12            5 
 3             12            0 
 4             12            5 
 1             13            4 
 2             13            1 
 3             13            0 
 4             13            3 
 1             14            8 
 2             14            2 
 3             14            2 
 4             14            0 
 1             15            6 
 2             15            3 
 3             15            4 
 4             15            0 
 1             16            6 
 2             16            3 
 3             16            0 
 4             16            3 
 1             17            0 
 2             17            3 
 3             17            3 
 4             17            1 
 1             18            5 
 2             18            1 
 3             18            7 
 4             18            0 
 1             19            0 
 2             19            7 
 3             19            2 
 4             19            2 
 1             20            4 
 2             20            3 
 3             20            5 
 4             20            0 
 1             21            0 
 2             21            5 
 3             21            5 
 4             21            2 
 1             22            0 
 2             22            3 
 3             22            9 
 4             22            4 
 1             23            0 
 2             23            2 
 3             23            4 
 4             23            3 
 1             24            0 
 2             24            1 
 3             24            4 
 4             24            5 
 1             25            3 
 2             25            0 
 3             25            5 
 4             25            8 
 1             26            4 
 2             26            2 
 3             26            0 
 4             26            3 
 1             27            0 
 2             27            3 
 3             27            3 
 4             27            3 
 1             28            4 
 2             28            0 
 3             28            1 
 4             28            4 
 1             29            4 
 2             29            3 
 3             29            5 
 4             29            0 
 1             30            4 
 2             30            0 
 3             30            7 
 4             30            3 
 1             31            4 
 2             31            0 
 3             31            2 
 4             31            2 
 1             32            0 
 2             32            5 
 3             32            1 
 4             32            5 
 1             33            2 
 2             33            0 
 3             33            6 
 4             33            4 
 1             34            0 
 2             34            2 
 3             34            3 
 4             34            4 
 1             35            4 
 2             35            9 
 3             35            0 
 4             35            3 
 1             36            5 
 2             36            3 
 3             36            0 
 4             36            2 
 1             37            0 
 2             37            1 
 3             37            1 
 4             37            2 
 1             38            0 
 2             38            2 
 3             38            2 
 4             38            3 
 1             39            0 
 2             39            2 
 3             39            3 
 4             39            5 
 1             40            2 
 2             40            0 
 3             40            6 
 4             40            6 
 1             41            2 
 2             41            1 
 3             41            0 
 4             41            4 
 1             42            2 
 2             42            0 
 3             42            3 
 4             42            3 
 1             43            1 
 2             43            5 
 3             43            3 
 4             43            0 
 1             44            5 
 2             44            3 
 3             44            0 
 4             44            2 
 1             45            0 
 2             45            2 
 3             45            3 
 4             45            3 
 1             46            6 
 2             46            0 
 3             46            3 
 4             46            5 
 1             47            0 
 2             47            3 
 3             47            3 
 4             47            7 
 1             48            3 
 2             48            4 
 3             48            0 
 4             48            3 
 1             49            7 
 2             49            4 
 3             49            0 
 4             49            4 
 1             50            6 
 2             50            6 
 3             50            7 
 4             50            0 
 1             51            4 
 2             51            5 
 3             51            0 
 4             51            8 
 1             52            5 
 2             52            4 
 3             52            7 
 4             52            0 
 1             53            0 
 2             53            3 
 3             53            3 
 4             53            5 
 1             54            4 
 2             54            2 
 3             54            4 
 4             54            0 
 1             55            0 
 2             55            5 
 3             55            7 
 4             55            6 
 1             56            2 
 2             56            2 
 3             56            7 
 4             56            0 
 1             57            0 
 2             57            4 
 3             57            4 
 4             57            9 
 1             58            0 
 2             58            8 
 3             58            6 
 4             58            3 
 1             59            0 
 2             59            2 
 3             59            2 
 4             59            2 
 1             60            2 
 2             60            5 
 3             60            0 
 4             60            3 
 1             61            1 
 2             61            7 
 3             61            1 
 4             61            0 
 1             62            2 
 2             62            0 
 3             62            4 
 4             62            4 
 1             63            0 
 2             63            5 
 3             63            3 
 4             63            8 
 1             64            2 
 2             64            0 
 3             64            7 
 4             64            6 
 1             65            3 
 2             65            0 
 3             65            5 
 4             65            5 
 1             66            4 
 2             66            3 
 3             66            0 
 4             66            4 
 1             67            2 
 2             67            0 
 3             67            2 
 4             67            8 
 1             68            6 
 2             68            0 
 3             68            3 
 4             68            4 
 1             69            7 
 2             69            0 
 3             69            3 
 4             69            10 
 1             70            0 
 2             70            4 
 3             70            3 
 4             70            4 
 1             71            0 
 2             71            3 
 3             71            4 
 4             71            4 
 1             72            2 
 2             72            3 
 3             72            0 
 4             72            3 
 1             73            3 
 2             73            0 
 3             73            4 
 4             73            5 
 1             74            3 
 2             74            6 
 3             74            4 
 4             74            0 
 1             75            9 
 2             75            2 
 3             75            0 
 4             75            3 
 1             76            4 
 2             76            3 
 3             76            0 
 4             76            5 
 1             77            5 
 2             77            7 
 3             77            0 
 4             77            5 
 1             78            0 
 2             78            5 
 3             78            5 
 4             78            1 
 1             79            3 
 2             79            0 
 3             79            6 
 4             79            5 
 1             80            5 
 2             80            3 
 3             80            5 
 4             80            0 
 1             81            0 
 2             81            3 
 3             81            4 
 4             81            8 
 1             82            3 
 2             82            4 
 3             82            0 
 4             82            5 
 1             83            4 
 2             83            3 
 3             83            0 
 4             83            2 
 1             84            3 
 2             84            7 
 3             84            7 
 4             84            0 
 1             85            3 
 2             85            1 
 3             85            0 
 4             85            5 
 1             86            5 
 2             86            3 
 3             86            4 
 4             86            0 
 1             87            4 
 2             87            2 
 3             87            6 
 4             87            0 
 1             88            5 
 2             88            0 
 3             88            4 
 4             88            2 
 1             89            6 
 2             89            2 
 3             89            0 
 4             89            4 
 1             90            3 
 2             90            3 
 3             90            1 
 4             90            0 
 1             91            1 
 2             91            4 
 3             91            3 
 4             91            0 
 1             92            5 
 2             92            4 
 3             92            0 
 4             92            4 
 1             93            4 
 2             93            6 
 3             93            0 
 4             93            3 
 1             94            4 
 2             94            2 
 3             94            2 
 4             94            0 
 1             95            0 
 2             95            5 
 3             95            3 
 4             95            3 
 1             96            5 
 2             96            0 
 3             96            4 
 4             96            4 
 1             97            5 
 2             97            2 
 3             97            2 
 4             97            0 
 1             98            2 
 2             98            8 
 3             98            2 
 4             98            0 
 1             99            6 
 2             99            5 
 3             99            0 
 4             99            5 
 1             100           3 
 2             100           4 
 3             100           3 
 4             100           0 
 1             101           4 
 2             101           2 
 3             101           4 
 4             101           0 
 1             102           4 
 2             102           6 
 3             102           4 
 4             102           0 
 1             103           4 
 2             103           0 
 3             103           2 
 4             103           4 
 1             104           3 
 2             104           5 
 3             104           7 
 4             104           0 
 1             105           0 
 2             105           3 
 3             105           2 
 4             105           2 
 1             106           4 
 2             106           6 
 3             106           0 
 4             106           4 
 1             107           7 
 2             107           8 
 3             107           0 
 4             107           7 
 1             108           3 
 2             108           0 
 3             108           10 
 4             108           3 
 1             109           3 
 2             109           0 
 3             109           6 
 4             109           5 
 1             110           0 
 2             110           3 
 3             110           5 
 4             110           1 
 1             111           5 
 2             111           2 
 3             111           4 
 4             111           0 
 1             112           0 
 2             112           2 
 3             112           5 
 4             112           5 
 1             113           2 
 2             113           2 
 3             113           8 
 4             113           0 
 1             114           4 
 2             114           5 
 3             114           2 
 4             114           0 
 1             115           5 
 2             115           0 
 3             115           5 
 4             115           4 
 1             116           5 
 2             116           4 
 3             116           0 
 4             116           3 
 1             117           2 
 2             117           5 
 3             117           0 
 4             117           4 
 1             118           2 
 2             118           0 
 3             118           7 
 4             118           3 
 1             119           0 
 2             119           5 
 3             119           2 
 4             119           1 
 1             120           0 
 2             120           3 
 3             120           2 
 4             120           6 
 1             121           6 
 2             121           0 
 3             121           2 
 4             121           4 
 1             122           0 
 2             122           4 
 3             122           5 
 4             122           4 
 1             123           0 
 2             123           8 
 3             123           8 
 4             123           5 
 1             124           0 
 2             124           5 
 3             124           5 
 4             124           4 
 1             125           0 
 2             125           3 
 3             125           5 
 4             125           4 
 1             126           4 
 2             126           5 
 3             126           3 
 4             126           0 
 1             127           8 
 2             127           2 
 3             127           0 
 4             127           3 
 1             128           7 
 2             128           5 
 3             128           0 
 4             128           4 
 1             129           0 
 2             129           4 
 3             129           3 
 4             129           3 
 1             130           7 
 2             130           2 
 3             130           0 
 4             130           1 
 1             131           5 
 2             131           0 
 3             131           5 
 4             131           5 
 1             132           0 
 2             132           5 
 3             132           4 
 4             132           4 
 1             133           6 
 2             133           7 
 3             133           0 
 4             133           1 
 1             134           9 
 2             134           0 
 3             134           5 
 4             134           6 
 1             135           4 
 2             135           3 
 3             135           0 
 4             135           7 
 1             136           0 
 2             136           1 
 3             136           2 
 4             136           5 
 1             137           5 
 2             137           3 
 3             137           0 
 4             137           5 
 1             138           4 
 2             138           2 
 3             138           0 
 4             138           3 
 1             139           4 
 2             139           4 
 3             139           0 
 4             139           2 
 1             140           2 
 2             140           0 
 3             140           2 
 4             140           7 
 1             141           4 
 2             141           0 
 3             141           2 
 4             141           2 
 1             142           4 
 2             142           5 
 3             142           3 
 4             142           0 
 1             143           0 
 2             143           8 
 3             143           6 
 4             143           4 
 1             144           2 
 2             144           3 
 3             144           2 
 4             144           0 
 1             145           2 
 2             145           4 
 3             145           2 
 4             145           0 
 1             146           0 
 2             146           5 
 3             146           2 
 4             146           1 
 1             147           4 
 2             147           0 
 3             147           2 
 4             147           2 
 1             148           4 
 2             148           8 
 3             148           3 
 4             148           0 
 1             149           6 
 2             149           8 
 3             149           3 
 4             149           0 
 1             150           2 
 2             150           0 
 3             150           2 
 4             150           3 
 1             151           0 
 2             151           5 
 3             151           4 
 4             151           3 
 1             152           2 
 2             152           0 
 3             152           4 
 4             152           5 
 1             153           4 
 2             153           0 
 3             153           2 
 4             153           5 
 1             154           6 
 2             154           0 
 3             154           7 
 4             154           3 
 1             155           6 
 2             155           4 
 3             155           0 
 4             155           7 
 1             156           6 
 2             156           7 
 3             156           0 
 4             156           5 
 1             157           5 
 2             157           0 
 3             157           1 
 4             157           3 
 1             158           5 
 2             158           2 
 3             158           2 
 4             158           0 
 1             159           3 
 2             159           0 
 3             159           2 
 4             159           2 
 1             160           7 
 2             160           3 
 3             160           3 
 4             160           0 
 1             161           3 
 2             161           3 
 3             161           0 
 4             161           4 
 1             162           3 
 2             162           2 
 3             162           6 
 4             162           0 
 1             163           3 
 2             163           0 
 3             163           4 
 4             163           5 
 1             164           6 
 2             164           3 
 3             164           5 
 4             164           0 
 1             165           5 
 2             165           7 
 3             165           3 
 4             165           0 
 1             166           4 
 2             166           0 
 3             166           5 
 4             166           3 
 1             167           0 
 2             167           1 
 3             167           3 
 4             167           3 
 1             168           5 
 2             168           2 
 3             168           2 
 4             168           0 
 1             169           3 
 2             169           0 
 3             169           4 
 4             169           4 
 1             170           4 
 2             170           1 
 3             170           0 
 4             170           3 
 1             171           0 
 2             171           2 
 3             171           3 
 4             171           1 
 1             172           0 
 2             172           6 
 3             172           4 
 4             172           6 
 1             173           5 
 2             173           0 
 3             173           5 
 4             173           2 
 1             174           2 
 2             174           3 
 3             174           0 
 4             174           8 
 1             175           0 
 2             175           5 
 3             175           3 
 4             175           3 
 1             176           1 
 2             176           6 
 3             176           3 
 4             176           0 
 1             177           0 
 2             177           6 
 3             177           2 
 4             177           9 
 1             178           3 
 2             178           3 
 3             178           0 
 4             178           6 
 1             179           2 
 2             179           4 
 3             179           0 
 4             179           5 
 1             180           2 
 2             180           0 
 3             180           4 
 4             180           6 
 1             181           4 
 2             181           6 
 3             181           0 
 4             181           3 
 1             182           8 
 2             182           0 
 3             182           1 
 4             182           4 
 1             183           5 
 2             183           4 
 3             183           5 
 4             183           0 
 1             184           0 
 2             184           4 
 3             184           4 
 4             184           4 
 1             185           5 
 2             185           0 
 3             185           2 
 4             185           5 
 1             186           3 
 2             186           5 
 3             186           0 
 4             186           2 
 1             187           4 
 2             187           2 
 3             187           0 
 4             187           4 
 1             188           2 
 2             188           6 
 3             188           0 
 4             188           3 
 1             189           4 
 2             189           2 
 3             189           0 
 4             189           3 
 1             190           0 
 2             190           3 
 3             190           4 
 4             190           4 
 1             191           5 
 2             191           0 
 3             191           4 
 4             191           1 
 1             192           3 
 2             192           0 
 3             192           4 
 4             192           2 
 1             193           4 
 2             193           6 
 3             193           0 
 4             193           3 
 1             194           6 
 2             194           0 
 3             194           2 
 4             194           5 
 1             195           0 
 2             195           5 
 3             195           5 
 4             195           5 
 1             196           2 
 2             196           0 
 3             196           3 
 4             196           8 
 1             197           5 
 2             197           5 
 3             197           0 
 4             197           8 
 1             198           2 
 2             198           4 
 3             198           4 
 4             198           0 
 1             199           1 
 2             199           0 
 3             199           4 
 4             199           4 
 1             200           5 
 2             200           0 
 3             200           4 
 4             200           3 
 1             201           0 
 2             201           3 
 3             201           2 
 4             201           3 
 1             202           6 
 2             202           0 
 3             202           5 
 4             202           1 
 1             203           5 
 2             203           3 
 3             203           4 
 4             203           0 
 1             204           0 
 2             204           4 
 3             204           3 
 4             204           4 
 1             205           0 
 2             205           6 
 3             205           3 
 4             205           3 
 1             206           5 
 2             206           6 
 3             206           8 
 4             206           0 
 1             207           3 
 2             207           5 
 3             207           5 
 4             207           0 
 1             208           5 
 2             208           7 
 3             208           0 
 4             208           2 
 1             209           4 
 2             209           3 
 3             209           6 
 4             209           0 
 1             210           2 
 2             210           0 
 3             210           4 
 4             210           10 
 1             211           6 
 2             211           4 
 3             211           4 
 4             211           0 
 1             212           0 
 2             212           6 
 3             212           5 
 4             212           1 
 1             213           0 
 2             213           2 
 3             213           4 
 4             213           8 
 1             214           2 
 2             214           5 
 3             214           2 
 4             214           0 
 1             215           2 
 2             215           3 
 3             215           0 
 4             215           3 
 1             216           2 
 2             216           5 
 3             216           0 
 4             216           5 
 1             217           4 
 2             217           5 
 3             217           4 
 4             217           0 
 1             218           0 
 2             218           5 
 3             218           5 
 4             218           6 
 1             219           1 
 2             219           5 
 3             219           2 
 4             219           0 
 1             220           7 
 2             220           0 
 3             220           4 
 4             220           4 
 1             221           1 
 2             221           3 
 3             221           0 
 4             221           3 
 1             222           3 
 2             222           3 
 3             222           0 
 4             222           2 
 1             223           5 
 2             223           3 
 3             223           0 
 4             223           4 
 1             224           0 
 2             224           2 
 3             224           5 
 4             224           4 
 1             225           0 
 2             225           4 
 3             225           4 
 4             225           1 
 1             226           0 
 2             226           3 
 3             226           3 
 4             226           3 
 1             227           3 
 2             227           3 
 3             227           0 
 4             227           2 
 1             228           3 
 2             228           6 
 3             228           2 
 4             228           0 
 1             229           7 
 2             229           3 
 3             229           9 
 4             229           0 
 1             230           2 
 2             230           4 
 3             230           6 
 4             230           0 
 1             231           7 
 2             231           0 
 3             231           4 
 4             231           3 
 1             232           3 
 2             232           0 
 3             232           4 
 4             232           2 
 1             233           5 
 2             233           2 
 3             233           0 
 4             233           3 
 1             234           0 
 2             234           6 
 3             234           2 
 4             234           4 
 1             235           0 
 2             235           4 
 3             235           2 
 4             235           2 
 1             236           0 
 2             236           2 
 3             236           3 
 4             236           3 
 1             237           2 
 2             237           0 
 3             237           4 
 4             237           3 
 1             238           2 
 2             238           7 
 3             238           0 
 4             238           2 
 1             239           5 
 2             239           0 
 3             239           7 
 4             239           2 
 1             240           7 
 2             240           0 
 3             240           5 
 4             240           4 
 1             241           2 
 2             241           5 
 3             241           0 
 4             241           4 
 1             242           7 
 2             242           8 
 3             242           0 
 4             242           8 
 1             243           0 
 2             243           8 
 3             243           2 
 4             243           3 
 1             244           3 
 2             244           0 
 3             244           2 
 4             244           8 
 1             245           2 
 2             245           4 
 3             245           0 
 4             245           4 
 1             246           2 
 2             246           0 
 3             246           5 
 4             246           7 
 1             247           4 
 2             247           5 
 3             247           3 
 4             247           0 
 1             248           0 
 2             248           7 
 3             248           5 
 4             248           3 
 1             249           2 
 2             249           4 
 3             249           0 
 4             249           2 
 1             250           4 
 2             250           4 
 3             250           0 
 4             250           4 
 1             251           0 
 2             251           5 
 3             251           6 
 4             251           7 
 1             252           0 
 2             252           4 
 3             252           3 
 4             252           3 
 1             253           0 
 2             253           2 
 3             253           4 
 4             253           2 
 1             254           0 
 2             254           6 
 3             254           7 
 4             254           5 
 1             255           8 
 2             255           7 
 3             255           0 
 4             255           5 
 1             256           0 
 2             256           3 
 3             256           2 
 4             256           5 
 1             257           0 
 2             257           4 
 3             257           4 
 4             257           4 
 1             258           0 
 2             258           3 
 3             258           5 
 4             258           4 
 1             259           6 
 2             259           2 
 3             259           4 
 4             259           0 
 1             260           0 
 2             260           5 
 3             260           5 
 4             260           3 
 1             261           3 
 2             261           0 
 3             261           4 
 4             261           2 
 1             262           4 
 2             262           3 
 3             262           3 
 4             262           0 
 1             263           3 
 2             263           5 
 3             263           0 
 4             263           4 
 1             264           4 
 2             264           4 
 3             264           5 
 4             264           0 
 1             265           0 
 2             265           3 
 3             265           3 
 4             265           6 
 1             266           0 
 2             266           2 
 3             266           5 
 4             266           2 
 1             267           4 
 2             267           2 
 3             267           7 
 4             267           0 
 1             268           4 
 2             268           6 
 3             268           0 
 4             268           5 
 1             269           4 
 2             269           0 
 3             269           2 
 4             269           8 
 1             270           5 
 2             270           5 
 3             270           5 
 4             270           0 
 1             271           6 
 2             271           4 
 3             271           0 
 4             271           6 
 1             272           6 
 2             272           3 
 3             272           2 
 4             272           0 
 1             273           0 
 2             273           4 
 3             273           5 
 4             273           6 
 1             274           2 
 2             274           5 
 3             274           0 
 4             274           2 
 1             275           5 
 2             275           5 
 3             275           5 
 4             275           0 
 1             276           0 
 2             276           4 
 3             276           3 
 4             276           4 
 1             277           6 
 2             277           0 
 3             277           6 
 4             277           3 
 1             278           7 
 2             278           0 
 3             278           4 
 4             278           3 
 1             279           2 
 2             279           0 
 3             279           3 
 4             279           4 
 1             280           3 
 2             280           2 
 3             280           4 
 4             280           0 
 1             281           7 
 2             281           0 
 3             281           3 
 4             281           4 
 1             282           4 
 2             282           5 
 3             282           0 
 4             282           1 
 1             283           1 
 2             283           6 
 3             283           3 
 4             283           0 
 1             284           3 
 2             284           2 
 3             284           0 
 4             284           3 
 1             285           0 
 2             285           3 
 3             285           4 
 4             285           5 
 1             286           2 
 2             286           3 
 3             286           0 
 4             286           6 
 1             287           0 
 2             287           5 
 3             287           6 
 4             287           2 
 1             288           3 
 2             288           0 
 3             288           4 
 4             288           2 
 1             289           4 
 2             289           0 
 3             289           5 
 4             289           3 
 1             290           4 
 2             290           8 
 3             290           0 
 4             290           8 
 1             291           5 
 2             291           3 
 3             291           3 
 4             291           0 
 1             292           5 
 2             292           6 
 3             292           4 
 4             292           0 
 1             293           5 
 2             293           0 
 3             293           6 
 4             293           7 
 1             294           6 
 2             294           0 
 3             294           7 
 4             294           1 
 1             295           3 
 2             295           0 
 3             295           9 
 4             295           3 
 1             296           4 
 2             296           0 
 3             296           4 
 4             296           3 
 1             297           4 
 2             297           0 
 3             297           3 
 4             297           4 
 1             298           4 
 2             298           5 
 3             298           2 
 4             298           0 
 1             299           3 
 2             299           4 
 3             299           5 
 4             299           0 
 1             300           0 
 2             300           3 
 3             300           3 
 4             300           7 
 1             301           3 
 2             301           0 
 3             301           6 
 4             301           5 
 1             302           0 
 2             302           0 
 3             302           0 
 4             302           0 
