 1             1             0 
 2             1             0 
 3             1             0 
 4             1             0 
 1             2             1 
 2             2             0 
 3             2             1 
 4             2             1 
 1             3             0 
 2             3             1 
 3             3             1 
 4             3             2 
 1             4             0 
 2             4             1 
 3             4             2 
 4             4             2 
 1             5             3 
 2             5             2 
 3             5             0 
 4             5             1 
 1             6             1 
 2             6             1 
 3             6             0 
 4             6             3 
 1             7             2 
 2             7             1 
 3             7             0 
 4             7             3 
 1             8             1 
 2             8             1 
 3             8             0 
 4             8             2 
 1             9             1 
 2             9             0 
 3             9             1 
 4             9             1 
 1             10            0 
 2             10            1 
 3             10            3 
 4             10            1 
 1             11            0 
 2             11            2 
 3             11            1 
 4             11            1 
 1             12            3 
 2             12            1 
 3             12            1 
 4             12            0 
 1             13            3 
 2             13            0 
 3             13            4 
 4             13            2 
 1             14            1 
 2             14            2 
 3             14            0 
 4             14            5 
 1             15            1 
 2             15            1 
 3             15            0 
 4             15            3 
 1             16            1 
 2             16            0 
 3             16            1 
 4             16            1 
 1             17            1 
 2             17            1 
 3             17            1 
 4             17            0 
 1             18            2 
 2             18            5 
 3             18            0 
 4             18            2 
 1             19            0 
 2             19            2 
 3             19            2 
 4             19            2 
 1             20            0 
 2             20            2 
 3             20            2 
 4             20            1 
 1             21            3 
 2             21            3 
 3             21            2 
 4             21            0 
 1             22            3 
 2             22            0 
 3             22            2 
 4             22            2 
 1             23            2 
 2             23            1 
 3             23            2 
 4             23            0 
 1             24            0 
 2             24            2 
 3             24            2 
 4             24            2 
 1             25            3 
 2             25            4 
 3             25            3 
 4             25            0 
 1             26            2 
 2             26            1 
 3             26            2 
 4             26            0 
 1             27            2 
 2             27            1 
 3             27            0 
 4             27            1 
 1             28            3 
 2             28            0 
 3             28            1 
 4             28            3 
 1             29            0 
 2             29            3 
 3             29            1 
 4             29            3 
 1             30            0 
 2             30            1 
 3             30            2 
 4             30            3 
 1             31            2 
 2             31            0 
 3             31            3 
 4             31            3 
 1             32            2 
 2             32            2 
 3             32            0 
 4             32            2 
 1             33            2 
 2             33            1 
 3             33            3 
 4             33            0 
 1             34            1 
 2             34            0 
 3             34            2 
 4             34            2 
 1             35            1 
 2             35            0 
 3             35            1 
 4             35            2 
 1             36            3 
 2             36            4 
 3             36            0 
 4             36            1 
 1             37            3 
 2             37            3 
 3             37            1 
 4             37            0 
 1             38            1 
 2             38            0 
 3             38            1 
 4             38            1 
 1             39            1 
 2             39            1 
 3             39            0 
 4             39            2 
 1             40            2 
 2             40            2 
 3             40            2 
 4             40            0 
 1             41            2 
 2             41            2 
 3             41            2 
 4             41            0 
 1             42            2 
 2             42            1 
 3             42            0 
 4             42            1 
 1             43            2 
 2             43            0 
 3             43            1 
 4             43            1 
 1             44            2 
 2             44            0 
 3             44            3 
 4             44            2 
 1             45            1 
 2             45            1 
 3             45            1 
 4             45            0 
 1             46            0 
 2             46            2 
 3             46            1 
 4             46            1 
 1             47            1 
 2             47            3 
 3             47            2 
 4             47            0 
 1             48            2 
 2             48            3 
 3             48            2 
 4             48            0 
 1             49            2 
 2             49            1 
 3             49            0 
 4             49            3 
 1             50            1 
 2             50            3 
 3             50            2 
 4             50            0 
 1             51            0 
 2             51            3 
 3             51            3 
 4             51            3 
 1             52            2 
 2             52            1 
 3             52            2 
 4             52            0 
 1             53            1 
 2             53            2 
 3             53            0 
 4             53            3 
 1             54            4 
 2             54            0 
 3             54            2 
 4             54            2 
 1             55            1 
 2             55            0 
 3             55            2 
 4             55            1 
 1             56            3 
 2             56            0 
 3             56            1 
 4             56            3 
 1             57            1 
 2             57            0 
 3             57            3 
 4             57            1 
 1             58            0 
 2             58            1 
 3             58            2 
 4             58            3 
 1             59            0 
 2             59            1 
 3             59            2 
 4             59            3 
 1             60            1 
 2             60            4 
 3             60            2 
 4             60            0 
 1             61            0 
 2             61            2 
 3             61            3 
 4             61            2 
 1             62            2 
 2             62            0 
 3             62            1 
 4             62            2 
 1             63            0 
 2             63            2 
 3             63            3 
 4             63            2 
 1             64            2 
 2             64            1 
 3             64            1 
 4             64            0 
 1             65            2 
 2             65            2 
 3             65            1 
 4             65            0 
 1             66            2 
 2             66            0 
 3             66            2 
 4             66            1 
 1             67            2 
 2             67            0 
 3             67            2 
 4             67            2 
 1             68            1 
 2             68            3 
 3             68            4 
 4             68            0 
 1             69            2 
 2             69            2 
 3             69            1 
 4             69            0 
 1             70            3 
 2             70            3 
 3             70            0 
 4             70            1 
 1             71            1 
 2             71            1 
 3             71            0 
 4             71            2 
 1             72            1 
 2             72            0 
 3             72            3 
 4             72            1 
 1             73            1 
 2             73            3 
 3             73            2 
 4             73            0 
 1             74            3 
 2             74            1 
 3             74            0 
 4             74            2 
 1             75            2 
 2             75            0 
 3             75            1 
 4             75            3 
 1             76            3 
 2             76            3 
 3             76            1 
 4             76            0 
 1             77            2 
 2             77            1 
 3             77            0 
 4             77            2 
 1             78            3 
 2             78            1 
 3             78            3 
 4             78            0 
 1             79            2 
 2             79            1 
 3             79            2 
 4             79            0 
 1             80            0 
 2             80            1 
 3             80            1 
 4             80            1 
 1             81            3 
 2             81            1 
 3             81            2 
 4             81            0 
 1             82            2 
 2             82            4 
 3             82            6 
 4             82            0 
 1             83            3 
 2             83            1 
 3             83            0 
 4             83            2 
 1             84            1 
 2             84            3 
 3             84            3 
 4             84            0 
 1             85            2 
 2             85            2 
 3             85            0 
 4             85            1 
 1             86            0 
 2             86            2 
 3             86            1 
 4             86            2 
 1             87            2 
 2             87            0 
 3             87            1 
 4             87            3 
 1             88            0 
 2             88            3 
 3             88            3 
 4             88            2 
 1             89            2 
 2             89            1 
 3             89            1 
 4             89            0 
 1             90            0 
 2             90            1 
 3             90            1 
 4             90            1 
 1             91            0 
 2             91            3 
 3             91            2 
 4             91            1 
 1             92            2 
 2             92            0 
 3             92            1 
 4             92            1 
 1             93            0 
 2             93            4 
 3             93            2 
 4             93            3 
 1             94            0 
 2             94            2 
 3             94            2 
 4             94            1 
 1             95            0 
 2             95            1 
 3             95            2 
 4             95            2 
 1             96            2 
 2             96            2 
 3             96            0 
 4             96            1 
 1             97            2 
 2             97            2 
 3             97            2 
 4             97            0 
 1             98            3 
 2             98            0 
 3             98            2 
 4             98            1 
 1             99            1 
 2             99            0 
 3             99            2 
 4             99            3 
 1             100           0 
 2             100           3 
 3             100           3 
 4             100           1 
 1             101           4 
 2             101           4 
 3             101           0 
 4             101           2 
 1             102           2 
 2             102           2 
 3             102           0 
 4             102           1 
 1             103           2 
 2             103           2 
 3             103           0 
 4             103           2 
 1             104           0 
 2             104           2 
 3             104           3 
 4             104           1 
 1             105           1 
 2             105           1 
 3             105           0 
 4             105           3 
 1             106           0 
 2             106           2 
 3             106           2 
 4             106           2 
 1             107           2 
 2             107           2 
 3             107           1 
 4             107           0 
 1             108           0 
 2             108           3 
 3             108           2 
 4             108           1 
 1             109           0 
 2             109           1 
 3             109           1 
 4             109           1 
 1             110           0 
 2             110           2 
 3             110           3 
 4             110           2 
 1             111           2 
 2             111           1 
 3             111           3 
 4             111           0 
 1             112           0 
 2             112           1 
 3             112           1 
 4             112           3 
 1             113           3 
 2             113           4 
 3             113           1 
 4             113           0 
 1             114           1 
 2             114           0 
 3             114           4 
 4             114           1 
 1             115           0 
 2             115           4 
 3             115           2 
 4             115           2 
 1             116           1 
 2             116           0 
 3             116           3 
 4             116           4 
 1             117           1 
 2             117           3 
 3             117           1 
 4             117           0 
 1             118           2 
 2             118           0 
 3             118           2 
 4             118           1 
 1             119           2 
 2             119           2 
 3             119           0 
 4             119           3 
 1             120           1 
 2             120           3 
 3             120           3 
 4             120           0 
 1             121           0 
 2             121           2 
 3             121           2 
 4             121           2 
 1             122           2 
 2             122           2 
 3             122           0 
 4             122           2 
 1             123           2 
 2             123           1 
 3             123           2 
 4             123           0 
 1             124           2 
 2             124           2 
 3             124           0 
 4             124           2 
 1             125           3 
 2             125           1 
 3             125           0 
 4             125           3 
 1             126           2 
 2             126           3 
 3             126           1 
 4             126           0 
 1             127           2 
 2             127           1 
 3             127           2 
 4             127           0 
 1             128           2 
 2             128           4 
 3             128           2 
 4             128           0 
 1             129           1 
 2             129           0 
 3             129           1 
 4             129           2 
 1             130           0 
 2             130           2 
 3             130           3 
 4             130           2 
 1             131           2 
 2             131           1 
 3             131           4 
 4             131           0 
 1             132           2 
 2             132           1 
 3             132           0 
 4             132           1 
 1             133           0 
 2             133           1 
 3             133           2 
 4             133           2 
 1             134           3 
 2             134           0 
 3             134           3 
 4             134           4 
 1             135           0 
 2             135           2 
 3             135           2 
 4             135           2 
 1             136           2 
 2             136           0 
 3             136           2 
 4             136           1 
 1             137           1 
 2             137           0 
 3             137           1 
 4             137           6 
 1             138           2 
 2             138           1 
 3             138           2 
 4             138           0 
 1             139           0 
 2             139           2 
 3             139           1 
 4             139           1 
 1             140           0 
 2             140           1 
 3             140           1 
 4             140           1 
 1             141           3 
 2             141           0 
 3             141           1 
 4             141           2 
 1             142           3 
 2             142           2 
 3             142           0 
 4             142           1 
 1             143           3 
 2             143           0 
 3             143           2 
 4             143           5 
 1             144           0 
 2             144           2 
 3             144           2 
 4             144           3 
 1             145           0 
 2             145           3 
 3             145           1 
 4             145           2 
 1             146           3 
 2             146           0 
 3             146           2 
 4             146           1 
 1             147           0 
 2             147           1 
 3             147           1 
 4             147           1 
 1             148           2 
 2             148           0 
 3             148           1 
 4             148           4 
 1             149           2 
 2             149           1 
 3             149           0 
 4             149           2 
 1             150           2 
 2             150           2 
 3             150           1 
 4             150           0 
 1             151           2 
 2             151           3 
 3             151           0 
 4             151           3 
 1             152           2 
 2             152           2 
 3             152           0 
 4             152           1 
 1             153           1 
 2             153           1 
 3             153           2 
 4             153           0 
 1             154           0 
 2             154           3 
 3             154           3 
 4             154           2 
 1             155           1 
 2             155           1 
 3             155           0 
 4             155           3 
 1             156           3 
 2             156           2 
 3             156           5 
 4             156           0 
 1             157           1 
 2             157           0 
 3             157           1 
 4             157           2 
 1             158           1 
 2             158           0 
 3             158           2 
 4             158           2 
 1             159           0 
 2             159           2 
 3             159           5 
 4             159           3 
 1             160           2 
 2             160           4 
 3             160           3 
 4             160           0 
 1             161           3 
 2             161           1 
 3             161           0 
 4             161           1 
 1             162           3 
 2             162           0 
 3             162           2 
 4             162           2 
 1             163           1 
 2             163           3 
 3             163           1 
 4             163           0 
 1             164           2 
 2             164           0 
 3             164           3 
 4             164           1 
 1             165           2 
 2             165           1 
 3             165           0 
 4             165           1 
 1             166           0 
 2             166           3 
 3             166           2 
 4             166           2 
 1             167           1 
 2             167           0 
 3             167           2 
 4             167           4 
 1             168           3 
 2             168           1 
 3             168           0 
 4             168           1 
 1             169           0 
 2             169           2 
 3             169           5 
 4             169           1 
 1             170           0 
 2             170           1 
 3             170           3 
 4             170           2 
 1             171           2 
 2             171           2 
 3             171           0 
 4             171           1 
 1             172           2 
 2             172           0 
 3             172           2 
 4             172           1 
 1             173           2 
 2             173           0 
 3             173           1 
 4             173           3 
 1             174           0 
 2             174           1 
 3             174           2 
 4             174           1 
 1             175           2 
 2             175           0 
 3             175           3 
 4             175           1 
 1             176           3 
 2             176           0 
 3             176           1 
 4             176           2 
 1             177           3 
 2             177           0 
 3             177           1 
 4             177           1 
 1             178           2 
 2             178           1 
 3             178           0 
 4             178           1 
 1             179           1 
 2             179           1 
 3             179           1 
 4             179           0 
 1             180           1 
 2             180           0 
 3             180           1 
 4             180           2 
 1             181           3 
 2             181           1 
 3             181           1 
 4             181           0 
 1             182           2 
 2             182           4 
 3             182           0 
 4             182           2 
 1             183           4 
 2             183           1 
 3             183           4 
 4             183           0 
 1             184           0 
 2             184           1 
 3             184           3 
 4             184           1 
 1             185           0 
 2             185           2 
 3             185           3 
 4             185           2 
 1             186           1 
 2             186           4 
 3             186           0 
 4             186           1 
 1             187           4 
 2             187           2 
 3             187           0 
 4             187           3 
 1             188           0 
 2             188           1 
 3             188           2 
 4             188           1 
 1             189           1 
 2             189           2 
 3             189           3 
 4             189           0 
 1             190           2 
 2             190           0 
 3             190           3 
 4             190           2 
 1             191           5 
 2             191           1 
 3             191           0 
 4             191           2 
 1             192           1 
 2             192           0 
 3             192           1 
 4             192           1 
 1             193           0 
 2             193           2 
 3             193           1 
 4             193           5 
 1             194           0 
 2             194           3 
 3             194           1 
 4             194           1 
 1             195           0 
 2             195           2 
 3             195           1 
 4             195           2 
 1             196           1 
 2             196           2 
 3             196           4 
 4             196           0 
 1             197           0 
 2             197           1 
 3             197           2 
 4             197           2 
 1             198           2 
 2             198           0 
 3             198           2 
 4             198           4 
 1             199           0 
 2             199           2 
 3             199           2 
 4             199           2 
 1             200           5 
 2             200           3 
 3             200           0 
 4             200           2 
 1             201           0 
 2             201           2 
 3             201           1 
 4             201           1 
 1             202           1 
 2             202           4 
 3             202           2 
 4             202           0 
 1             203           4 
 2             203           1 
 3             203           2 
 4             203           0 
 1             204           0 
 2             204           2 
 3             204           4 
 4             204           1 
 1             205           0 
 2             205           1 
 3             205           3 
 4             205           1 
 1             206           2 
 2             206           2 
 3             206           0 
 4             206           3 
 1             207           1 
 2             207           0 
 3             207           5 
 4             207           2 
 1             208           0 
 2             208           3 
 3             208           2 
 4             208           2 
 1             209           0 
 2             209           2 
 3             209           2 
 4             209           4 
 1             210           2 
 2             210           0 
 3             210           3 
 4             210           2 
 1             211           2 
 2             211           3 
 3             211           0 
 4             211           1 
 1             212           3 
 2             212           0 
 3             212           2 
 4             212           1 
 1             213           0 
 2             213           2 
 3             213           2 
 4             213           4 
 1             214           1 
 2             214           3 
 3             214           0 
 4             214           1 
 1             215           1 
 2             215           1 
 3             215           2 
 4             215           0 
 1             216           2 
 2             216           2 
 3             216           2 
 4             216           0 
 1             217           1 
 2             217           0 
 3             217           2 
 4             217           2 
 1             218           0 
 2             218           2 
 3             218           1 
 4             218           1 
 1             219           2 
 2             219           0 
 3             219           3 
 4             219           4 
 1             220           2 
 2             220           3 
 3             220           1 
 4             220           0 
 1             221           3 
 2             221           0 
 3             221           2 
 4             221           2 
 1             222           2 
 2             222           2 
 3             222           2 
 4             222           0 
 1             223           0 
 2             223           1 
 3             223           5 
 4             223           3 
 1             224           3 
 2             224           1 
 3             224           0 
 4             224           3 
 1             225           1 
 2             225           2 
 3             225           0 
 4             225           4 
 1             226           1 
 2             226           2 
 3             226           2 
 4             226           0 
 1             227           3 
 2             227           0 
 3             227           1 
 4             227           1 
 1             228           3 
 2             228           0 
 3             228           1 
 4             228           2 
 1             229           1 
 2             229           1 
 3             229           1 
 4             229           0 
 1             230           2 
 2             230           2 
 3             230           2 
 4             230           0 
 1             231           3 
 2             231           1 
 3             231           5 
 4             231           0 
 1             232           2 
 2             232           2 
 3             232           0 
 4             232           2 
 1             233           2 
 2             233           1 
 3             233           0 
 4             233           3 
 1             234           1 
 2             234           0 
 3             234           1 
 4             234           4 
 1             235           4 
 2             235           0 
 3             235           2 
 4             235           2 
 1             236           2 
 2             236           0 
 3             236           1 
 4             236           1 
 1             237           0 
 2             237           3 
 3             237           1 
 4             237           2 
 1             238           1 
 2             238           2 
 3             238           3 
 4             238           0 
 1             239           1 
 2             239           0 
 3             239           1 
 4             239           3 
 1             240           2 
 2             240           0 
 3             240           2 
 4             240           2 
 1             241           1 
 2             241           0 
 3             241           1 
 4             241           3 
 1             242           3 
 2             242           3 
 3             242           0 
 4             242           1 
 1             243           2 
 2             243           2 
 3             243           0 
 4             243           2 
 1             244           0 
 2             244           1 
 3             244           1 
 4             244           1 
 1             245           0 
 2             245           1 
 3             245           2 
 4             245           2 
 1             246           1 
 2             246           2 
 3             246           0 
 4             246           1 
 1             247           2 
 2             247           3 
 3             247           2 
 4             247           0 
 1             248           2 
 2             248           0 
 3             248           1 
 4             248           2 
 1             249           1 
 2             249           1 
 3             249           0 
 4             249           2 
 1             250           2 
 2             250           0 
 3             250           1 
 4             250           1 
 1             251           1 
 2             251           3 
 3             251           0 
 4             251           4 
 1             252           0 
 2             252           1 
 3             252           2 
 4             252           2 
 1             253           1 
 2             253           0 
 3             253           2 
 4             253           2 
 1             254           0 
 2             254           3 
 3             254           1 
 4             254           3 
 1             255           1 
 2             255           3 
 3             255           0 
 4             255           3 
 1             256           2 
 2             256           3 
 3             256           1 
 4             256           0 
 1             257           3 
 2             257           1 
 3             257           0 
 4             257           3 
 1             258           0 
 2             258           3 
 3             258           1 
 4             258           3 
 1             259           3 
 2             259           1 
 3             259           0 
 4             259           2 
 1             260           0 
 2             260           3 
 3             260           2 
 4             260           1 
 1             261           4 
 2             261           0 
 3             261           1 
 4             261           2 
 1             262           0 
 2             262           2 
 3             262           1 
 4             262           1 
 1             263           1 
 2             263           4 
 3             263           0 
 4             263           1 
 1             264           0 
 2             264           3 
 3             264           1 
 4             264           4 
 1             265           1 
 2             265           2 
 3             265           2 
 4             265           0 
 1             266           0 
 2             266           1 
 3             266           1 
 4             266           2 
 1             267           1 
 2             267           2 
 3             267           0 
 4             267           2 
 1             268           3 
 2             268           0 
 3             268           2 
 4             268           2 
 1             269           2 
 2             269           2 
 3             269           2 
 4             269           0 
 1             270           2 
 2             270           1 
 3             270           2 
 4             270           0 
 1             271           2 
 2             271           0 
 3             271           4 
 4             271           2 
 1             272           3 
 2             272           5 
 3             272           0 
 4             272           2 
 1             273           3 
 2             273           0 
 3             273           1 
 4             273           3 
 1             274           0 
 2             274           2 
 3             274           1 
 4             274           1 
 1             275           1 
 2             275           0 
 3             275           4 
 4             275           1 
 1             276           2 
 2             276           3 
 3             276           2 
 4             276           0 
 1             277           1 
 2             277           0 
 3             277           1 
 4             277           1 
 1             278           3 
 2             278           0 
 3             278           3 
 4             278           3 
 1             279           4 
 2             279           0 
 3             279           2 
 4             279           2 
 1             280           2 
 2             280           2 
 3             280           2 
 4             280           0 
 1             281           2 
 2             281           0 
 3             281           5 
 4             281           4 
 1             282           1 
 2             282           0 
 3             282           1 
 4             282           1 
 1             283           2 
 2             283           0 
 3             283           2 
 4             283           2 
 1             284           1 
 2             284           0 
 3             284           1 
 4             284           1 
 1             285           1 
 2             285           3 
 3             285           0 
 4             285           1 
 1             286           2 
 2             286           2 
 3             286           0 
 4             286           1 
 1             287           2 
 2             287           1 
 3             287           3 
 4             287           0 
 1             288           0 
 2             288           4 
 3             288           4 
 4             288           2 
 1             289           3 
 2             289           0 
 3             289           1 
 4             289           1 
 1             290           2 
 2             290           1 
 3             290           0 
 4             290           1 
 1             291           0 
 2             291           3 
 3             291           2 
 4             291           2 
 1             292           1 
 2             292           4 
 3             292           2 
 4             292           0 
 1             293           0 
 2             293           2 
 3             293           2 
 4             293           2 
 1             294           1 
 2             294           2 
 3             294           0 
 4             294           1 
 1             295           3 
 2             295           1 
 3             295           0 
 4             295           4 
 1             296           5 
 2             296           0 
 3             296           2 
 4             296           3 
 1             297           1 
 2             297           1 
 3             297           2 
 4             297           0 
 1             298           2 
 2             298           3 
 3             298           3 
 4             298           0 
 1             299           1 
 2             299           0 
 3             299           3 
 4             299           4 
 1             300           4 
 2             300           2 
 3             300           0 
 4             300           2 
 1             301           0 
 2             301           2 
 3             301           1 
 4             301           2 
 1             302           0 
 2             302           0 
 3             302           0 
 4             302           0 
