 1             0 
 2             9 
 3             7 
 4             7 
 5             10 
 6             10 
 7             9 
 8             2 
 9             1 
 10            5 
 11            10 
 12            8 
 13            7 
 14            8 
 15            8 
 16            4 
 17            5 
 18            9 
 19            8 
 20            5 
 21            9 
 22            1 
 23            1 
 24            10 
 25            4 
 26            8 
 27            4 
 28            2 
 29            8 
 30            5 
 31            6 
 32            7 
 33            10 
 34            4 
 35            8 
 36            5 
 37            1 
 38            3 
 39            8 
 40            1 
 41            7 
 42            1 
 43            7 
 44            6 
 45            1 
 46            8 
 47            4 
 48            1 
 49            8 
 50            5 
 51            8 
 52            1 
 53            7 
 54            10 
 55            7 
 56            7 
 57            3 
 58            10 
 59            8 
 60            8 
 61            1 
 62            6 
 63            6 
 64            3 
 65            9 
 66            6 
 67            8 
 68            1 
 69            4 
 70            1 
 71            10 
 72            5 
 73            8 
 74            6 
 75            7 
 76            6 
 77            8 
 78            6 
 79            8 
 80            8 
 81            10 
 82            3 
 83            1 
 84            5 
 85            8 
 86            2 
 87            9 
 88            8 
 89            4 
 90            6 
 91            9 
 92            6 
 93            4 
 94            6 
 95            1 
 96            1 
 97            7 
 98            4 
 99            6 
 100           7 
 101           5 
 102           2 
 103           8 
 104           4 
 105           2 
 106           1 
 107           9 
 108           7 
 109           5 
 110           7 
 111           9 
 112           3 
 113           6 
 114           2 
 115           7 
 116           7 
 117           8 
 118           4 
 119           5 
 120           10 
 121           3 
 122           1 
 123           2 
 124           4 
 125           5 
 126           4 
 127           4 
 128           8 
 129           6 
 130           2 
 131           10 
 132           7 
 133           8 
 134           1 
 135           8 
 136           4 
 137           1 
 138           8 
 139           9 
 140           4 
 141           1 
 142           10 
 143           3 
 144           6 
 145           1 
 146           6 
 147           4 
 148           8 
 149           9 
 150           2 
 151           1 
 152           10 
 153           2 
 154           9 
 155           3 
 156           9 
 157           6 
 158           5 
 159           9 
 160           3 
 161           7 
 162           8 
 163           3 
 164           7 
 165           10 
 166           2 
 167           3 
 168           2 
 169           3 
 170           2 
 171           6 
 172           4 
 173           9 
 174           8 
 175           8 
 176           10 
 177           3 
 178           10 
 179           7 
 180           6 
 181           8 
 182           10 
 183           3 
 184           9 
 185           9 
 186           10 
 187           9 
 188           3 
 189           3 
 190           7 
 191           9 
 192           2 
 193           1 
 194           7 
 195           2 
 196           1 
 197           8 
 198           5 
 199           9 
 200           4 
 201           5 
 202           7 
 203           7 
 204           8 
 205           10 
 206           7 
 207           7 
 208           4 
 209           10 
 210           10 
 211           1 
 212           3 
 213           8 
 214           5 
 215           8 
 216           8 
 217           10 
 218           6 
 219           3 
 220           5 
 221           8 
 222           5 
 223           2 
 224           8 
 225           10 
 226           2 
 227           6 
 228           8 
 229           8 
 230           1 
 231           5 
 232           3 
 233           6 
 234           8 
 235           4 
 236           8 
 237           9 
 238           6 
 239           4 
 240           2 
 241           1 
 242           3 
 243           5 
 244           3 
 245           8 
 246           4 
 247           8 
 248           2 
 249           1 
 250           6 
 251           6 
 252           9 
 253           5 
 254           9 
 255           4 
 256           10 
 257           4 
 258           9 
 259           1 
 260           3 
 261           1 
 262           10 
 263           5 
 264           1 
 265           8 
 266           10 
 267           1 
 268           5 
 269           6 
 270           7 
 271           7 
 272           4 
 273           8 
 274           4 
 275           10 
 276           4 
 277           7 
 278           8 
 279           8 
 280           7 
 281           8 
 282           7 
 283           8 
 284           9 
 285           8 
 286           5 
 287           4 
 288           9 
 289           2 
 290           1 
 291           6 
 292           10 
 293           4 
 294           8 
 295           5 
 296           7 
 297           4 
 298           9 
 299           4 
 300           6 
 301           10 
 302           0 
