 1             0 
 2             8 
 3             6 
 4             2 
 5             5 
 6             5 
 7             3 
 8             1 
 9             5 
 10            7 
 11            9 
 12            10 
 13            9 
 14            9 
 15            4 
 16            1 
 17            3 
 18            6 
 19            10 
 20            3 
 21            10 
 22            2 
 23            6 
 24            7 
 25            7 
 26            1 
 27            7 
 28            5 
 29            8 
 30            9 
 31            2 
 32            6 
 33            1 
 34            10 
 35            3 
 36            7 
 37            1 
 38            3 
 39            3 
 40            2 
 41            7 
 42            9 
 43            6 
 44            7 
 45            1 
 46            4 
 47            10 
 48            3 
 49            10 
 50            10 
 51            7 
 52            7 
 53            9 
 54            1 
 55            3 
 56            2 
 57            4 
 58            8 
 59            1 
 60            1 
 61            6 
 62            8 
 63            7 
 64            1 
 65            9 
 66            9 
 67            5 
 68            5 
 69            2 
 70            10 
 71            1 
 72            4 
 73            8 
 74            1 
 75            2 
 76            2 
 77            7 
 78            7 
 79            7 
 80            3 
 81            3 
 82            6 
 83            4 
 84            1 
 85            1 
 86            6 
 87            8 
 88            2 
 89            10 
 90            7 
 91            9 
 92            6 
 93            2 
 94            9 
 95            10 
 96            4 
 97            2 
 98            4 
 99            10 
 100           1 
 101           3 
 102           4 
 103           5 
 104           2 
 105           10 
 106           3 
 107           3 
 108           9 
 109           2 
 110           9 
 111           5 
 112           8 
 113           3 
 114           5 
 115           6 
 116           7 
 117           2 
 118           4 
 119           3 
 120           7 
 121           10 
 122           1 
 123           1 
 124           2 
 125           5 
 126           1 
 127           7 
 128           6 
 129           3 
 130           5 
 131           8 
 132           7 
 133           1 
 134           7 
 135           6 
 136           9 
 137           3 
 138           7 
 139           7 
 140           7 
 141           8 
 142           5 
 143           1 
 144           5 
 145           9 
 146           4 
 147           7 
 148           2 
 149           8 
 150           7 
 151           8 
 152           8 
 153           6 
 154           4 
 155           10 
 156           7 
 157           10 
 158           5 
 159           4 
 160           5 
 161           7 
 162           6 
 163           3 
 164           3 
 165           10 
 166           8 
 167           4 
 168           6 
 169           1 
 170           1 
 171           3 
 172           3 
 173           5 
 174           3 
 175           6 
 176           6 
 177           3 
 178           1 
 179           9 
 180           7 
 181           4 
 182           3 
 183           5 
 184           8 
 185           6 
 186           6 
 187           4 
 188           7 
 189           2 
 190           1 
 191           9 
 192           3 
 193           5 
 194           10 
 195           10 
 196           8 
 197           6 
 198           7 
 199           3 
 200           3 
 201           10 
 202           9 
 203           7 
 204           1 
 205           3 
 206           1 
 207           7 
 208           5 
 209           4 
 210           7 
 211           8 
 212           6 
 213           9 
 214           8 
 215           5 
 216           10 
 217           9 
 218           1 
 219           10 
 220           6 
 221           6 
 222           10 
 223           3 
 224           9 
 225           2 
 226           10 
 227           2 
 228           2 
 229           1 
 230           10 
 231           6 
 232           10 
 233           3 
 234           1 
 235           9 
 236           9 
 237           3 
 238           9 
 239           7 
 240           6 
 241           7 
 242           7 
 243           10 
 244           3 
 245           5 
 246           9 
 247           2 
 248           9 
 249           5 
 250           2 
 251           7 
 252           1 
 253           5 
 254           6 
 255           4 
 256           8 
 257           7 
 258           9 
 259           9 
 260           1 
 261           6 
 262           8 
 263           10 
 264           7 
 265           7 
 266           2 
 267           7 
 268           5 
 269           7 
 270           8 
 271           8 
 272           4 
 273           7 
 274           7 
 275           5 
 276           2 
 277           1 
 278           5 
 279           9 
 280           7 
 281           10 
 282           8 
 283           5 
 284           2 
 285           7 
 286           4 
 287           1 
 288           7 
 289           7 
 290           9 
 291           7 
 292           1 
 293           3 
 294           8 
 295           9 
 296           4 
 297           5 
 298           7 
 299           9 
 300           1 
 301           10 
 302           0 
