 1             0 
 2             4 
 3             6 
 4             10 
 5             7 
 6             5 
 7             2 
 8             10 
 9             5 
 10            4 
 11            9 
 12            6 
 13            1 
 14            7 
 15            7 
 16            8 
 17            7 
 18            8 
 19            6 
 20            5 
 21            4 
 22            4 
 23            5 
 24            3 
 25            4 
 26            2 
 27            1 
 28            4 
 29            2 
 30            9 
 31            2 
 32            8 
 33            5 
 34            4 
 35            2 
 36            9 
 37            1 
 38            8 
 39            8 
 40            1 
 41            9 
 42            3 
 43            4 
 44            9 
 45            7 
 46            2 
 47            9 
 48            1 
 49            4 
 50            2 
 51            6 
 52            3 
 53            2 
 54            2 
 55            8 
 56            7 
 57            9 
 58            4 
 59            2 
 60            2 
 61            4 
 62            9 
 63            9 
 64            3 
 65            5 
 66            8 
 67            8 
 68            1 
 69            2 
 70            2 
 71            2 
 72            10 
 73            4 
 74            6 
 75            4 
 76            4 
 77            5 
 78            6 
 79            2 
 80            6 
 81            3 
 82            10 
 83            9 
 84            5 
 85            6 
 86            4 
 87            3 
 88            10 
 89            8 
 90            8 
 91            6 
 92            1 
 93            9 
 94            9 
 95            10 
 96            10 
 97            1 
 98            6 
 99            9 
 100           7 
 101           4 
 102           8 
 103           8 
 104           2 
 105           1 
 106           8 
 107           3 
 108           1 
 109           5 
 110           9 
 111           2 
 112           3 
 113           5 
 114           3 
 115           9 
 116           8 
 117           10 
 118           7 
 119           7 
 120           5 
 121           9 
 122           3 
 123           2 
 124           6 
 125           1 
 126           2 
 127           5 
 128           3 
 129           2 
 130           7 
 131           6 
 132           1 
 133           7 
 134           2 
 135           8 
 136           6 
 137           4 
 138           9 
 139           5 
 140           10 
 141           5 
 142           2 
 143           1 
 144           9 
 145           6 
 146           7 
 147           6 
 148           7 
 149           8 
 150           5 
 151           7 
 152           4 
 153           9 
 154           4 
 155           3 
 156           2 
 157           3 
 158           10 
 159           5 
 160           5 
 161           9 
 162           8 
 163           3 
 164           2 
 165           3 
 166           8 
 167           8 
 168           2 
 169           6 
 170           5 
 171           6 
 172           6 
 173           10 
 174           7 
 175           4 
 176           3 
 177           6 
 178           2 
 179           7 
 180           3 
 181           1 
 182           2 
 183           3 
 184           8 
 185           2 
 186           7 
 187           3 
 188           10 
 189           10 
 190           7 
 191           7 
 192           1 
 193           10 
 194           1 
 195           2 
 196           9 
 197           5 
 198           10 
 199           7 
 200           5 
 201           7 
 202           1 
 203           6 
 204           5 
 205           3 
 206           6 
 207           7 
 208           5 
 209           9 
 210           2 
 211           5 
 212           7 
 213           7 
 214           2 
 215           9 
 216           6 
 217           9 
 218           5 
 219           8 
 220           5 
 221           10 
 222           4 
 223           1 
 224           10 
 225           7 
 226           9 
 227           4 
 228           3 
 229           10 
 230           9 
 231           10 
 232           9 
 233           9 
 234           3 
 235           2 
 236           5 
 237           7 
 238           3 
 239           8 
 240           9 
 241           1 
 242           1 
 243           7 
 244           4 
 245           8 
 246           2 
 247           3 
 248           2 
 249           8 
 250           5 
 251           5 
 252           9 
 253           6 
 254           5 
 255           7 
 256           4 
 257           5 
 258           8 
 259           8 
 260           3 
 261           2 
 262           6 
 263           7 
 264           1 
 265           7 
 266           3 
 267           8 
 268           9 
 269           7 
 270           3 
 271           1 
 272           5 
 273           5 
 274           3 
 275           5 
 276           9 
 277           9 
 278           4 
 279           1 
 280           9 
 281           8 
 282           9 
 283           8 
 284           10 
 285           4 
 286           6 
 287           1 
 288           4 
 289           7 
 290           1 
 291           4 
 292           9 
 293           5 
 294           4 
 295           3 
 296           6 
 297           6 
 298           8 
 299           8 
 300           5 
 301           10 
 302           0 
