 1             0 
 2             7 
 3             2 
 4             1 
 5             8 
 6             2 
 7             2 
 8             8 
 9             10 
 10            5 
 11            9 
 12            3 
 13            9 
 14            6 
 15            1 
 16            9 
 17            9 
 18            4 
 19            3 
 20            1 
 21            6 
 22            1 
 23            4 
 24            9 
 25            2 
 26            8 
 27            8 
 28            4 
 29            7 
 30            4 
 31            1 
 32            6 
 33            5 
 34            10 
 35            8 
 36            5 
 37            1 
 38            1 
 39            2 
 40            7 
 41            10 
 42            8 
 43            10 
 44            3 
 45            1 
 46            2 
 47            10 
 48            5 
 49            7 
 50            6 
 51            7 
 52            10 
 53            5 
 54            9 
 55            7 
 56            3 
 57            3 
 58            3 
 59            4 
 60            8 
 61            1 
 62            4 
 63            5 
 64            2 
 65            4 
 66            2 
 67            6 
 68            10 
 69            8 
 70            1 
 71            3 
 72            6 
 73            8 
 74            7 
 75            1 
 76            7 
 77            8 
 78            3 
 79            7 
 80            10 
 81            5 
 82            9 
 83            7 
 84            4 
 85            1 
 86            2 
 87            4 
 88            6 
 89            9 
 90            4 
 91            3 
 92            7 
 93            6 
 94            6 
 95            7 
 96            2 
 97            3 
 98            3 
 99            7 
 100           9 
 101           9 
 102           1 
 103           9 
 104           4 
 105           8 
 106           1 
 107           7 
 108           1 
 109           10 
 110           8 
 111           8 
 112           1 
 113           2 
 114           2 
 115           3 
 116           7 
 117           4 
 118           2 
 119           7 
 120           7 
 121           5 
 122           4 
 123           6 
 124           9 
 125           1 
 126           1 
 127           7 
 128           7 
 129           6 
 130           2 
 131           3 
 132           6 
 133           1 
 134           2 
 135           1 
 136           9 
 137           10 
 138           7 
 139           2 
 140           1 
 141           4 
 142           1 
 143           5 
 144           2 
 145           10 
 146           10 
 147           5 
 148           4 
 149           5 
 150           10 
 151           3 
 152           10 
 153           3 
 154           3 
 155           2 
 156           1 
 157           10 
 158           10 
 159           5 
 160           3 
 161           3 
 162           9 
 163           8 
 164           8 
 165           1 
 166           2 
 167           6 
 168           4 
 169           1 
 170           5 
 171           4 
 172           10 
 173           4 
 174           2 
 175           10 
 176           1 
 177           6 
 178           2 
 179           1 
 180           5 
 181           9 
 182           6 
 183           7 
 184           3 
 185           10 
 186           7 
 187           10 
 188           4 
 189           8 
 190           1 
 191           6 
 192           9 
 193           4 
 194           3 
 195           1 
 196           8 
 197           1 
 198           5 
 199           7 
 200           2 
 201           1 
 202           5 
 203           3 
 204           5 
 205           1 
 206           1 
 207           9 
 208           10 
 209           10 
 210           3 
 211           2 
 212           3 
 213           10 
 214           5 
 215           7 
 216           7 
 217           6 
 218           6 
 219           5 
 220           8 
 221           7 
 222           7 
 223           2 
 224           4 
 225           10 
 226           5 
 227           8 
 228           6 
 229           10 
 230           1 
 231           9 
 232           10 
 233           5 
 234           8 
 235           7 
 236           2 
 237           5 
 238           10 
 239           8 
 240           7 
 241           1 
 242           9 
 243           7 
 244           9 
 245           1 
 246           8 
 247           2 
 248           8 
 249           9 
 250           8 
 251           3 
 252           1 
 253           6 
 254           5 
 255           4 
 256           5 
 257           4 
 258           9 
 259           5 
 260           4 
 261           9 
 262           1 
 263           9 
 264           6 
 265           8 
 266           10 
 267           6 
 268           9 
 269           1 
 270           2 
 271           3 
 272           10 
 273           10 
 274           7 
 275           1 
 276           2 
 277           2 
 278           3 
 279           6 
 280           10 
 281           10 
 282           4 
 283           1 
 284           3 
 285           5 
 286           6 
 287           10 
 288           6 
 289           1 
 290           8 
 291           7 
 292           5 
 293           7 
 294           3 
 295           6 
 296           7 
 297           4 
 298           10 
 299           2 
 300           9 
 301           3 
 302           0 
