 1             0 
 2             1 
 3             3 
 4             9 
 5             3 
 6             2 
 7             9 
 8             1 
 9             2 
 10            6 
 11            3 
 12            5 
 13            4 
 14            2 
 15            9 
 16            9 
 17            8 
 18            7 
 19            8 
 20            2 
 21            2 
 22            7 
 23            3 
 24            1 
 25            7 
 26            1 
 27            5 
 28            1 
 29            5 
 30            10 
 31            8 
 32            7 
 33            1 
 34            7 
 35            6 
 36            8 
 37            1 
 38            4 
 39            4 
 40            4 
 41            8 
 42            4 
 43            7 
 44            5 
 45            9 
 46            3 
 47            8 
 48            1 
 49            2 
 50            7 
 51            7 
 52            1 
 53            2 
 54            5 
 55            9 
 56            10 
 57            1 
 58            8 
 59            5 
 60            9 
 61            10 
 62            9 
 63            7 
 64            10 
 65            1 
 66            6 
 67            7 
 68            4 
 69            3 
 70            5 
 71            8 
 72            3 
 73            5 
 74            9 
 75            4 
 76            5 
 77            10 
 78            1 
 79            5 
 80            9 
 81            7 
 82            9 
 83            9 
 84            3 
 85            4 
 86            3 
 87            6 
 88            8 
 89            7 
 90            4 
 91            10 
 92            2 
 93            6 
 94            10 
 95            6 
 96            7 
 97            3 
 98            3 
 99            3 
 100           1 
 101           6 
 102           6 
 103           10 
 104           10 
 105           7 
 106           6 
 107           10 
 108           7 
 109           9 
 110           2 
 111           9 
 112           6 
 113           3 
 114           3 
 115           6 
 116           10 
 117           5 
 118           1 
 119           5 
 120           9 
 121           7 
 122           3 
 123           8 
 124           10 
 125           5 
 126           1 
 127           9 
 128           5 
 129           2 
 130           4 
 131           5 
 132           3 
 133           6 
 134           5 
 135           7 
 136           6 
 137           9 
 138           2 
 139           4 
 140           4 
 141           1 
 142           6 
 143           9 
 144           1 
 145           10 
 146           7 
 147           3 
 148           6 
 149           5 
 150           6 
 151           8 
 152           3 
 153           6 
 154           3 
 155           5 
 156           2 
 157           9 
 158           1 
 159           3 
 160           2 
 161           4 
 162           3 
 163           2 
 164           4 
 165           3 
 166           8 
 167           9 
 168           6 
 169           5 
 170           2 
 171           5 
 172           3 
 173           8 
 174           4 
 175           4 
 176           4 
 177           7 
 178           6 
 179           5 
 180           10 
 181           10 
 182           3 
 183           3 
 184           5 
 185           1 
 186           4 
 187           9 
 188           10 
 189           10 
 190           7 
 191           1 
 192           7 
 193           9 
 194           5 
 195           1 
 196           10 
 197           6 
 198           1 
 199           6 
 200           8 
 201           1 
 202           1 
 203           9 
 204           3 
 205           9 
 206           6 
 207           2 
 208           8 
 209           7 
 210           7 
 211           7 
 212           3 
 213           7 
 214           6 
 215           3 
 216           2 
 217           4 
 218           3 
 219           2 
 220           6 
 221           3 
 222           5 
 223           1 
 224           1 
 225           4 
 226           4 
 227           1 
 228           6 
 229           4 
 230           1 
 231           1 
 232           7 
 233           2 
 234           8 
 235           9 
 236           5 
 237           9 
 238           9 
 239           9 
 240           8 
 241           9 
 242           3 
 243           2 
 244           9 
 245           9 
 246           6 
 247           6 
 248           2 
 249           8 
 250           5 
 251           8 
 252           7 
 253           6 
 254           2 
 255           4 
 256           2 
 257           7 
 258           6 
 259           2 
 260           5 
 261           6 
 262           10 
 263           3 
 264           10 
 265           10 
 266           8 
 267           3 
 268           10 
 269           7 
 270           5 
 271           6 
 272           6 
 273           2 
 274           2 
 275           8 
 276           5 
 277           5 
 278           10 
 279           3 
 280           10 
 281           5 
 282           10 
 283           10 
 284           2 
 285           3 
 286           9 
 287           7 
 288           3 
 289           8 
 290           9 
 291           7 
 292           9 
 293           3 
 294           7 
 295           3 
 296           1 
 297           3 
 298           7 
 299           5 
 300           9 
 301           10 
 302           0 
