 1             0 
 2             4 
 3             5 
 4             4 
 5             4 
 6             8 
 7             1 
 8             10 
 9             6 
 10            4 
 11            4 
 12            5 
 13            7 
 14            1 
 15            3 
 16            4 
 17            8 
 18            10 
 19            9 
 20            9 
 21            10 
 22            10 
 23            5 
 24            6 
 25            9 
 26            2 
 27            4 
 28            4 
 29            6 
 30            1 
 31            8 
 32            3 
 33            8 
 34            1 
 35            4 
 36            10 
 37            1 
 38            4 
 39            9 
 40            3 
 41            8 
 42            2 
 43            1 
 44            1 
 45            4 
 46            3 
 47            9 
 48            5 
 49            2 
 50            10 
 51            4 
 52            5 
 53            4 
 54            9 
 55            6 
 56            3 
 57            6 
 58            6 
 59            1 
 60            7 
 61            6 
 62            3 
 63            1 
 64            7 
 65            9 
 66            8 
 67            2 
 68            9 
 69            8 
 70            8 
 71            10 
 72            7 
 73            9 
 74            5 
 75            2 
 76            8 
 77            10 
 78            7 
 79            8 
 80            10 
 81            9 
 82            6 
 83            4 
 84            6 
 85            1 
 86            4 
 87            7 
 88            8 
 89            8 
 90            6 
 91            2 
 92            10 
 93            3 
 94            1 
 95            10 
 96            5 
 97            6 
 98            7 
 99            9 
 100           6 
 101           7 
 102           8 
 103           4 
 104           5 
 105           8 
 106           3 
 107           10 
 108           7 
 109           10 
 110           6 
 111           9 
 112           10 
 113           3 
 114           2 
 115           8 
 116           6 
 117           2 
 118           10 
 119           3 
 120           1 
 121           3 
 122           9 
 123           5 
 124           4 
 125           5 
 126           4 
 127           2 
 128           2 
 129           10 
 130           5 
 131           10 
 132           3 
 133           8 
 134           1 
 135           9 
 136           2 
 137           10 
 138           6 
 139           4 
 140           7 
 141           7 
 142           2 
 143           7 
 144           2 
 145           10 
 146           5 
 147           2 
 148           5 
 149           6 
 150           1 
 151           9 
 152           7 
 153           2 
 154           1 
 155           5 
 156           2 
 157           1 
 158           9 
 159           9 
 160           4 
 161           6 
 162           2 
 163           3 
 164           6 
 165           8 
 166           7 
 167           9 
 168           4 
 169           4 
 170           10 
 171           9 
 172           2 
 173           8 
 174           5 
 175           8 
 176           6 
 177           10 
 178           4 
 179           3 
 180           9 
 181           2 
 182           7 
 183           6 
 184           6 
 185           10 
 186           4 
 187           4 
 188           3 
 189           4 
 190           8 
 191           1 
 192           6 
 193           5 
 194           6 
 195           8 
 196           7 
 197           3 
 198           3 
 199           6 
 200           10 
 201           10 
 202           2 
 203           7 
 204           8 
 205           1 
 206           10 
 207           3 
 208           8 
 209           2 
 210           3 
 211           7 
 212           8 
 213           3 
 214           3 
 215           2 
 216           7 
 217           7 
 218           2 
 219           10 
 220           3 
 221           9 
 222           4 
 223           8 
 224           1 
 225           10 
 226           3 
 227           9 
 228           5 
 229           5 
 230           10 
 231           5 
 232           10 
 233           6 
 234           8 
 235           7 
 236           1 
 237           9 
 238           9 
 239           5 
 240           3 
 241           1 
 242           5 
 243           3 
 244           3 
 245           1 
 246           2 
 247           2 
 248           2 
 249           3 
 250           1 
 251           5 
 252           8 
 253           6 
 254           10 
 255           2 
 256           1 
 257           6 
 258           9 
 259           10 
 260           6 
 261           1 
 262           4 
 263           7 
 264           10 
 265           5 
 266           3 
 267           8 
 268           1 
 269           8 
 270           5 
 271           5 
 272           7 
 273           8 
 274           1 
 275           6 
 276           1 
 277           7 
 278           6 
 279           1 
 280           1 
 281           9 
 282           2 
 283           8 
 284           1 
 285           4 
 286           8 
 287           8 
 288           5 
 289           2 
 290           5 
 291           3 
 292           8 
 293           6 
 294           3 
 295           1 
 296           5 
 297           1 
 298           6 
 299           4 
 300           10 
 301           1 
 302           0 
