 1             0 
 2             5 
 3             3 
 4             8 
 5             9 
 6             9 
 7             8 
 8             5 
 9             5 
 10            10 
 11            5 
 12            9 
 13            9 
 14            6 
 15            4 
 16            1 
 17            9 
 18            5 
 19            2 
 20            7 
 21            1 
 22            1 
 23            8 
 24            2 
 25            6 
 26            5 
 27            6 
 28            2 
 29            3 
 30            1 
 31            8 
 32            1 
 33            2 
 34            1 
 35            7 
 36            1 
 37            3 
 38            10 
 39            2 
 40            9 
 41            8 
 42            3 
 43            3 
 44            3 
 45            3 
 46            6 
 47            10 
 48            6 
 49            8 
 50            4 
 51            5 
 52            4 
 53            8 
 54            7 
 55            4 
 56            6 
 57            7 
 58            8 
 59            3 
 60            8 
 61            3 
 62            6 
 63            4 
 64            1 
 65            2 
 66            10 
 67            6 
 68            2 
 69            4 
 70            5 
 71            9 
 72            10 
 73            10 
 74            9 
 75            3 
 76            1 
 77            4 
 78            5 
 79            8 
 80            2 
 81            7 
 82            5 
 83            1 
 84            7 
 85            6 
 86            7 
 87            10 
 88            1 
 89            6 
 90            2 
 91            5 
 92            10 
 93            1 
 94            3 
 95            2 
 96            10 
 97            7 
 98            3 
 99            9 
 100           8 
 101           7 
 102           9 
 103           10 
 104           5 
 105           1 
 106           2 
 107           2 
 108           6 
 109           2 
 110           2 
 111           1 
 112           4 
 113           1 
 114           1 
 115           3 
 116           9 
 117           7 
 118           3 
 119           6 
 120           6 
 121           1 
 122           2 
 123           1 
 124           8 
 125           6 
 126           7 
 127           8 
 128           9 
 129           10 
 130           8 
 131           3 
 132           10 
 133           1 
 134           2 
 135           7 
 136           3 
 137           9 
 138           5 
 139           6 
 140           7 
 141           4 
 142           5 
 143           2 
 144           1 
 145           3 
 146           9 
 147           2 
 148           3 
 149           8 
 150           9 
 151           5 
 152           6 
 153           1 
 154           3 
 155           10 
 156           3 
 157           7 
 158           10 
 159           3 
 160           9 
 161           9 
 162           4 
 163           4 
 164           10 
 165           5 
 166           5 
 167           8 
 168           6 
 169           1 
 170           5 
 171           10 
 172           2 
 173           5 
 174           5 
 175           8 
 176           2 
 177           1 
 178           5 
 179           6 
 180           2 
 181           8 
 182           2 
 183           9 
 184           7 
 185           9 
 186           10 
 187           6 
 188           6 
 189           10 
 190           4 
 191           6 
 192           5 
 193           5 
 194           4 
 195           2 
 196           10 
 197           8 
 198           8 
 199           7 
 200           8 
 201           7 
 202           1 
 203           10 
 204           6 
 205           5 
 206           8 
 207           8 
 208           10 
 209           3 
 210           2 
 211           9 
 212           7 
 213           5 
 214           2 
 215           1 
 216           3 
 217           4 
 218           2 
 219           6 
 220           2 
 221           5 
 222           6 
 223           2 
 224           3 
 225           4 
 226           1 
 227           2 
 228           10 
 229           9 
 230           2 
 231           1 
 232           6 
 233           4 
 234           6 
 235           8 
 236           2 
 237           10 
 238           2 
 239           9 
 240           5 
 241           10 
 242           10 
 243           8 
 244           1 
 245           6 
 246           10 
 247           8 
 248           1 
 249           7 
 250           2 
 251           9 
 252           3 
 253           5 
 254           4 
 255           9 
 256           2 
 257           1 
 258           9 
 259           10 
 260           3 
 261           4 
 262           2 
 263           7 
 264           7 
 265           8 
 266           10 
 267           4 
 268           2 
 269           3 
 270           9 
 271           2 
 272           3 
 273           2 
 274           9 
 275           5 
 276           10 
 277           8 
 278           6 
 279           6 
 280           2 
 281           10 
 282           4 
 283           7 
 284           9 
 285           6 
 286           4 
 287           4 
 288           3 
 289           4 
 290           3 
 291           10 
 292           10 
 293           2 
 294           10 
 295           1 
 296           3 
 297           10 
 298           6 
 299           4 
 300           9 
 301           4 
 302           0 
