 1             0 
 2             1 
 3             9 
 4             6 
 5             9 
 6             2 
 7             2 
 8             4 
 9             7 
 10            2 
 11            5 
 12            7 
 13            1 
 14            9 
 15            3 
 16            8 
 17            9 
 18            5 
 19            7 
 20            9 
 21            3 
 22            8 
 23            8 
 24            2 
 25            10 
 26            5 
 27            6 
 28            4 
 29            5 
 30            7 
 31            7 
 32            3 
 33            5 
 34            6 
 35            2 
 36            8 
 37            9 
 38            4 
 39            1 
 40            9 
 41            6 
 42            6 
 43            8 
 44            1 
 45            9 
 46            7 
 47            6 
 48            6 
 49            4 
 50            9 
 51            6 
 52            7 
 53            7 
 54            10 
 55            10 
 56            1 
 57            7 
 58            1 
 59            1 
 60            2 
 61            2 
 62            7 
 63            5 
 64            10 
 65            5 
 66            10 
 67            4 
 68            2 
 69            8 
 70            8 
 71            6 
 72            5 
 73            7 
 74            1 
 75            2 
 76            10 
 77            7 
 78            9 
 79            7 
 80            10 
 81            6 
 82            8 
 83            2 
 84            8 
 85            6 
 86            5 
 87            7 
 88            8 
 89            2 
 90            5 
 91            7 
 92            2 
 93            4 
 94            7 
 95            3 
 96            8 
 97            6 
 98            1 
 99            2 
 100           5 
 101           9 
 102           3 
 103           1 
 104           2 
 105           7 
 106           1 
 107           3 
 108           4 
 109           8 
 110           10 
 111           7 
 112           8 
 113           7 
 114           6 
 115           4 
 116           7 
 117           5 
 118           6 
 119           9 
 120           3 
 121           6 
 122           3 
 123           3 
 124           4 
 125           4 
 126           7 
 127           8 
 128           3 
 129           3 
 130           10 
 131           8 
 132           8 
 133           1 
 134           3 
 135           3 
 136           6 
 137           6 
 138           1 
 139           4 
 140           1 
 141           9 
 142           4 
 143           7 
 144           7 
 145           4 
 146           8 
 147           4 
 148           5 
 149           1 
 150           10 
 151           8 
 152           3 
 153           10 
 154           4 
 155           5 
 156           3 
 157           5 
 158           3 
 159           8 
 160           4 
 161           9 
 162           6 
 163           6 
 164           1 
 165           2 
 166           6 
 167           5 
 168           2 
 169           8 
 170           2 
 171           7 
 172           10 
 173           3 
 174           4 
 175           4 
 176           8 
 177           6 
 178           7 
 179           3 
 180           7 
 181           10 
 182           5 
 183           1 
 184           4 
 185           5 
 186           5 
 187           6 
 188           4 
 189           7 
 190           5 
 191           7 
 192           10 
 193           3 
 194           6 
 195           7 
 196           7 
 197           8 
 198           2 
 199           2 
 200           8 
 201           3 
 202           5 
 203           1 
 204           8 
 205           8 
 206           10 
 207           7 
 208           1 
 209           1 
 210           5 
 211           8 
 212           5 
 213           7 
 214           6 
 215           2 
 216           1 
 217           9 
 218           3 
 219           2 
 220           10 
 221           8 
 222           4 
 223           10 
 224           4 
 225           7 
 226           6 
 227           9 
 228           6 
 229           5 
 230           4 
 231           2 
 232           6 
 233           8 
 234           3 
 235           4 
 236           3 
 237           5 
 238           2 
 239           6 
 240           7 
 241           3 
 242           2 
 243           6 
 244           6 
 245           8 
 246           1 
 247           1 
 248           5 
 249           2 
 250           7 
 251           4 
 252           10 
 253           4 
 254           2 
 255           6 
 256           3 
 257           8 
 258           8 
 259           10 
 260           5 
 261           8 
 262           3 
 263           1 
 264           6 
 265           9 
 266           2 
 267           2 
 268           8 
 269           7 
 270           8 
 271           9 
 272           8 
 273           1 
 274           8 
 275           3 
 276           9 
 277           2 
 278           8 
 279           5 
 280           10 
 281           2 
 282           8 
 283           3 
 284           7 
 285           6 
 286           2 
 287           6 
 288           9 
 289           9 
 290           3 
 291           2 
 292           10 
 293           7 
 294           8 
 295           6 
 296           6 
 297           2 
 298           5 
 299           7 
 300           8 
 301           7 
 302           0 
