 1             0 
 2             9 
 3             6 
 4             4 
 5             3 
 6             4 
 7             1 
 8             3 
 9             8 
 10            9 
 11            2 
 12            4 
 13            8 
 14            6 
 15            10 
 16            10 
 17            3 
 18            3 
 19            8 
 20            1 
 21            8 
 22            1 
 23            10 
 24            10 
 25            2 
 26            3 
 27            1 
 28            7 
 29            6 
 30            3 
 31            3 
 32            1 
 33            10 
 34            7 
 35            5 
 36            9 
 37            1 
 38            9 
 39            2 
 40            10 
 41            2 
 42            7 
 43            2 
 44            8 
 45            6 
 46            9 
 47            10 
 48            9 
 49            9 
 50            1 
 51            6 
 52            9 
 53            1 
 54            7 
 55            6 
 56            6 
 57            6 
 58            1 
 59            1 
 60            2 
 61            7 
 62            6 
 63            7 
 64            1 
 65            6 
 66            8 
 67            6 
 68            10 
 69            6 
 70            4 
 71            8 
 72            1 
 73            4 
 74            6 
 75            8 
 76            3 
 77            10 
 78            7 
 79            5 
 80            7 
 81            8 
 82            1 
 83            6 
 84            6 
 85            6 
 86            6 
 87            4 
 88            1 
 89            1 
 90            4 
 91            3 
 92            2 
 93            5 
 94            10 
 95            6 
 96            2 
 97            9 
 98            9 
 99            6 
 100           10 
 101           7 
 102           3 
 103           8 
 104           2 
 105           5 
 106           10 
 107           2 
 108           7 
 109           2 
 110           1 
 111           6 
 112           5 
 113           2 
 114           8 
 115           1 
 116           9 
 117           2 
 118           10 
 119           9 
 120           2 
 121           1 
 122           4 
 123           8 
 124           9 
 125           8 
 126           10 
 127           1 
 128           8 
 129           8 
 130           5 
 131           5 
 132           10 
 133           5 
 134           7 
 135           7 
 136           2 
 137           3 
 138           9 
 139           3 
 140           4 
 141           1 
 142           10 
 143           9 
 144           10 
 145           1 
 146           5 
 147           8 
 148           1 
 149           10 
 150           7 
 151           6 
 152           10 
 153           10 
 154           6 
 155           5 
 156           5 
 157           5 
 158           1 
 159           8 
 160           3 
 161           5 
 162           9 
 163           10 
 164           8 
 165           8 
 166           4 
 167           9 
 168           9 
 169           1 
 170           7 
 171           2 
 172           8 
 173           4 
 174           10 
 175           10 
 176           6 
 177           9 
 178           5 
 179           5 
 180           9 
 181           4 
 182           4 
 183           1 
 184           4 
 185           4 
 186           9 
 187           4 
 188           6 
 189           4 
 190           2 
 191           7 
 192           2 
 193           1 
 194           4 
 195           1 
 196           2 
 197           8 
 198           9 
 199           8 
 200           4 
 201           9 
 202           7 
 203           8 
 204           3 
 205           10 
 206           2 
 207           8 
 208           2 
 209           4 
 210           3 
 211           6 
 212           4 
 213           8 
 214           6 
 215           1 
 216           1 
 217           9 
 218           4 
 219           4 
 220           6 
 221           9 
 222           7 
 223           5 
 224           4 
 225           8 
 226           7 
 227           7 
 228           2 
 229           10 
 230           10 
 231           5 
 232           7 
 233           2 
 234           2 
 235           7 
 236           10 
 237           1 
 238           2 
 239           8 
 240           1 
 241           3 
 242           9 
 243           3 
 244           5 
 245           7 
 246           7 
 247           4 
 248           2 
 249           1 
 250           2 
 251           5 
 252           1 
 253           10 
 254           2 
 255           6 
 256           6 
 257           10 
 258           3 
 259           2 
 260           7 
 261           10 
 262           2 
 263           3 
 264           5 
 265           7 
 266           9 
 267           2 
 268           5 
 269           8 
 270           4 
 271           4 
 272           3 
 273           4 
 274           8 
 275           9 
 276           10 
 277           1 
 278           5 
 279           5 
 280           7 
 281           2 
 282           6 
 283           9 
 284           5 
 285           5 
 286           3 
 287           10 
 288           2 
 289           1 
 290           5 
 291           9 
 292           7 
 293           3 
 294           6 
 295           2 
 296           1 
 297           8 
 298           2 
 299           6 
 300           2 
 301           5 
 302           0 
