 1             0 
 2             3 
 3             3 
 4             3 
 5             2 
 6             10 
 7             1 
 8             9 
 9             10 
 10            2 
 11            3 
 12            10 
 13            3 
 14            9 
 15            3 
 16            4 
 17            6 
 18            2 
 19            6 
 20            8 
 21            3 
 22            3 
 23            2 
 24            10 
 25            2 
 26            10 
 27            4 
 28            10 
 29            9 
 30            3 
 31            2 
 32            6 
 33            8 
 34            8 
 35            6 
 36            2 
 37            10 
 38            10 
 39            1 
 40            9 
 41            2 
 42            5 
 43            4 
 44            6 
 45            7 
 46            7 
 47            6 
 48            6 
 49            4 
 50            6 
 51            5 
 52            3 
 53            7 
 54            2 
 55            7 
 56            5 
 57            6 
 58            9 
 59            6 
 60            10 
 61            10 
 62            2 
 63            2 
 64            8 
 65            5 
 66            8 
 67            5 
 68            8 
 69            3 
 70            4 
 71            7 
 72            7 
 73            7 
 74            2 
 75            4 
 76            5 
 77            3 
 78            7 
 79            5 
 80            6 
 81            6 
 82            2 
 83            8 
 84            4 
 85            6 
 86            10 
 87            5 
 88            10 
 89            8 
 90            3 
 91            9 
 92            5 
 93            8 
 94            9 
 95            2 
 96            10 
 97            1 
 98            4 
 99            7 
 100           4 
 101           9 
 102           5 
 103           3 
 104           5 
 105           2 
 106           9 
 107           3 
 108           9 
 109           9 
 110           9 
 111           2 
 112           7 
 113           5 
 114           3 
 115           5 
 116           9 
 117           3 
 118           1 
 119           6 
 120           1 
 121           2 
 122           5 
 123           7 
 124           10 
 125           6 
 126           7 
 127           1 
 128           4 
 129           7 
 130           8 
 131           8 
 132           8 
 133           2 
 134           2 
 135           3 
 136           9 
 137           7 
 138           2 
 139           4 
 140           2 
 141           6 
 142           8 
 143           5 
 144           5 
 145           9 
 146           10 
 147           10 
 148           2 
 149           4 
 150           6 
 151           6 
 152           4 
 153           7 
 154           8 
 155           9 
 156           5 
 157           3 
 158           9 
 159           7 
 160           8 
 161           10 
 162           7 
 163           5 
 164           1 
 165           10 
 166           7 
 167           5 
 168           7 
 169           3 
 170           1 
 171           3 
 172           10 
 173           8 
 174           3 
 175           2 
 176           3 
 177           1 
 178           4 
 179           3 
 180           5 
 181           6 
 182           8 
 183           9 
 184           5 
 185           6 
 186           10 
 187           2 
 188           10 
 189           3 
 190           1 
 191           5 
 192           1 
 193           4 
 194           2 
 195           10 
 196           1 
 197           7 
 198           5 
 199           1 
 200           9 
 201           10 
 202           2 
 203           1 
 204           9 
 205           9 
 206           3 
 207           3 
 208           9 
 209           9 
 210           3 
 211           6 
 212           1 
 213           6 
 214           1 
 215           5 
 216           4 
 217           6 
 218           10 
 219           8 
 220           5 
 221           1 
 222           2 
 223           1 
 224           5 
 225           3 
 226           1 
 227           6 
 228           2 
 229           6 
 230           3 
 231           10 
 232           9 
 233           7 
 234           9 
 235           10 
 236           2 
 237           7 
 238           1 
 239           1 
 240           3 
 241           10 
 242           1 
 243           9 
 244           3 
 245           3 
 246           1 
 247           3 
 248           9 
 249           8 
 250           1 
 251           6 
 252           5 
 253           7 
 254           5 
 255           8 
 256           8 
 257           10 
 258           1 
 259           3 
 260           9 
 261           9 
 262           1 
 263           3 
 264           3 
 265           6 
 266           10 
 267           9 
 268           6 
 269           3 
 270           1 
 271           4 
 272           6 
 273           1 
 274           3 
 275           8 
 276           5 
 277           6 
 278           6 
 279           1 
 280           10 
 281           1 
 282           7 
 283           2 
 284           9 
 285           7 
 286           4 
 287           2 
 288           1 
 289           5 
 290           8 
 291           6 
 292           10 
 293           9 
 294           2 
 295           8 
 296           6 
 297           2 
 298           1 
 299           6 
 300           8 
 301           6 
 302           0 
