 1             0 
 2             9 
 3             3 
 4             3 
 5             6 
 6             10 
 7             8 
 8             5 
 9             7 
 10            9 
 11            5 
 12            5 
 13            1 
 14            3 
 15            6 
 16            7 
 17            8 
 18            2 
 19            4 
 20            5 
 21            7 
 22            4 
 23            9 
 24            9 
 25            9 
 26            1 
 27            8 
 28            6 
 29            1 
 30            3 
 31            5 
 32            4 
 33            6 
 34            9 
 35            8 
 36            1 
 37            10 
 38            1 
 39            10 
 40            1 
 41            5 
 42            7 
 43            10 
 44            2 
 45            10 
 46            8 
 47            10 
 48            4 
 49            2 
 50            1 
 51            2 
 52            5 
 53            10 
 54            2 
 55            1 
 56            1 
 57            6 
 58            3 
 59            8 
 60            2 
 61            9 
 62            6 
 63            2 
 64            7 
 65            2 
 66            9 
 67            6 
 68            7 
 69            9 
 70            5 
 71            3 
 72            6 
 73            1 
 74            9 
 75            7 
 76            1 
 77            6 
 78            10 
 79            3 
 80            10 
 81            6 
 82            9 
 83            2 
 84            9 
 85            8 
 86            5 
 87            8 
 88            4 
 89            2 
 90            8 
 91            4 
 92            5 
 93            1 
 94            8 
 95            6 
 96            1 
 97            5 
 98            5 
 99            7 
 100           3 
 101           5 
 102           7 
 103           4 
 104           7 
 105           7 
 106           5 
 107           5 
 108           6 
 109           9 
 110           9 
 111           4 
 112           2 
 113           9 
 114           6 
 115           1 
 116           10 
 117           9 
 118           10 
 119           3 
 120           7 
 121           9 
 122           1 
 123           3 
 124           6 
 125           4 
 126           7 
 127           10 
 128           4 
 129           7 
 130           4 
 131           9 
 132           7 
 133           2 
 134           5 
 135           5 
 136           6 
 137           1 
 138           6 
 139           1 
 140           10 
 141           2 
 142           7 
 143           7 
 144           4 
 145           10 
 146           5 
 147           4 
 148           8 
 149           2 
 150           9 
 151           5 
 152           7 
 153           7 
 154           10 
 155           3 
 156           1 
 157           6 
 158           1 
 159           7 
 160           5 
 161           10 
 162           8 
 163           3 
 164           1 
 165           5 
 166           7 
 167           2 
 168           8 
 169           8 
 170           2 
 171           4 
 172           8 
 173           8 
 174           3 
 175           1 
 176           8 
 177           3 
 178           5 
 179           9 
 180           3 
 181           6 
 182           1 
 183           8 
 184           10 
 185           8 
 186           1 
 187           10 
 188           4 
 189           7 
 190           4 
 191           8 
 192           7 
 193           2 
 194           10 
 195           10 
 196           6 
 197           7 
 198           8 
 199           2 
 200           6 
 201           8 
 202           8 
 203           7 
 204           4 
 205           3 
 206           1 
 207           6 
 208           3 
 209           9 
 210           8 
 211           5 
 212           4 
 213           5 
 214           6 
 215           5 
 216           6 
 217           3 
 218           3 
 219           9 
 220           5 
 221           9 
 222           10 
 223           8 
 224           9 
 225           10 
 226           10 
 227           8 
 228           1 
 229           2 
 230           7 
 231           2 
 232           2 
 233           6 
 234           4 
 235           5 
 236           3 
 237           5 
 238           8 
 239           1 
 240           8 
 241           6 
 242           10 
 243           1 
 244           6 
 245           2 
 246           2 
 247           10 
 248           3 
 249           10 
 250           2 
 251           5 
 252           7 
 253           2 
 254           6 
 255           5 
 256           7 
 257           10 
 258           8 
 259           1 
 260           5 
 261           5 
 262           9 
 263           8 
 264           8 
 265           8 
 266           2 
 267           2 
 268           5 
 269           2 
 270           9 
 271           3 
 272           5 
 273           8 
 274           9 
 275           4 
 276           2 
 277           3 
 278           8 
 279           9 
 280           1 
 281           10 
 282           3 
 283           9 
 284           4 
 285           4 
 286           1 
 287           2 
 288           6 
 289           4 
 290           1 
 291           2 
 292           6 
 293           8 
 294           10 
 295           2 
 296           9 
 297           5 
 298           7 
 299           1 
 300           9 
 301           7 
 302           0 
