 1             0 
 2             2 
 3             3 
 4             4 
 5             1 
 6             10 
 7             3 
 8             4 
 9             9 
 10            9 
 11            7 
 12            5 
 13            9 
 14            9 
 15            8 
 16            2 
 17            5 
 18            1 
 19            9 
 20            2 
 21            5 
 22            2 
 23            7 
 24            2 
 25            7 
 26            10 
 27            3 
 28            10 
 29            4 
 30            6 
 31            5 
 32            9 
 33            7 
 34            5 
 35            10 
 36            7 
 37            2 
 38            4 
 39            9 
 40            7 
 41            2 
 42            1 
 43            2 
 44            7 
 45            6 
 46            9 
 47            5 
 48            6 
 49            1 
 50            2 
 51            1 
 52            5 
 53            8 
 54            2 
 55            5 
 56            7 
 57            9 
 58            6 
 59            9 
 60            8 
 61            10 
 62            5 
 63            5 
 64            4 
 65            10 
 66            6 
 67            1 
 68            7 
 69            8 
 70            1 
 71            5 
 72            7 
 73            2 
 74            4 
 75            10 
 76            2 
 77            9 
 78            2 
 79            8 
 80            8 
 81            6 
 82            4 
 83            1 
 84            5 
 85            10 
 86            9 
 87            8 
 88            5 
 89            4 
 90            5 
 91            5 
 92            8 
 93            2 
 94            8 
 95            7 
 96            5 
 97            2 
 98            1 
 99            9 
 100           7 
 101           4 
 102           2 
 103           1 
 104           3 
 105           3 
 106           1 
 107           9 
 108           10 
 109           6 
 110           2 
 111           8 
 112           4 
 113           9 
 114           4 
 115           9 
 116           1 
 117           4 
 118           2 
 119           9 
 120           8 
 121           2 
 122           3 
 123           8 
 124           2 
 125           2 
 126           7 
 127           2 
 128           6 
 129           5 
 130           6 
 131           2 
 132           2 
 133           9 
 134           5 
 135           4 
 136           8 
 137           5 
 138           4 
 139           6 
 140           6 
 141           4 
 142           2 
 143           3 
 144           4 
 145           6 
 146           5 
 147           7 
 148           3 
 149           2 
 150           2 
 151           5 
 152           3 
 153           10 
 154           8 
 155           3 
 156           5 
 157           2 
 158           9 
 159           4 
 160           3 
 161           4 
 162           2 
 163           7 
 164           3 
 165           1 
 166           7 
 167           10 
 168           6 
 169           5 
 170           7 
 171           5 
 172           4 
 173           1 
 174           7 
 175           4 
 176           3 
 177           2 
 178           6 
 179           2 
 180           10 
 181           8 
 182           3 
 183           2 
 184           8 
 185           3 
 186           7 
 187           1 
 188           10 
 189           4 
 190           8 
 191           7 
 192           8 
 193           5 
 194           4 
 195           2 
 196           8 
 197           5 
 198           2 
 199           6 
 200           1 
 201           5 
 202           4 
 203           6 
 204           8 
 205           7 
 206           2 
 207           5 
 208           10 
 209           9 
 210           9 
 211           7 
 212           1 
 213           8 
 214           8 
 215           6 
 216           6 
 217           2 
 218           1 
 219           2 
 220           6 
 221           7 
 222           10 
 223           2 
 224           2 
 225           1 
 226           9 
 227           5 
 228           10 
 229           4 
 230           2 
 231           1 
 232           1 
 233           6 
 234           6 
 235           7 
 236           9 
 237           4 
 238           8 
 239           7 
 240           3 
 241           5 
 242           4 
 243           6 
 244           7 
 245           6 
 246           1 
 247           10 
 248           10 
 249           8 
 250           7 
 251           8 
 252           1 
 253           3 
 254           9 
 255           10 
 256           8 
 257           2 
 258           1 
 259           1 
 260           10 
 261           4 
 262           6 
 263           5 
 264           6 
 265           5 
 266           2 
 267           1 
 268           5 
 269           3 
 270           7 
 271           2 
 272           4 
 273           6 
 274           1 
 275           10 
 276           10 
 277           5 
 278           2 
 279           10 
 280           4 
 281           9 
 282           1 
 283           9 
 284           3 
 285           3 
 286           9 
 287           9 
 288           5 
 289           2 
 290           2 
 291           2 
 292           8 
 293           5 
 294           10 
 295           1 
 296           8 
 297           8 
 298           10 
 299           1 
 300           5 
 301           3 
 302           0 
