 1             0 
 2             9 
 3             6 
 4             4 
 5             1 
 6             7 
 7             2 
 8             7 
 9             6 
 10            1 
 11            8 
 12            1 
 13            7 
 14            4 
 15            8 
 16            2 
 17            3 
 18            10 
 19            2 
 20            5 
 21            7 
 22            4 
 23            10 
 24            8 
 25            6 
 26            1 
 27            7 
 28            8 
 29            8 
 30            8 
 31            2 
 32            2 
 33            5 
 34            10 
 35            8 
 36            6 
 37            2 
 38            4 
 39            6 
 40            10 
 41            4 
 42            2 
 43            9 
 44            1 
 45            6 
 46            10 
 47            7 
 48            9 
 49            5 
 50            2 
 51            6 
 52            9 
 53            9 
 54            10 
 55            2 
 56            5 
 57            10 
 58            3 
 59            5 
 60            4 
 61            2 
 62            4 
 63            10 
 64            2 
 65            10 
 66            7 
 67            4 
 68            9 
 69            6 
 70            6 
 71            8 
 72            9 
 73            4 
 74            4 
 75            4 
 76            7 
 77            10 
 78            9 
 79            7 
 80            7 
 81            5 
 82            1 
 83            3 
 84            4 
 85            10 
 86            1 
 87            3 
 88            5 
 89            1 
 90            10 
 91            3 
 92            4 
 93            4 
 94            6 
 95            6 
 96            10 
 97            7 
 98            3 
 99            4 
 100           8 
 101           1 
 102           10 
 103           4 
 104           10 
 105           2 
 106           10 
 107           6 
 108           8 
 109           2 
 110           1 
 111           8 
 112           2 
 113           6 
 114           7 
 115           9 
 116           6 
 117           7 
 118           3 
 119           1 
 120           6 
 121           3 
 122           10 
 123           4 
 124           5 
 125           10 
 126           2 
 127           4 
 128           4 
 129           2 
 130           3 
 131           8 
 132           7 
 133           5 
 134           1 
 135           4 
 136           7 
 137           1 
 138           3 
 139           2 
 140           9 
 141           6 
 142           9 
 143           9 
 144           7 
 145           4 
 146           4 
 147           6 
 148           8 
 149           7 
 150           10 
 151           3 
 152           2 
 153           5 
 154           1 
 155           10 
 156           7 
 157           5 
 158           7 
 159           7 
 160           7 
 161           2 
 162           6 
 163           3 
 164           9 
 165           6 
 166           1 
 167           4 
 168           4 
 169           1 
 170           3 
 171           9 
 172           7 
 173           5 
 174           10 
 175           6 
 176           10 
 177           2 
 178           4 
 179           8 
 180           4 
 181           4 
 182           7 
 183           4 
 184           9 
 185           4 
 186           1 
 187           3 
 188           2 
 189           8 
 190           3 
 191           2 
 192           9 
 193           10 
 194           7 
 195           7 
 196           7 
 197           3 
 198           2 
 199           8 
 200           10 
 201           7 
 202           9 
 203           2 
 204           4 
 205           9 
 206           1 
 207           10 
 208           1 
 209           9 
 210           7 
 211           7 
 212           2 
 213           1 
 214           6 
 215           8 
 216           6 
 217           6 
 218           1 
 219           9 
 220           2 
 221           7 
 222           1 
 223           2 
 224           7 
 225           4 
 226           9 
 227           3 
 228           10 
 229           6 
 230           9 
 231           5 
 232           10 
 233           3 
 234           1 
 235           3 
 236           6 
 237           5 
 238           1 
 239           5 
 240           3 
 241           10 
 242           10 
 243           1 
 244           4 
 245           3 
 246           4 
 247           8 
 248           8 
 249           8 
 250           2 
 251           9 
 252           7 
 253           5 
 254           9 
 255           3 
 256           1 
 257           5 
 258           10 
 259           6 
 260           2 
 261           4 
 262           8 
 263           4 
 264           6 
 265           4 
 266           9 
 267           10 
 268           7 
 269           1 
 270           9 
 271           2 
 272           8 
 273           1 
 274           4 
 275           7 
 276           8 
 277           3 
 278           3 
 279           3 
 280           10 
 281           10 
 282           10 
 283           5 
 284           4 
 285           7 
 286           7 
 287           6 
 288           7 
 289           4 
 290           8 
 291           5 
 292           4 
 293           6 
 294           8 
 295           3 
 296           1 
 297           4 
 298           10 
 299           5 
 300           6 
 301           1 
 302           0 
