 1             0 
 2             1 
 3             4 
 4             7 
 5             7 
 6             8 
 7             3 
 8             8 
 9             3 
 10            9 
 11            7 
 12            3 
 13            1 
 14            2 
 15            3 
 16            9 
 17            3 
 18            1 
 19            4 
 20            7 
 21            4 
 22            2 
 23            8 
 24            5 
 25            9 
 26            3 
 27            3 
 28            6 
 29            2 
 30            5 
 31            4 
 32            6 
 33            1 
 34            9 
 35            3 
 36            10 
 37            3 
 38            1 
 39            2 
 40            2 
 41            7 
 42            1 
 43            1 
 44            10 
 45            1 
 46            6 
 47            10 
 48            3 
 49            3 
 50            2 
 51            8 
 52            8 
 53            1 
 54            3 
 55            5 
 56            1 
 57            7 
 58            4 
 59            8 
 60            4 
 61            4 
 62            5 
 63            2 
 64            2 
 65            5 
 66            4 
 67            1 
 68            1 
 69            2 
 70            8 
 71            9 
 72            4 
 73            1 
 74            9 
 75            4 
 76            6 
 77            4 
 78            7 
 79            4 
 80            7 
 81            7 
 82            6 
 83            1 
 84            10 
 85            10 
 86            4 
 87            9 
 88            7 
 89            9 
 90            3 
 91            4 
 92            3 
 93            3 
 94            7 
 95            8 
 96            6 
 97            5 
 98            1 
 99            4 
 100           10 
 101           6 
 102           5 
 103           2 
 104           1 
 105           10 
 106           2 
 107           3 
 108           2 
 109           3 
 110           8 
 111           3 
 112           4 
 113           6 
 114           1 
 115           7 
 116           2 
 117           3 
 118           2 
 119           6 
 120           1 
 121           10 
 122           10 
 123           10 
 124           4 
 125           3 
 126           3 
 127           8 
 128           4 
 129           1 
 130           4 
 131           9 
 132           7 
 133           5 
 134           4 
 135           1 
 136           10 
 137           10 
 138           6 
 139           7 
 140           2 
 141           5 
 142           4 
 143           1 
 144           2 
 145           8 
 146           10 
 147           10 
 148           3 
 149           10 
 150           5 
 151           1 
 152           8 
 153           7 
 154           1 
 155           2 
 156           8 
 157           6 
 158           9 
 159           3 
 160           10 
 161           6 
 162           6 
 163           6 
 164           9 
 165           7 
 166           4 
 167           9 
 168           3 
 169           1 
 170           2 
 171           9 
 172           7 
 173           2 
 174           4 
 175           1 
 176           8 
 177           7 
 178           1 
 179           5 
 180           6 
 181           9 
 182           5 
 183           5 
 184           2 
 185           3 
 186           6 
 187           9 
 188           4 
 189           7 
 190           1 
 191           4 
 192           8 
 193           3 
 194           8 
 195           2 
 196           3 
 197           9 
 198           9 
 199           7 
 200           3 
 201           4 
 202           2 
 203           3 
 204           3 
 205           4 
 206           8 
 207           9 
 208           4 
 209           8 
 210           4 
 211           4 
 212           3 
 213           10 
 214           2 
 215           8 
 216           1 
 217           6 
 218           1 
 219           2 
 220           2 
 221           1 
 222           4 
 223           8 
 224           1 
 225           9 
 226           1 
 227           2 
 228           6 
 229           7 
 230           2 
 231           3 
 232           2 
 233           6 
 234           9 
 235           6 
 236           2 
 237           8 
 238           3 
 239           6 
 240           8 
 241           6 
 242           1 
 243           6 
 244           10 
 245           2 
 246           2 
 247           6 
 248           10 
 249           7 
 250           7 
 251           7 
 252           10 
 253           6 
 254           10 
 255           3 
 256           4 
 257           9 
 258           9 
 259           4 
 260           6 
 261           8 
 262           3 
 263           8 
 264           8 
 265           9 
 266           1 
 267           7 
 268           6 
 269           8 
 270           7 
 271           1 
 272           8 
 273           4 
 274           2 
 275           2 
 276           4 
 277           10 
 278           7 
 279           9 
 280           10 
 281           7 
 282           3 
 283           10 
 284           7 
 285           4 
 286           9 
 287           9 
 288           9 
 289           7 
 290           5 
 291           9 
 292           8 
 293           7 
 294           9 
 295           8 
 296           3 
 297           10 
 298           4 
 299           3 
 300           6 
 301           1 
 302           0 
