 1             0 
 2             8 
 3             6 
 4             4 
 5             10 
 6             6 
 7             5 
 8             4 
 9             8 
 10            5 
 11            7 
 12            4 
 13            1 
 14            7 
 15            9 
 16            5 
 17            3 
 18            6 
 19            8 
 20            6 
 21            2 
 22            8 
 23            7 
 24            2 
 25            5 
 26            8 
 27            9 
 28            6 
 29            4 
 30            2 
 31            8 
 32            2 
 33            5 
 34            3 
 35            4 
 36            7 
 37            8 
 38            10 
 39            5 
 40            9 
 41            7 
 42            1 
 43            4 
 44            2 
 45            10 
 46            7 
 47            7 
 48            9 
 49            1 
 50            1 
 51            7 
 52            5 
 53            7 
 54            7 
 55            4 
 56            10 
 57            4 
 58            4 
 59            9 
 60            4 
 61            5 
 62            6 
 63            2 
 64            8 
 65            7 
 66            3 
 67            10 
 68            6 
 69            5 
 70            7 
 71            4 
 72            6 
 73            1 
 74            3 
 75            2 
 76            6 
 77            3 
 78            9 
 79            3 
 80            8 
 81            5 
 82            7 
 83            2 
 84            6 
 85            5 
 86            7 
 87            1 
 88            9 
 89            5 
 90            6 
 91            10 
 92            1 
 93            2 
 94            10 
 95            3 
 96            5 
 97            6 
 98            6 
 99            10 
 100           8 
 101           3 
 102           5 
 103           9 
 104           10 
 105           6 
 106           5 
 107           6 
 108           4 
 109           8 
 110           5 
 111           8 
 112           7 
 113           9 
 114           9 
 115           1 
 116           5 
 117           2 
 118           8 
 119           5 
 120           10 
 121           10 
 122           1 
 123           4 
 124           6 
 125           9 
 126           5 
 127           4 
 128           8 
 129           8 
 130           2 
 131           1 
 132           1 
 133           5 
 134           7 
 135           6 
 136           2 
 137           4 
 138           1 
 139           5 
 140           6 
 141           1 
 142           1 
 143           3 
 144           10 
 145           9 
 146           6 
 147           1 
 148           4 
 149           5 
 150           9 
 151           5 
 152           1 
 153           9 
 154           2 
 155           2 
 156           3 
 157           6 
 158           6 
 159           7 
 160           8 
 161           9 
 162           7 
 163           6 
 164           7 
 165           5 
 166           4 
 167           9 
 168           2 
 169           5 
 170           4 
 171           9 
 172           10 
 173           6 
 174           10 
 175           5 
 176           10 
 177           5 
 178           8 
 179           4 
 180           7 
 181           6 
 182           3 
 183           6 
 184           10 
 185           2 
 186           10 
 187           10 
 188           3 
 189           5 
 190           10 
 191           5 
 192           10 
 193           7 
 194           10 
 195           6 
 196           3 
 197           3 
 198           5 
 199           1 
 200           3 
 201           6 
 202           2 
 203           4 
 204           7 
 205           9 
 206           3 
 207           9 
 208           7 
 209           1 
 210           5 
 211           7 
 212           10 
 213           3 
 214           6 
 215           9 
 216           4 
 217           8 
 218           10 
 219           7 
 220           9 
 221           6 
 222           8 
 223           8 
 224           8 
 225           8 
 226           10 
 227           6 
 228           1 
 229           10 
 230           5 
 231           8 
 232           4 
 233           5 
 234           7 
 235           3 
 236           1 
 237           8 
 238           9 
 239           4 
 240           6 
 241           5 
 242           1 
 243           4 
 244           9 
 245           7 
 246           4 
 247           3 
 248           6 
 249           2 
 250           7 
 251           10 
 252           9 
 253           7 
 254           6 
 255           5 
 256           10 
 257           9 
 258           9 
 259           10 
 260           10 
 261           2 
 262           4 
 263           9 
 264           3 
 265           3 
 266           10 
 267           6 
 268           2 
 269           5 
 270           7 
 271           6 
 272           8 
 273           6 
 274           9 
 275           6 
 276           10 
 277           7 
 278           4 
 279           6 
 280           8 
 281           8 
 282           9 
 283           6 
 284           10 
 285           1 
 286           4 
 287           7 
 288           1 
 289           6 
 290           1 
 291           1 
 292           5 
 293           1 
 294           10 
 295           5 
 296           3 
 297           6 
 298           10 
 299           4 
 300           7 
 301           10 
 302           0 
