 1             0 
 2             4 
 3             4 
 4             5 
 5             4 
 6             5 
 7             1 
 8             4 
 9             8 
 10            2 
 11            1 
 12            2 
 13            10 
 14            6 
 15            6 
 16            10 
 17            7 
 18            3 
 19            8 
 20            4 
 21            2 
 22            8 
 23            4 
 24            2 
 25            10 
 26            2 
 27            4 
 28            2 
 29            3 
 30            4 
 31            8 
 32            9 
 33            5 
 34            8 
 35            1 
 36            6 
 37            5 
 38            6 
 39            5 
 40            10 
 41            10 
 42            2 
 43            1 
 44            8 
 45            8 
 46            1 
 47            8 
 48            6 
 49            5 
 50            8 
 51            4 
 52            6 
 53            3 
 54            10 
 55            2 
 56            2 
 57            3 
 58            3 
 59            4 
 60            3 
 61            2 
 62            4 
 63            8 
 64            5 
 65            5 
 66            2 
 67            10 
 68            1 
 69            7 
 70            8 
 71            5 
 72            4 
 73            6 
 74            10 
 75            4 
 76            4 
 77            2 
 78            3 
 79            10 
 80            4 
 81            4 
 82            6 
 83            4 
 84            4 
 85            4 
 86            10 
 87            8 
 88            9 
 89            7 
 90            1 
 91            8 
 92            7 
 93            6 
 94            4 
 95            1 
 96            4 
 97            6 
 98            6 
 99            1 
 100           8 
 101           4 
 102           4 
 103           3 
 104           4 
 105           5 
 106           5 
 107           7 
 108           6 
 109           8 
 110           3 
 111           6 
 112           4 
 113           3 
 114           10 
 115           1 
 116           9 
 117           2 
 118           5 
 119           1 
 120           6 
 121           6 
 122           9 
 123           2 
 124           4 
 125           10 
 126           8 
 127           1 
 128           2 
 129           10 
 130           3 
 131           7 
 132           4 
 133           7 
 134           7 
 135           9 
 136           4 
 137           6 
 138           7 
 139           8 
 140           3 
 141           9 
 142           4 
 143           4 
 144           7 
 145           10 
 146           5 
 147           1 
 148           4 
 149           9 
 150           3 
 151           6 
 152           3 
 153           3 
 154           6 
 155           10 
 156           1 
 157           10 
 158           3 
 159           5 
 160           10 
 161           3 
 162           10 
 163           2 
 164           9 
 165           3 
 166           10 
 167           10 
 168           8 
 169           7 
 170           1 
 171           2 
 172           9 
 173           2 
 174           7 
 175           10 
 176           3 
 177           7 
 178           5 
 179           9 
 180           9 
 181           2 
 182           6 
 183           6 
 184           2 
 185           10 
 186           1 
 187           7 
 188           6 
 189           2 
 190           4 
 191           10 
 192           5 
 193           3 
 194           1 
 195           1 
 196           7 
 197           7 
 198           2 
 199           9 
 200           8 
 201           2 
 202           7 
 203           6 
 204           4 
 205           5 
 206           8 
 207           2 
 208           8 
 209           9 
 210           7 
 211           1 
 212           5 
 213           5 
 214           6 
 215           3 
 216           6 
 217           6 
 218           7 
 219           4 
 220           1 
 221           1 
 222           4 
 223           6 
 224           7 
 225           8 
 226           4 
 227           7 
 228           2 
 229           4 
 230           2 
 231           1 
 232           6 
 233           8 
 234           1 
 235           5 
 236           10 
 237           4 
 238           8 
 239           4 
 240           4 
 241           1 
 242           9 
 243           8 
 244           5 
 245           6 
 246           10 
 247           6 
 248           7 
 249           3 
 250           9 
 251           10 
 252           8 
 253           7 
 254           4 
 255           8 
 256           4 
 257           3 
 258           9 
 259           2 
 260           8 
 261           3 
 262           1 
 263           6 
 264           9 
 265           7 
 266           6 
 267           3 
 268           9 
 269           4 
 270           3 
 271           2 
 272           1 
 273           7 
 274           4 
 275           1 
 276           10 
 277           8 
 278           9 
 279           9 
 280           4 
 281           7 
 282           6 
 283           10 
 284           9 
 285           5 
 286           9 
 287           9 
 288           2 
 289           8 
 290           8 
 291           5 
 292           9 
 293           5 
 294           8 
 295           1 
 296           1 
 297           9 
 298           1 
 299           6 
 300           1 
 301           5 
 302           0 
