 1             0 
 2             8 
 3             6 
 4             4 
 5             10 
 6             8 
 7             5 
 8             1 
 9             3 
 10            2 
 11            10 
 12            10 
 13            4 
 14            3 
 15            7 
 16            7 
 17            9 
 18            5 
 19            9 
 20            6 
 21            2 
 22            7 
 23            2 
 24            7 
 25            6 
 26            4 
 27            6 
 28            9 
 29            3 
 30            5 
 31            8 
 32            4 
 33            7 
 34            8 
 35            5 
 36            9 
 37            10 
 38            4 
 39            6 
 40            1 
 41            2 
 42            4 
 43            10 
 44            8 
 45            5 
 46            7 
 47            1 
 48            3 
 49            3 
 50            1 
 51            9 
 52            2 
 53            5 
 54            10 
 55            5 
 56            9 
 57            4 
 58            10 
 59            10 
 60            7 
 61            8 
 62            7 
 63            5 
 64            3 
 65            3 
 66            7 
 67            9 
 68            2 
 69            7 
 70            4 
 71            7 
 72            8 
 73            1 
 74            9 
 75            6 
 76            6 
 77            1 
 78            4 
 79            3 
 80            10 
 81            3 
 82            2 
 83            2 
 84            8 
 85            10 
 86            3 
 87            2 
 88            7 
 89            8 
 90            6 
 91            6 
 92            7 
 93            7 
 94            7 
 95            2 
 96            8 
 97            2 
 98            10 
 99            4 
 100           6 
 101           4 
 102           7 
 103           2 
 104           7 
 105           4 
 106           2 
 107           1 
 108           2 
 109           3 
 110           4 
 111           10 
 112           6 
 113           4 
 114           10 
 115           9 
 116           3 
 117           6 
 118           5 
 119           5 
 120           5 
 121           2 
 122           7 
 123           8 
 124           8 
 125           5 
 126           10 
 127           3 
 128           6 
 129           3 
 130           9 
 131           5 
 132           2 
 133           1 
 134           3 
 135           9 
 136           2 
 137           8 
 138           3 
 139           1 
 140           7 
 141           7 
 142           10 
 143           4 
 144           2 
 145           3 
 146           6 
 147           2 
 148           8 
 149           1 
 150           6 
 151           8 
 152           6 
 153           1 
 154           3 
 155           8 
 156           9 
 157           5 
 158           8 
 159           5 
 160           4 
 161           2 
 162           9 
 163           2 
 164           9 
 165           9 
 166           4 
 167           1 
 168           5 
 169           4 
 170           3 
 171           8 
 172           7 
 173           10 
 174           1 
 175           9 
 176           3 
 177           6 
 178           4 
 179           3 
 180           4 
 181           10 
 182           8 
 183           2 
 184           2 
 185           8 
 186           1 
 187           2 
 188           7 
 189           10 
 190           6 
 191           5 
 192           3 
 193           3 
 194           6 
 195           1 
 196           4 
 197           10 
 198           4 
 199           10 
 200           1 
 201           4 
 202           2 
 203           6 
 204           3 
 205           3 
 206           9 
 207           8 
 208           10 
 209           4 
 210           3 
 211           6 
 212           6 
 213           2 
 214           8 
 215           6 
 216           6 
 217           2 
 218           9 
 219           2 
 220           9 
 221           8 
 222           8 
 223           7 
 224           5 
 225           1 
 226           8 
 227           1 
 228           9 
 229           1 
 230           1 
 231           8 
 232           1 
 233           5 
 234           4 
 235           8 
 236           5 
 237           10 
 238           5 
 239           9 
 240           7 
 241           4 
 242           8 
 243           3 
 244           3 
 245           1 
 246           9 
 247           3 
 248           4 
 249           8 
 250           3 
 251           3 
 252           3 
 253           7 
 254           6 
 255           3 
 256           5 
 257           5 
 258           5 
 259           8 
 260           7 
 261           3 
 262           6 
 263           4 
 264           7 
 265           2 
 266           5 
 267           9 
 268           7 
 269           5 
 270           3 
 271           4 
 272           4 
 273           8 
 274           10 
 275           8 
 276           10 
 277           4 
 278           3 
 279           4 
 280           2 
 281           2 
 282           1 
 283           8 
 284           2 
 285           10 
 286           6 
 287           6 
 288           3 
 289           4 
 290           5 
 291           1 
 292           5 
 293           4 
 294           3 
 295           4 
 296           5 
 297           1 
 298           9 
 299           6 
 300           5 
 301           1 
 302           0 
