 1             0 
 2             6 
 3             5 
 4             1 
 5             6 
 6             9 
 7             3 
 8             6 
 9             8 
 10            2 
 11            8 
 12            9 
 13            5 
 14            3 
 15            2 
 16            4 
 17            7 
 18            6 
 19            5 
 20            5 
 21            3 
 22            8 
 23            8 
 24            4 
 25            8 
 26            3 
 27            5 
 28            4 
 29            7 
 30            2 
 31            8 
 32            10 
 33            1 
 34            4 
 35            8 
 36            10 
 37            7 
 38            2 
 39            6 
 40            5 
 41            8 
 42            5 
 43            9 
 44            10 
 45            6 
 46            4 
 47            7 
 48            10 
 49            9 
 50            3 
 51            2 
 52            2 
 53            4 
 54            1 
 55            8 
 56            8 
 57            10 
 58            10 
 59            3 
 60            2 
 61            9 
 62            5 
 63            10 
 64            9 
 65            4 
 66            7 
 67            2 
 68            3 
 69            3 
 70            6 
 71            9 
 72            3 
 73            9 
 74            1 
 75            6 
 76            1 
 77            8 
 78            3 
 79            6 
 80            2 
 81            7 
 82            2 
 83            2 
 84            5 
 85            3 
 86            3 
 87            10 
 88            10 
 89            3 
 90            9 
 91            4 
 92            10 
 93            5 
 94            4 
 95            10 
 96            3 
 97            3 
 98            1 
 99            10 
 100           4 
 101           8 
 102           5 
 103           5 
 104           2 
 105           1 
 106           5 
 107           6 
 108           4 
 109           4 
 110           8 
 111           2 
 112           9 
 113           1 
 114           9 
 115           9 
 116           8 
 117           9 
 118           1 
 119           1 
 120           4 
 121           3 
 122           2 
 123           4 
 124           10 
 125           4 
 126           4 
 127           10 
 128           5 
 129           6 
 130           2 
 131           9 
 132           7 
 133           7 
 134           4 
 135           6 
 136           1 
 137           3 
 138           9 
 139           8 
 140           4 
 141           1 
 142           9 
 143           2 
 144           4 
 145           7 
 146           7 
 147           9 
 148           1 
 149           5 
 150           5 
 151           7 
 152           4 
 153           3 
 154           7 
 155           6 
 156           3 
 157           10 
 158           3 
 159           10 
 160           10 
 161           6 
 162           3 
 163           6 
 164           3 
 165           5 
 166           1 
 167           8 
 168           10 
 169           7 
 170           7 
 171           8 
 172           5 
 173           2 
 174           9 
 175           5 
 176           3 
 177           1 
 178           3 
 179           4 
 180           5 
 181           8 
 182           6 
 183           3 
 184           10 
 185           6 
 186           7 
 187           4 
 188           1 
 189           9 
 190           7 
 191           6 
 192           1 
 193           1 
 194           2 
 195           3 
 196           7 
 197           6 
 198           4 
 199           6 
 200           3 
 201           4 
 202           6 
 203           10 
 204           2 
 205           7 
 206           1 
 207           6 
 208           10 
 209           1 
 210           6 
 211           8 
 212           5 
 213           1 
 214           10 
 215           10 
 216           1 
 217           9 
 218           6 
 219           8 
 220           7 
 221           10 
 222           9 
 223           5 
 224           2 
 225           1 
 226           10 
 227           2 
 228           8 
 229           8 
 230           3 
 231           4 
 232           9 
 233           5 
 234           3 
 235           9 
 236           9 
 237           3 
 238           7 
 239           1 
 240           3 
 241           1 
 242           4 
 243           3 
 244           2 
 245           3 
 246           9 
 247           7 
 248           10 
 249           6 
 250           1 
 251           5 
 252           5 
 253           8 
 254           8 
 255           5 
 256           5 
 257           10 
 258           9 
 259           9 
 260           9 
 261           5 
 262           10 
 263           1 
 264           8 
 265           5 
 266           9 
 267           7 
 268           1 
 269           2 
 270           9 
 271           10 
 272           10 
 273           9 
 274           4 
 275           7 
 276           8 
 277           1 
 278           4 
 279           8 
 280           10 
 281           3 
 282           8 
 283           9 
 284           8 
 285           2 
 286           1 
 287           5 
 288           8 
 289           9 
 290           1 
 291           8 
 292           5 
 293           10 
 294           10 
 295           7 
 296           1 
 297           4 
 298           7 
 299           6 
 300           4 
 301           5 
 302           0 
