 1             0 
 2             1 
 3             6 
 4             10 
 5             9 
 6             6 
 7             8 
 8             3 
 9             5 
 10            7 
 11            6 
 12            6 
 13            5 
 14            6 
 15            10 
 16            6 
 17            7 
 18            6 
 19            8 
 20            3 
 21            4 
 22            4 
 23            4 
 24            2 
 25            10 
 26            8 
 27            7 
 28            3 
 29            3 
 30            4 
 31            10 
 32            10 
 33            7 
 34            1 
 35            3 
 36            5 
 37            5 
 38            6 
 39            10 
 40            6 
 41            3 
 42            3 
 43            7 
 44            10 
 45            6 
 46            8 
 47            6 
 48            2 
 49            9 
 50            7 
 51            1 
 52            2 
 53            6 
 54            10 
 55            1 
 56            8 
 57            7 
 58            3 
 59            10 
 60            8 
 61            8 
 62            1 
 63            3 
 64            3 
 65            6 
 66            2 
 67            1 
 68            10 
 69            4 
 70            4 
 71            8 
 72            4 
 73            8 
 74            6 
 75            8 
 76            9 
 77            3 
 78            5 
 79            7 
 80            9 
 81            9 
 82            8 
 83            6 
 84            2 
 85            2 
 86            4 
 87            5 
 88            2 
 89            2 
 90            6 
 91            1 
 92            7 
 93            4 
 94            5 
 95            1 
 96            2 
 97            3 
 98            10 
 99            3 
 100           2 
 101           9 
 102           9 
 103           4 
 104           2 
 105           3 
 106           5 
 107           1 
 108           8 
 109           3 
 110           5 
 111           10 
 112           9 
 113           8 
 114           1 
 115           4 
 116           8 
 117           2 
 118           8 
 119           9 
 120           4 
 121           10 
 122           7 
 123           5 
 124           10 
 125           5 
 126           4 
 127           7 
 128           10 
 129           10 
 130           3 
 131           3 
 132           3 
 133           5 
 134           6 
 135           2 
 136           4 
 137           9 
 138           2 
 139           9 
 140           5 
 141           2 
 142           4 
 143           7 
 144           1 
 145           9 
 146           7 
 147           7 
 148           4 
 149           6 
 150           6 
 151           10 
 152           5 
 153           9 
 154           8 
 155           8 
 156           3 
 157           10 
 158           6 
 159           2 
 160           9 
 161           7 
 162           5 
 163           10 
 164           6 
 165           10 
 166           5 
 167           8 
 168           4 
 169           1 
 170           1 
 171           5 
 172           4 
 173           2 
 174           8 
 175           6 
 176           3 
 177           1 
 178           8 
 179           1 
 180           3 
 181           7 
 182           9 
 183           9 
 184           8 
 185           8 
 186           3 
 187           7 
 188           6 
 189           4 
 190           3 
 191           7 
 192           7 
 193           5 
 194           6 
 195           2 
 196           6 
 197           7 
 198           4 
 199           4 
 200           2 
 201           8 
 202           4 
 203           9 
 204           1 
 205           2 
 206           2 
 207           1 
 208           9 
 209           9 
 210           6 
 211           10 
 212           9 
 213           10 
 214           4 
 215           3 
 216           8 
 217           7 
 218           7 
 219           8 
 220           8 
 221           2 
 222           10 
 223           10 
 224           1 
 225           5 
 226           8 
 227           5 
 228           7 
 229           3 
 230           6 
 231           4 
 232           2 
 233           8 
 234           2 
 235           3 
 236           5 
 237           10 
 238           2 
 239           3 
 240           4 
 241           4 
 242           9 
 243           8 
 244           7 
 245           1 
 246           10 
 247           3 
 248           7 
 249           7 
 250           8 
 251           8 
 252           1 
 253           5 
 254           8 
 255           9 
 256           3 
 257           2 
 258           9 
 259           7 
 260           10 
 261           8 
 262           1 
 263           9 
 264           7 
 265           2 
 266           6 
 267           3 
 268           8 
 269           2 
 270           8 
 271           4 
 272           8 
 273           3 
 274           2 
 275           5 
 276           8 
 277           3 
 278           5 
 279           7 
 280           1 
 281           6 
 282           7 
 283           4 
 284           10 
 285           6 
 286           3 
 287           1 
 288           3 
 289           9 
 290           2 
 291           7 
 292           3 
 293           1 
 294           7 
 295           7 
 296           6 
 297           5 
 298           5 
 299           10 
 300           8 
 301           1 
 302           0 
