 1             0 
 2             7 
 3             3 
 4             3 
 5             5 
 6             9 
 7             7 
 8             9 
 9             3 
 10            6 
 11            10 
 12            3 
 13            6 
 14            6 
 15            8 
 16            1 
 17            5 
 18            10 
 19            1 
 20            8 
 21            8 
 22            2 
 23            3 
 24            3 
 25            5 
 26            10 
 27            3 
 28            4 
 29            1 
 30            8 
 31            9 
 32            7 
 33            7 
 34            6 
 35            5 
 36            3 
 37            2 
 38            3 
 39            6 
 40            3 
 41            1 
 42            2 
 43            9 
 44            7 
 45            2 
 46            9 
 47            9 
 48            2 
 49            3 
 50            5 
 51            1 
 52            7 
 53            3 
 54            1 
 55            8 
 56            1 
 57            1 
 58            8 
 59            8 
 60            2 
 61            2 
 62            10 
 63            3 
 64            9 
 65            6 
 66            7 
 67            2 
 68            7 
 69            6 
 70            5 
 71            3 
 72            7 
 73            5 
 74            10 
 75            5 
 76            2 
 77            9 
 78            9 
 79            5 
 80            9 
 81            6 
 82            3 
 83            10 
 84            9 
 85            10 
 86            10 
 87            10 
 88            10 
 89            4 
 90            5 
 91            10 
 92            4 
 93            9 
 94            6 
 95            6 
 96            8 
 97            7 
 98            7 
 99            2 
 100           2 
 101           1 
 102           7 
 103           9 
 104           5 
 105           7 
 106           9 
 107           6 
 108           10 
 109           3 
 110           5 
 111           3 
 112           7 
 113           4 
 114           3 
 115           5 
 116           2 
 117           1 
 118           10 
 119           3 
 120           10 
 121           4 
 122           9 
 123           6 
 124           1 
 125           7 
 126           9 
 127           9 
 128           1 
 129           9 
 130           8 
 131           1 
 132           5 
 133           6 
 134           8 
 135           1 
 136           3 
 137           10 
 138           9 
 139           9 
 140           1 
 141           2 
 142           9 
 143           7 
 144           6 
 145           10 
 146           9 
 147           5 
 148           3 
 149           2 
 150           8 
 151           10 
 152           4 
 153           5 
 154           8 
 155           6 
 156           6 
 157           4 
 158           10 
 159           8 
 160           9 
 161           4 
 162           4 
 163           5 
 164           5 
 165           6 
 166           5 
 167           1 
 168           2 
 169           10 
 170           2 
 171           5 
 172           8 
 173           4 
 174           7 
 175           3 
 176           3 
 177           1 
 178           1 
 179           4 
 180           1 
 181           10 
 182           7 
 183           9 
 184           8 
 185           7 
 186           7 
 187           4 
 188           5 
 189           4 
 190           9 
 191           5 
 192           2 
 193           1 
 194           6 
 195           8 
 196           2 
 197           3 
 198           6 
 199           4 
 200           7 
 201           1 
 202           4 
 203           2 
 204           7 
 205           5 
 206           1 
 207           1 
 208           4 
 209           3 
 210           3 
 211           3 
 212           9 
 213           6 
 214           10 
 215           4 
 216           7 
 217           1 
 218           3 
 219           7 
 220           5 
 221           10 
 222           7 
 223           10 
 224           5 
 225           9 
 226           6 
 227           7 
 228           6 
 229           6 
 230           1 
 231           6 
 232           8 
 233           8 
 234           10 
 235           9 
 236           6 
 237           4 
 238           2 
 239           2 
 240           9 
 241           8 
 242           7 
 243           9 
 244           3 
 245           3 
 246           6 
 247           9 
 248           8 
 249           10 
 250           4 
 251           3 
 252           8 
 253           4 
 254           9 
 255           4 
 256           10 
 257           1 
 258           6 
 259           7 
 260           3 
 261           4 
 262           10 
 263           1 
 264           4 
 265           10 
 266           10 
 267           3 
 268           5 
 269           5 
 270           10 
 271           9 
 272           5 
 273           8 
 274           9 
 275           6 
 276           4 
 277           5 
 278           5 
 279           9 
 280           7 
 281           2 
 282           9 
 283           1 
 284           8 
 285           5 
 286           7 
 287           6 
 288           6 
 289           8 
 290           1 
 291           9 
 292           2 
 293           9 
 294           6 
 295           7 
 296           4 
 297           7 
 298           3 
 299           5 
 300           6 
 301           1 
 302           0 
