 1             0 
 2             10 
 3             1 
 4             5 
 5             1 
 6             1 
 7             4 
 8             6 
 9             1 
 10            6 
 11            5 
 12            8 
 13            2 
 14            8 
 15            8 
 16            8 
 17            5 
 18            2 
 19            3 
 20            5 
 21            3 
 22            1 
 23            3 
 24            4 
 25            10 
 26            9 
 27            7 
 28            4 
 29            7 
 30            10 
 31            4 
 32            8 
 33            9 
 34            3 
 35            1 
 36            6 
 37            2 
 38            2 
 39            6 
 40            4 
 41            4 
 42            3 
 43            5 
 44            7 
 45            9 
 46            7 
 47            5 
 48            1 
 49            2 
 50            5 
 51            5 
 52            1 
 53            2 
 54            6 
 55            2 
 56            4 
 57            9 
 58            2 
 59            3 
 60            1 
 61            10 
 62            2 
 63            2 
 64            5 
 65            9 
 66            5 
 67            7 
 68            1 
 69            6 
 70            7 
 71            5 
 72            5 
 73            8 
 74            2 
 75            8 
 76            2 
 77            10 
 78            5 
 79            5 
 80            2 
 81            6 
 82            8 
 83            4 
 84            2 
 85            5 
 86            5 
 87            5 
 88            1 
 89            8 
 90            7 
 91            3 
 92            2 
 93            1 
 94            10 
 95            7 
 96            10 
 97            1 
 98            9 
 99            8 
 100           1 
 101           10 
 102           1 
 103           8 
 104           10 
 105           2 
 106           10 
 107           5 
 108           8 
 109           3 
 110           4 
 111           5 
 112           5 
 113           1 
 114           1 
 115           3 
 116           10 
 117           2 
 118           7 
 119           3 
 120           2 
 121           6 
 122           2 
 123           2 
 124           7 
 125           10 
 126           10 
 127           1 
 128           2 
 129           8 
 130           9 
 131           9 
 132           5 
 133           1 
 134           9 
 135           1 
 136           5 
 137           7 
 138           3 
 139           1 
 140           6 
 141           5 
 142           7 
 143           9 
 144           10 
 145           7 
 146           1 
 147           3 
 148           8 
 149           1 
 150           2 
 151           9 
 152           1 
 153           6 
 154           8 
 155           9 
 156           8 
 157           9 
 158           10 
 159           8 
 160           2 
 161           4 
 162           7 
 163           1 
 164           4 
 165           2 
 166           1 
 167           4 
 168           10 
 169           1 
 170           3 
 171           3 
 172           5 
 173           1 
 174           7 
 175           1 
 176           5 
 177           3 
 178           4 
 179           6 
 180           1 
 181           5 
 182           7 
 183           2 
 184           9 
 185           3 
 186           10 
 187           4 
 188           6 
 189           10 
 190           6 
 191           3 
 192           8 
 193           9 
 194           10 
 195           4 
 196           2 
 197           5 
 198           4 
 199           1 
 200           1 
 201           3 
 202           4 
 203           7 
 204           1 
 205           6 
 206           5 
 207           5 
 208           10 
 209           5 
 210           1 
 211           3 
 212           3 
 213           1 
 214           5 
 215           7 
 216           4 
 217           5 
 218           3 
 219           6 
 220           1 
 221           2 
 222           3 
 223           9 
 224           3 
 225           9 
 226           4 
 227           5 
 228           5 
 229           7 
 230           8 
 231           6 
 232           1 
 233           2 
 234           8 
 235           7 
 236           1 
 237           9 
 238           3 
 239           4 
 240           4 
 241           2 
 242           6 
 243           6 
 244           8 
 245           10 
 246           8 
 247           1 
 248           6 
 249           10 
 250           5 
 251           3 
 252           8 
 253           10 
 254           6 
 255           3 
 256           10 
 257           10 
 258           8 
 259           8 
 260           10 
 261           1 
 262           8 
 263           3 
 264           10 
 265           4 
 266           2 
 267           7 
 268           1 
 269           3 
 270           1 
 271           4 
 272           9 
 273           3 
 274           2 
 275           6 
 276           4 
 277           3 
 278           3 
 279           10 
 280           1 
 281           7 
 282           1 
 283           7 
 284           1 
 285           2 
 286           6 
 287           1 
 288           6 
 289           2 
 290           5 
 291           5 
 292           2 
 293           9 
 294           10 
 295           3 
 296           7 
 297           10 
 298           2 
 299           3 
 300           7 
 301           6 
 302           0 
