 1             0 
 2             5 
 3             6 
 4             4 
 5             6 
 6             3 
 7             9 
 8             9 
 9             1 
 10            1 
 11            6 
 12            5 
 13            6 
 14            8 
 15            8 
 16            5 
 17            8 
 18            1 
 19            7 
 20            4 
 21            7 
 22            3 
 23            2 
 24            5 
 25            8 
 26            9 
 27            9 
 28            4 
 29            4 
 30            2 
 31            5 
 32            10 
 33            3 
 34            9 
 35            1 
 36            1 
 37            5 
 38            5 
 39            3 
 40            5 
 41            1 
 42            2 
 43            4 
 44            3 
 45            8 
 46            9 
 47            5 
 48            2 
 49            8 
 50            2 
 51            3 
 52            10 
 53            6 
 54            2 
 55            2 
 56            5 
 57            10 
 58            2 
 59            1 
 60            7 
 61            6 
 62            9 
 63            10 
 64            8 
 65            3 
 66            2 
 67            10 
 68            1 
 69            6 
 70            3 
 71            2 
 72            2 
 73            3 
 74            1 
 75            2 
 76            9 
 77            2 
 78            7 
 79            7 
 80            5 
 81            7 
 82            2 
 83            9 
 84            7 
 85            9 
 86            4 
 87            5 
 88            2 
 89            1 
 90            4 
 91            7 
 92            2 
 93            7 
 94            9 
 95            8 
 96            9 
 97            1 
 98            10 
 99            9 
 100           2 
 101           6 
 102           3 
 103           3 
 104           5 
 105           6 
 106           10 
 107           3 
 108           3 
 109           3 
 110           6 
 111           8 
 112           8 
 113           8 
 114           1 
 115           1 
 116           10 
 117           1 
 118           3 
 119           3 
 120           4 
 121           2 
 122           1 
 123           8 
 124           2 
 125           6 
 126           9 
 127           10 
 128           5 
 129           9 
 130           6 
 131           10 
 132           1 
 133           10 
 134           8 
 135           4 
 136           5 
 137           3 
 138           9 
 139           9 
 140           5 
 141           7 
 142           7 
 143           6 
 144           5 
 145           4 
 146           2 
 147           5 
 148           1 
 149           2 
 150           9 
 151           8 
 152           8 
 153           1 
 154           4 
 155           6 
 156           1 
 157           10 
 158           1 
 159           4 
 160           7 
 161           8 
 162           4 
 163           3 
 164           9 
 165           10 
 166           7 
 167           9 
 168           4 
 169           7 
 170           6 
 171           1 
 172           6 
 173           5 
 174           9 
 175           1 
 176           3 
 177           4 
 178           9 
 179           4 
 180           1 
 181           5 
 182           6 
 183           4 
 184           8 
 185           9 
 186           4 
 187           6 
 188           3 
 189           5 
 190           10 
 191           4 
 192           5 
 193           4 
 194           10 
 195           8 
 196           6 
 197           2 
 198           1 
 199           8 
 200           10 
 201           1 
 202           7 
 203           10 
 204           3 
 205           4 
 206           8 
 207           3 
 208           7 
 209           6 
 210           1 
 211           10 
 212           2 
 213           9 
 214           6 
 215           7 
 216           4 
 217           8 
 218           7 
 219           5 
 220           7 
 221           6 
 222           5 
 223           2 
 224           9 
 225           9 
 226           2 
 227           6 
 228           10 
 229           7 
 230           3 
 231           5 
 232           2 
 233           8 
 234           8 
 235           10 
 236           4 
 237           10 
 238           7 
 239           2 
 240           3 
 241           7 
 242           7 
 243           2 
 244           6 
 245           5 
 246           9 
 247           3 
 248           3 
 249           10 
 250           10 
 251           4 
 252           1 
 253           4 
 254           8 
 255           6 
 256           2 
 257           8 
 258           5 
 259           7 
 260           4 
 261           7 
 262           1 
 263           4 
 264           6 
 265           9 
 266           8 
 267           3 
 268           5 
 269           2 
 270           3 
 271           2 
 272           9 
 273           3 
 274           5 
 275           9 
 276           8 
 277           8 
 278           6 
 279           4 
 280           1 
 281           6 
 282           3 
 283           10 
 284           7 
 285           6 
 286           2 
 287           9 
 288           3 
 289           8 
 290           9 
 291           8 
 292           6 
 293           1 
 294           3 
 295           7 
 296           10 
 297           4 
 298           8 
 299           8 
 300           6 
 301           10 
 302           0 
