 1             0 
 2             9 
 3             8 
 4             2 
 5             7 
 6             10 
 7             2 
 8             6 
 9             8 
 10            9 
 11            4 
 12            10 
 13            3 
 14            5 
 15            7 
 16            10 
 17            9 
 18            5 
 19            8 
 20            4 
 21            3 
 22            4 
 23            9 
 24            1 
 25            1 
 26            8 
 27            1 
 28            8 
 29            5 
 30            2 
 31            9 
 32            4 
 33            5 
 34            3 
 35            9 
 36            10 
 37            9 
 38            2 
 39            4 
 40            6 
 41            3 
 42            1 
 43            8 
 44            10 
 45            10 
 46            7 
 47            7 
 48            2 
 49            8 
 50            6 
 51            9 
 52            2 
 53            10 
 54            8 
 55            4 
 56            8 
 57            4 
 58            8 
 59            3 
 60            2 
 61            3 
 62            4 
 63            2 
 64            4 
 65            6 
 66            7 
 67            5 
 68            4 
 69            1 
 70            6 
 71            1 
 72            10 
 73            9 
 74            9 
 75            7 
 76            3 
 77            3 
 78            6 
 79            2 
 80            9 
 81            2 
 82            6 
 83            1 
 84            10 
 85            3 
 86            1 
 87            6 
 88            3 
 89            4 
 90            7 
 91            4 
 92            4 
 93            10 
 94            2 
 95            3 
 96            9 
 97            3 
 98            7 
 99            10 
 100           10 
 101           9 
 102           3 
 103           9 
 104           1 
 105           3 
 106           5 
 107           10 
 108           5 
 109           2 
 110           8 
 111           6 
 112           1 
 113           6 
 114           10 
 115           2 
 116           10 
 117           9 
 118           5 
 119           5 
 120           8 
 121           4 
 122           2 
 123           9 
 124           1 
 125           9 
 126           10 
 127           10 
 128           6 
 129           6 
 130           8 
 131           4 
 132           4 
 133           1 
 134           2 
 135           2 
 136           5 
 137           7 
 138           1 
 139           1 
 140           2 
 141           4 
 142           3 
 143           2 
 144           4 
 145           3 
 146           10 
 147           6 
 148           5 
 149           2 
 150           7 
 151           6 
 152           7 
 153           9 
 154           10 
 155           10 
 156           10 
 157           7 
 158           10 
 159           6 
 160           2 
 161           4 
 162           6 
 163           1 
 164           1 
 165           10 
 166           5 
 167           5 
 168           9 
 169           2 
 170           5 
 171           5 
 172           4 
 173           8 
 174           1 
 175           4 
 176           4 
 177           8 
 178           1 
 179           9 
 180           2 
 181           9 
 182           2 
 183           1 
 184           4 
 185           8 
 186           5 
 187           5 
 188           7 
 189           8 
 190           7 
 191           1 
 192           7 
 193           1 
 194           4 
 195           5 
 196           10 
 197           7 
 198           9 
 199           8 
 200           5 
 201           1 
 202           2 
 203           10 
 204           8 
 205           9 
 206           4 
 207           6 
 208           10 
 209           10 
 210           3 
 211           6 
 212           3 
 213           1 
 214           1 
 215           10 
 216           10 
 217           5 
 218           1 
 219           10 
 220           10 
 221           3 
 222           6 
 223           3 
 224           5 
 225           1 
 226           7 
 227           5 
 228           5 
 229           6 
 230           5 
 231           1 
 232           1 
 233           3 
 234           6 
 235           5 
 236           7 
 237           4 
 238           2 
 239           8 
 240           1 
 241           4 
 242           3 
 243           3 
 244           6 
 245           3 
 246           2 
 247           1 
 248           4 
 249           5 
 250           5 
 251           7 
 252           7 
 253           8 
 254           2 
 255           4 
 256           8 
 257           1 
 258           1 
 259           6 
 260           8 
 261           1 
 262           7 
 263           4 
 264           6 
 265           7 
 266           5 
 267           9 
 268           9 
 269           4 
 270           3 
 271           10 
 272           5 
 273           10 
 274           8 
 275           1 
 276           3 
 277           6 
 278           5 
 279           10 
 280           8 
 281           1 
 282           8 
 283           2 
 284           3 
 285           2 
 286           4 
 287           4 
 288           1 
 289           6 
 290           7 
 291           2 
 292           5 
 293           9 
 294           8 
 295           2 
 296           2 
 297           5 
 298           6 
 299           4 
 300           6 
 301           9 
 302           0 
