 1             0 
 2             5 
 3             2 
 4             4 
 5             9 
 6             4 
 7             2 
 8             2 
 9             10 
 10            9 
 11            8 
 12            9 
 13            1 
 14            3 
 15            6 
 16            10 
 17            5 
 18            10 
 19            4 
 20            10 
 21            3 
 22            4 
 23            9 
 24            9 
 25            1 
 26            6 
 27            4 
 28            9 
 29            8 
 30            10 
 31            7 
 32            5 
 33            1 
 34            9 
 35            1 
 36            9 
 37            9 
 38            2 
 39            7 
 40            3 
 41            2 
 42            9 
 43            3 
 44            10 
 45            4 
 46            10 
 47            1 
 48            3 
 49            1 
 50            10 
 51            8 
 52            4 
 53            8 
 54            10 
 55            1 
 56            8 
 57            2 
 58            2 
 59            8 
 60            5 
 61            7 
 62            8 
 63            6 
 64            7 
 65            2 
 66            8 
 67            8 
 68            3 
 69            1 
 70            3 
 71            10 
 72            6 
 73            6 
 74            7 
 75            6 
 76            5 
 77            5 
 78            8 
 79            10 
 80            3 
 81            7 
 82            7 
 83            8 
 84            10 
 85            10 
 86            2 
 87            9 
 88            5 
 89            9 
 90            2 
 91            9 
 92            5 
 93            2 
 94            4 
 95            9 
 96            3 
 97            4 
 98            8 
 99            8 
 100           5 
 101           3 
 102           5 
 103           2 
 104           7 
 105           8 
 106           3 
 107           6 
 108           8 
 109           5 
 110           8 
 111           5 
 112           2 
 113           2 
 114           4 
 115           10 
 116           1 
 117           8 
 118           7 
 119           5 
 120           10 
 121           1 
 122           5 
 123           9 
 124           2 
 125           9 
 126           6 
 127           9 
 128           1 
 129           5 
 130           6 
 131           10 
 132           6 
 133           3 
 134           6 
 135           5 
 136           5 
 137           10 
 138           4 
 139           5 
 140           10 
 141           3 
 142           9 
 143           6 
 144           6 
 145           4 
 146           8 
 147           6 
 148           6 
 149           9 
 150           3 
 151           3 
 152           1 
 153           9 
 154           1 
 155           1 
 156           9 
 157           9 
 158           9 
 159           6 
 160           6 
 161           1 
 162           7 
 163           6 
 164           5 
 165           8 
 166           6 
 167           5 
 168           7 
 169           8 
 170           4 
 171           1 
 172           10 
 173           7 
 174           10 
 175           4 
 176           9 
 177           3 
 178           4 
 179           1 
 180           8 
 181           4 
 182           4 
 183           6 
 184           8 
 185           6 
 186           5 
 187           4 
 188           4 
 189           10 
 190           5 
 191           5 
 192           9 
 193           5 
 194           10 
 195           7 
 196           7 
 197           10 
 198           7 
 199           3 
 200           9 
 201           5 
 202           9 
 203           6 
 204           9 
 205           3 
 206           8 
 207           10 
 208           10 
 209           8 
 210           5 
 211           10 
 212           4 
 213           10 
 214           10 
 215           5 
 216           5 
 217           6 
 218           2 
 219           10 
 220           9 
 221           8 
 222           9 
 223           10 
 224           6 
 225           9 
 226           6 
 227           5 
 228           10 
 229           3 
 230           3 
 231           2 
 232           6 
 233           6 
 234           7 
 235           3 
 236           6 
 237           4 
 238           5 
 239           1 
 240           9 
 241           7 
 242           7 
 243           3 
 244           5 
 245           3 
 246           8 
 247           7 
 248           2 
 249           6 
 250           5 
 251           3 
 252           1 
 253           7 
 254           10 
 255           9 
 256           1 
 257           7 
 258           9 
 259           7 
 260           2 
 261           10 
 262           3 
 263           4 
 264           9 
 265           2 
 266           9 
 267           4 
 268           9 
 269           3 
 270           8 
 271           4 
 272           7 
 273           7 
 274           8 
 275           2 
 276           6 
 277           3 
 278           2 
 279           10 
 280           7 
 281           1 
 282           3 
 283           1 
 284           4 
 285           6 
 286           3 
 287           8 
 288           7 
 289           4 
 290           4 
 291           4 
 292           9 
 293           8 
 294           3 
 295           9 
 296           10 
 297           8 
 298           7 
 299           9 
 300           10 
 301           10 
 302           0 
