 1             0 
 2             10 
 3             4 
 4             10 
 5             4 
 6             3 
 7             5 
 8             7 
 9             6 
 10            3 
 11            4 
 12            4 
 13            5 
 14            1 
 15            7 
 16            7 
 17            9 
 18            3 
 19            8 
 20            6 
 21            5 
 22            7 
 23            6 
 24            6 
 25            8 
 26            1 
 27            10 
 28            4 
 29            10 
 30            8 
 31            9 
 32            10 
 33            10 
 34            5 
 35            1 
 36            10 
 37            8 
 38            5 
 39            5 
 40            1 
 41            7 
 42            6 
 43            6 
 44            4 
 45            1 
 46            3 
 47            9 
 48            4 
 49            4 
 50            6 
 51            6 
 52            4 
 53            5 
 54            5 
 55            8 
 56            1 
 57            2 
 58            4 
 59            3 
 60            5 
 61            5 
 62            10 
 63            4 
 64            4 
 65            8 
 66            5 
 67            7 
 68            9 
 69            7 
 70            7 
 71            3 
 72            8 
 73            5 
 74            8 
 75            4 
 76            7 
 77            4 
 78            5 
 79            5 
 80            4 
 81            9 
 82            6 
 83            4 
 84            3 
 85            9 
 86            6 
 87            9 
 88            10 
 89            3 
 90            7 
 91            8 
 92            10 
 93            7 
 94            6 
 95            9 
 96            8 
 97            10 
 98            1 
 99            7 
 100           3 
 101           8 
 102           2 
 103           8 
 104           4 
 105           1 
 106           3 
 107           1 
 108           7 
 109           10 
 110           4 
 111           2 
 112           5 
 113           9 
 114           1 
 115           1 
 116           5 
 117           3 
 118           9 
 119           2 
 120           9 
 121           10 
 122           3 
 123           10 
 124           10 
 125           6 
 126           5 
 127           7 
 128           8 
 129           5 
 130           4 
 131           4 
 132           10 
 133           7 
 134           5 
 135           1 
 136           3 
 137           7 
 138           2 
 139           10 
 140           1 
 141           5 
 142           3 
 143           5 
 144           10 
 145           6 
 146           1 
 147           2 
 148           10 
 149           1 
 150           5 
 151           1 
 152           10 
 153           3 
 154           5 
 155           5 
 156           9 
 157           2 
 158           5 
 159           9 
 160           10 
 161           10 
 162           9 
 163           8 
 164           9 
 165           2 
 166           3 
 167           7 
 168           7 
 169           5 
 170           3 
 171           4 
 172           6 
 173           9 
 174           7 
 175           8 
 176           9 
 177           4 
 178           5 
 179           6 
 180           1 
 181           3 
 182           9 
 183           7 
 184           9 
 185           6 
 186           6 
 187           3 
 188           8 
 189           4 
 190           9 
 191           8 
 192           9 
 193           10 
 194           4 
 195           3 
 196           1 
 197           5 
 198           10 
 199           4 
 200           3 
 201           3 
 202           1 
 203           1 
 204           4 
 205           8 
 206           7 
 207           2 
 208           3 
 209           3 
 210           2 
 211           9 
 212           3 
 213           7 
 214           2 
 215           1 
 216           9 
 217           1 
 218           1 
 219           7 
 220           6 
 221           5 
 222           2 
 223           3 
 224           3 
 225           7 
 226           6 
 227           2 
 228           6 
 229           9 
 230           9 
 231           2 
 232           5 
 233           8 
 234           9 
 235           9 
 236           5 
 237           2 
 238           7 
 239           3 
 240           4 
 241           10 
 242           3 
 243           6 
 244           6 
 245           6 
 246           7 
 247           5 
 248           6 
 249           8 
 250           8 
 251           4 
 252           5 
 253           7 
 254           9 
 255           10 
 256           3 
 257           9 
 258           5 
 259           4 
 260           1 
 261           8 
 262           7 
 263           5 
 264           2 
 265           7 
 266           4 
 267           1 
 268           9 
 269           9 
 270           3 
 271           10 
 272           5 
 273           4 
 274           3 
 275           7 
 276           9 
 277           3 
 278           3 
 279           9 
 280           2 
 281           10 
 282           8 
 283           1 
 284           1 
 285           10 
 286           1 
 287           7 
 288           9 
 289           2 
 290           7 
 291           10 
 292           10 
 293           8 
 294           3 
 295           7 
 296           5 
 297           9 
 298           7 
 299           10 
 300           6 
 301           9 
 302           0 
