 1             0 
 2             7 
 3             2 
 4             8 
 5             10 
 6             10 
 7             2 
 8             4 
 9             3 
 10            6 
 11            3 
 12            2 
 13            2 
 14            5 
 15            3 
 16            7 
 17            3 
 18            6 
 19            9 
 20            3 
 21            2 
 22            8 
 23            9 
 24            4 
 25            9 
 26            3 
 27            10 
 28            6 
 29            8 
 30            3 
 31            8 
 32            10 
 33            3 
 34            9 
 35            2 
 36            10 
 37            5 
 38            6 
 39            10 
 40            7 
 41            6 
 42            6 
 43            2 
 44            3 
 45            8 
 46            2 
 47            3 
 48            3 
 49            5 
 50            9 
 51            6 
 52            9 
 53            6 
 54            7 
 55            5 
 56            2 
 57            10 
 58            10 
 59            5 
 60            6 
 61            10 
 62            10 
 63            4 
 64            9 
 65            2 
 66            8 
 67            5 
 68            3 
 69            10 
 70            6 
 71            6 
 72            2 
 73            9 
 74            7 
 75            1 
 76            8 
 77            7 
 78            10 
 79            4 
 80            2 
 81            3 
 82            8 
 83            2 
 84            4 
 85            10 
 86            5 
 87            6 
 88            10 
 89            3 
 90            7 
 91            10 
 92            6 
 93            5 
 94            3 
 95            8 
 96            8 
 97            4 
 98            9 
 99            4 
 100           4 
 101           1 
 102           7 
 103           2 
 104           7 
 105           4 
 106           3 
 107           6 
 108           9 
 109           6 
 110           10 
 111           6 
 112           8 
 113           10 
 114           2 
 115           2 
 116           3 
 117           3 
 118           1 
 119           2 
 120           6 
 121           1 
 122           5 
 123           7 
 124           1 
 125           2 
 126           2 
 127           10 
 128           9 
 129           10 
 130           10 
 131           9 
 132           3 
 133           2 
 134           4 
 135           2 
 136           4 
 137           10 
 138           3 
 139           7 
 140           8 
 141           3 
 142           1 
 143           9 
 144           6 
 145           9 
 146           2 
 147           1 
 148           4 
 149           5 
 150           7 
 151           3 
 152           9 
 153           3 
 154           8 
 155           4 
 156           5 
 157           10 
 158           6 
 159           8 
 160           3 
 161           10 
 162           9 
 163           9 
 164           10 
 165           2 
 166           10 
 167           10 
 168           2 
 169           7 
 170           8 
 171           6 
 172           10 
 173           5 
 174           7 
 175           3 
 176           8 
 177           7 
 178           1 
 179           5 
 180           2 
 181           5 
 182           6 
 183           3 
 184           9 
 185           6 
 186           1 
 187           1 
 188           6 
 189           1 
 190           8 
 191           4 
 192           10 
 193           3 
 194           2 
 195           4 
 196           8 
 197           4 
 198           4 
 199           2 
 200           10 
 201           3 
 202           10 
 203           5 
 204           6 
 205           8 
 206           5 
 207           8 
 208           10 
 209           5 
 210           4 
 211           9 
 212           1 
 213           2 
 214           7 
 215           8 
 216           6 
 217           9 
 218           7 
 219           6 
 220           5 
 221           10 
 222           10 
 223           8 
 224           5 
 225           10 
 226           3 
 227           5 
 228           4 
 229           8 
 230           4 
 231           7 
 232           1 
 233           3 
 234           4 
 235           7 
 236           2 
 237           6 
 238           1 
 239           3 
 240           5 
 241           10 
 242           3 
 243           3 
 244           3 
 245           9 
 246           8 
 247           1 
 248           1 
 249           8 
 250           4 
 251           10 
 252           2 
 253           3 
 254           4 
 255           7 
 256           4 
 257           4 
 258           10 
 259           8 
 260           3 
 261           10 
 262           10 
 263           1 
 264           3 
 265           4 
 266           1 
 267           8 
 268           8 
 269           1 
 270           10 
 271           2 
 272           5 
 273           9 
 274           6 
 275           7 
 276           1 
 277           7 
 278           1 
 279           2 
 280           5 
 281           8 
 282           3 
 283           9 
 284           3 
 285           7 
 286           7 
 287           5 
 288           1 
 289           6 
 290           2 
 291           9 
 292           3 
 293           3 
 294           1 
 295           8 
 296           10 
 297           4 
 298           9 
 299           5 
 300           10 
 301           4 
 302           0 
