 1             0 
 2             10 
 3             5 
 4             7 
 5             7 
 6             9 
 7             1 
 8             4 
 9             6 
 10            8 
 11            1 
 12            6 
 13            10 
 14            9 
 15            2 
 16            9 
 17            10 
 18            5 
 19            10 
 20            4 
 21            8 
 22            5 
 23            5 
 24            6 
 25            1 
 26            6 
 27            9 
 28            2 
 29            8 
 30            9 
 31            7 
 32            10 
 33            1 
 34            9 
 35            10 
 36            3 
 37            1 
 38            3 
 39            2 
 40            3 
 41            4 
 42            9 
 43            9 
 44            8 
 45            8 
 46            10 
 47            3 
 48            9 
 49            4 
 50            3 
 51            10 
 52            3 
 53            6 
 54            3 
 55            10 
 56            8 
 57            1 
 58            8 
 59            2 
 60            8 
 61            8 
 62            6 
 63            5 
 64            3 
 65            8 
 66            7 
 67            4 
 68            9 
 69            8 
 70            6 
 71            5 
 72            1 
 73            4 
 74            8 
 75            5 
 76            7 
 77            2 
 78            6 
 79            9 
 80            4 
 81            6 
 82            5 
 83            6 
 84            2 
 85            5 
 86            8 
 87            4 
 88            4 
 89            9 
 90            2 
 91            4 
 92            9 
 93            3 
 94            4 
 95            9 
 96            3 
 97            1 
 98            5 
 99            4 
 100           5 
 101           8 
 102           10 
 103           3 
 104           6 
 105           10 
 106           10 
 107           6 
 108           2 
 109           5 
 110           9 
 111           7 
 112           9 
 113           1 
 114           1 
 115           6 
 116           10 
 117           5 
 118           4 
 119           6 
 120           9 
 121           6 
 122           8 
 123           4 
 124           10 
 125           10 
 126           3 
 127           5 
 128           8 
 129           10 
 130           2 
 131           8 
 132           10 
 133           7 
 134           2 
 135           2 
 136           9 
 137           10 
 138           9 
 139           10 
 140           7 
 141           8 
 142           2 
 143           4 
 144           9 
 145           4 
 146           9 
 147           10 
 148           6 
 149           2 
 150           6 
 151           9 
 152           6 
 153           5 
 154           9 
 155           6 
 156           10 
 157           2 
 158           10 
 159           5 
 160           10 
 161           5 
 162           2 
 163           9 
 164           6 
 165           9 
 166           7 
 167           2 
 168           5 
 169           9 
 170           3 
 171           6 
 172           6 
 173           4 
 174           9 
 175           4 
 176           6 
 177           4 
 178           6 
 179           4 
 180           1 
 181           5 
 182           6 
 183           10 
 184           1 
 185           7 
 186           4 
 187           1 
 188           4 
 189           5 
 190           4 
 191           4 
 192           8 
 193           9 
 194           6 
 195           2 
 196           5 
 197           1 
 198           2 
 199           2 
 200           6 
 201           4 
 202           3 
 203           4 
 204           5 
 205           10 
 206           4 
 207           2 
 208           10 
 209           5 
 210           9 
 211           8 
 212           4 
 213           6 
 214           1 
 215           5 
 216           4 
 217           6 
 218           8 
 219           3 
 220           1 
 221           9 
 222           3 
 223           2 
 224           6 
 225           10 
 226           2 
 227           10 
 228           9 
 229           9 
 230           4 
 231           10 
 232           4 
 233           8 
 234           6 
 235           3 
 236           6 
 237           5 
 238           7 
 239           3 
 240           10 
 241           3 
 242           6 
 243           8 
 244           1 
 245           10 
 246           7 
 247           8 
 248           8 
 249           6 
 250           6 
 251           4 
 252           3 
 253           3 
 254           2 
 255           9 
 256           2 
 257           1 
 258           9 
 259           8 
 260           10 
 261           8 
 262           6 
 263           2 
 264           5 
 265           4 
 266           10 
 267           10 
 268           8 
 269           8 
 270           10 
 271           1 
 272           4 
 273           6 
 274           7 
 275           9 
 276           2 
 277           1 
 278           1 
 279           6 
 280           2 
 281           9 
 282           8 
 283           2 
 284           10 
 285           4 
 286           5 
 287           1 
 288           7 
 289           1 
 290           1 
 291           6 
 292           3 
 293           6 
 294           2 
 295           6 
 296           10 
 297           5 
 298           2 
 299           3 
 300           7 
 301           3 
 302           0 
