 1             0 
 2             8 
 3             9 
 4             3 
 5             10 
 6             1 
 7             3 
 8             7 
 9             4 
 10            9 
 11            4 
 12            6 
 13            4 
 14            3 
 15            7 
 16            4 
 17            7 
 18            1 
 19            5 
 20            9 
 21            2 
 22            9 
 23            3 
 24            5 
 25            5 
 26            1 
 27            6 
 28            4 
 29            5 
 30            2 
 31            2 
 32            6 
 33            3 
 34            2 
 35            2 
 36            6 
 37            2 
 38            1 
 39            7 
 40            7 
 41            8 
 42            10 
 43            10 
 44            10 
 45            4 
 46            4 
 47            8 
 48            3 
 49            4 
 50            9 
 51            8 
 52            10 
 53            2 
 54            10 
 55            6 
 56            1 
 57            7 
 58            8 
 59            1 
 60            10 
 61            4 
 62            6 
 63            7 
 64            8 
 65            7 
 66            6 
 67            7 
 68            6 
 69            2 
 70            6 
 71            7 
 72            7 
 73            2 
 74            2 
 75            2 
 76            10 
 77            3 
 78            7 
 79            3 
 80            10 
 81            8 
 82            4 
 83            4 
 84            10 
 85            2 
 86            8 
 87            5 
 88            6 
 89            5 
 90            7 
 91            1 
 92            8 
 93            2 
 94            2 
 95            4 
 96            6 
 97            10 
 98            4 
 99            10 
 100           2 
 101           5 
 102           4 
 103           3 
 104           8 
 105           10 
 106           9 
 107           4 
 108           10 
 109           2 
 110           5 
 111           6 
 112           10 
 113           5 
 114           9 
 115           5 
 116           8 
 117           1 
 118           5 
 119           3 
 120           9 
 121           10 
 122           1 
 123           4 
 124           5 
 125           3 
 126           1 
 127           5 
 128           3 
 129           10 
 130           6 
 131           1 
 132           6 
 133           6 
 134           10 
 135           1 
 136           2 
 137           1 
 138           4 
 139           6 
 140           1 
 141           2 
 142           2 
 143           9 
 144           5 
 145           7 
 146           6 
 147           7 
 148           7 
 149           5 
 150           1 
 151           10 
 152           5 
 153           9 
 154           8 
 155           4 
 156           5 
 157           8 
 158           3 
 159           8 
 160           5 
 161           2 
 162           9 
 163           3 
 164           5 
 165           8 
 166           7 
 167           2 
 168           2 
 169           6 
 170           5 
 171           9 
 172           9 
 173           5 
 174           6 
 175           10 
 176           4 
 177           2 
 178           6 
 179           1 
 180           2 
 181           5 
 182           9 
 183           10 
 184           1 
 185           10 
 186           9 
 187           10 
 188           2 
 189           6 
 190           10 
 191           4 
 192           5 
 193           8 
 194           3 
 195           10 
 196           8 
 197           3 
 198           9 
 199           3 
 200           5 
 201           6 
 202           1 
 203           7 
 204           10 
 205           2 
 206           1 
 207           4 
 208           9 
 209           1 
 210           6 
 211           10 
 212           2 
 213           5 
 214           3 
 215           10 
 216           2 
 217           10 
 218           6 
 219           9 
 220           5 
 221           9 
 222           4 
 223           7 
 224           8 
 225           10 
 226           10 
 227           6 
 228           2 
 229           3 
 230           3 
 231           6 
 232           10 
 233           9 
 234           9 
 235           1 
 236           6 
 237           10 
 238           3 
 239           4 
 240           1 
 241           3 
 242           6 
 243           8 
 244           4 
 245           3 
 246           1 
 247           6 
 248           4 
 249           8 
 250           2 
 251           9 
 252           10 
 253           8 
 254           3 
 255           9 
 256           1 
 257           3 
 258           2 
 259           6 
 260           4 
 261           1 
 262           1 
 263           7 
 264           10 
 265           1 
 266           1 
 267           7 
 268           7 
 269           4 
 270           9 
 271           8 
 272           10 
 273           5 
 274           6 
 275           1 
 276           4 
 277           9 
 278           7 
 279           6 
 280           8 
 281           6 
 282           9 
 283           8 
 284           4 
 285           6 
 286           2 
 287           7 
 288           9 
 289           4 
 290           7 
 291           3 
 292           5 
 293           4 
 294           9 
 295           8 
 296           6 
 297           10 
 298           3 
 299           3 
 300           10 
 301           8 
 302           0 
