 1             0 
 2             10 
 3             2 
 4             10 
 5             2 
 6             1 
 7             4 
 8             2 
 9             7 
 10            1 
 11            8 
 12            7 
 13            4 
 14            10 
 15            3 
 16            4 
 17            4 
 18            6 
 19            10 
 20            7 
 21            5 
 22            10 
 23            3 
 24            4 
 25            1 
 26            1 
 27            7 
 28            1 
 29            7 
 30            10 
 31            6 
 32            5 
 33            7 
 34            5 
 35            10 
 36            7 
 37            3 
 38            8 
 39            8 
 40            9 
 41            10 
 42            7 
 43            7 
 44            2 
 45            6 
 46            10 
 47            6 
 48            9 
 49            6 
 50            4 
 51            5 
 52            7 
 53            8 
 54            1 
 55            1 
 56            5 
 57            5 
 58            9 
 59            3 
 60            9 
 61            7 
 62            1 
 63            6 
 64            9 
 65            4 
 66            3 
 67            1 
 68            10 
 69            6 
 70            9 
 71            10 
 72            2 
 73            8 
 74            9 
 75            6 
 76            7 
 77            1 
 78            9 
 79            1 
 80            10 
 81            2 
 82            2 
 83            10 
 84            10 
 85            10 
 86            1 
 87            2 
 88            7 
 89            9 
 90            5 
 91            10 
 92            10 
 93            5 
 94            1 
 95            2 
 96            10 
 97            3 
 98            6 
 99            9 
 100           1 
 101           8 
 102           7 
 103           7 
 104           6 
 105           3 
 106           4 
 107           5 
 108           8 
 109           7 
 110           5 
 111           1 
 112           6 
 113           8 
 114           7 
 115           2 
 116           3 
 117           8 
 118           4 
 119           6 
 120           8 
 121           4 
 122           2 
 123           8 
 124           1 
 125           9 
 126           4 
 127           6 
 128           8 
 129           1 
 130           8 
 131           10 
 132           9 
 133           7 
 134           6 
 135           5 
 136           8 
 137           2 
 138           1 
 139           10 
 140           10 
 141           8 
 142           7 
 143           2 
 144           7 
 145           7 
 146           9 
 147           10 
 148           4 
 149           1 
 150           7 
 151           5 
 152           1 
 153           4 
 154           5 
 155           1 
 156           5 
 157           6 
 158           10 
 159           9 
 160           1 
 161           9 
 162           5 
 163           10 
 164           2 
 165           2 
 166           7 
 167           2 
 168           8 
 169           10 
 170           8 
 171           6 
 172           1 
 173           3 
 174           2 
 175           7 
 176           5 
 177           9 
 178           9 
 179           8 
 180           9 
 181           2 
 182           8 
 183           6 
 184           2 
 185           9 
 186           7 
 187           2 
 188           1 
 189           4 
 190           8 
 191           5 
 192           5 
 193           4 
 194           3 
 195           2 
 196           8 
 197           5 
 198           7 
 199           7 
 200           7 
 201           10 
 202           4 
 203           6 
 204           3 
 205           5 
 206           7 
 207           3 
 208           9 
 209           3 
 210           9 
 211           3 
 212           6 
 213           9 
 214           1 
 215           10 
 216           10 
 217           10 
 218           8 
 219           5 
 220           2 
 221           8 
 222           9 
 223           6 
 224           6 
 225           5 
 226           8 
 227           10 
 228           3 
 229           3 
 230           2 
 231           1 
 232           9 
 233           1 
 234           8 
 235           2 
 236           10 
 237           8 
 238           6 
 239           4 
 240           10 
 241           1 
 242           10 
 243           10 
 244           3 
 245           3 
 246           8 
 247           9 
 248           1 
 249           3 
 250           7 
 251           5 
 252           10 
 253           2 
 254           6 
 255           2 
 256           10 
 257           7 
 258           2 
 259           9 
 260           6 
 261           9 
 262           6 
 263           8 
 264           8 
 265           8 
 266           6 
 267           1 
 268           1 
 269           4 
 270           7 
 271           8 
 272           10 
 273           1 
 274           9 
 275           5 
 276           1 
 277           10 
 278           8 
 279           6 
 280           9 
 281           3 
 282           7 
 283           5 
 284           9 
 285           3 
 286           9 
 287           9 
 288           9 
 289           6 
 290           2 
 291           2 
 292           8 
 293           3 
 294           8 
 295           5 
 296           4 
 297           8 
 298           4 
 299           7 
 300           1 
 301           7 
 302           0 
