 1             0 
 2             4 
 3             9 
 4             4 
 5             7 
 6             2 
 7             5 
 8             8 
 9             6 
 10            5 
 11            5 
 12            3 
 13            5 
 14            6 
 15            6 
 16            8 
 17            2 
 18            7 
 19            5 
 20            4 
 21            2 
 22            1 
 23            1 
 24            1 
 25            3 
 26            6 
 27            8 
 28            10 
 29            7 
 30            2 
 31            2 
 32            3 
 33            1 
 34            5 
 35            10 
 36            1 
 37            5 
 38            9 
 39            10 
 40            9 
 41            8 
 42            7 
 43            3 
 44            8 
 45            7 
 46            8 
 47            7 
 48            7 
 49            10 
 50            6 
 51            10 
 52            3 
 53            8 
 54            10 
 55            8 
 56            10 
 57            5 
 58            3 
 59            8 
 60            3 
 61            1 
 62            4 
 63            8 
 64            8 
 65            10 
 66            2 
 67            3 
 68            9 
 69            7 
 70            9 
 71            7 
 72            8 
 73            2 
 74            8 
 75            8 
 76            8 
 77            2 
 78            10 
 79            4 
 80            10 
 81            2 
 82            2 
 83            9 
 84            3 
 85            5 
 86            2 
 87            4 
 88            9 
 89            5 
 90            7 
 91            4 
 92            8 
 93            6 
 94            1 
 95            4 
 96            9 
 97            5 
 98            4 
 99            8 
 100           3 
 101           4 
 102           7 
 103           3 
 104           10 
 105           6 
 106           10 
 107           9 
 108           3 
 109           3 
 110           7 
 111           8 
 112           9 
 113           8 
 114           1 
 115           5 
 116           3 
 117           9 
 118           9 
 119           2 
 120           2 
 121           6 
 122           6 
 123           2 
 124           4 
 125           8 
 126           2 
 127           6 
 128           4 
 129           3 
 130           4 
 131           7 
 132           2 
 133           1 
 134           1 
 135           3 
 136           10 
 137           7 
 138           10 
 139           4 
 140           7 
 141           10 
 142           10 
 143           4 
 144           3 
 145           7 
 146           7 
 147           4 
 148           10 
 149           10 
 150           9 
 151           4 
 152           5 
 153           5 
 154           6 
 155           9 
 156           7 
 157           10 
 158           5 
 159           2 
 160           3 
 161           2 
 162           6 
 163           10 
 164           8 
 165           3 
 166           7 
 167           1 
 168           8 
 169           1 
 170           4 
 171           2 
 172           8 
 173           4 
 174           1 
 175           4 
 176           3 
 177           3 
 178           4 
 179           5 
 180           6 
 181           1 
 182           8 
 183           7 
 184           9 
 185           2 
 186           7 
 187           9 
 188           8 
 189           1 
 190           7 
 191           9 
 192           9 
 193           9 
 194           2 
 195           3 
 196           9 
 197           10 
 198           2 
 199           9 
 200           1 
 201           6 
 202           3 
 203           2 
 204           10 
 205           9 
 206           7 
 207           4 
 208           9 
 209           8 
 210           2 
 211           1 
 212           1 
 213           3 
 214           6 
 215           9 
 216           4 
 217           4 
 218           10 
 219           4 
 220           1 
 221           9 
 222           5 
 223           3 
 224           6 
 225           7 
 226           1 
 227           2 
 228           1 
 229           6 
 230           8 
 231           6 
 232           7 
 233           6 
 234           8 
 235           10 
 236           5 
 237           10 
 238           8 
 239           1 
 240           1 
 241           1 
 242           2 
 243           4 
 244           5 
 245           5 
 246           1 
 247           2 
 248           1 
 249           7 
 250           9 
 251           10 
 252           4 
 253           10 
 254           5 
 255           8 
 256           4 
 257           1 
 258           8 
 259           10 
 260           10 
 261           4 
 262           5 
 263           8 
 264           8 
 265           4 
 266           10 
 267           1 
 268           3 
 269           7 
 270           6 
 271           9 
 272           4 
 273           5 
 274           6 
 275           5 
 276           8 
 277           4 
 278           3 
 279           4 
 280           5 
 281           1 
 282           8 
 283           6 
 284           8 
 285           1 
 286           3 
 287           5 
 288           6 
 289           4 
 290           2 
 291           5 
 292           8 
 293           5 
 294           8 
 295           6 
 296           4 
 297           3 
 298           7 
 299           4 
 300           1 
 301           8 
 302           0 
