 1             0 
 2             3 
 3             7 
 4             2 
 5             3 
 6             2 
 7             3 
 8             1 
 9             9 
 10            3 
 11            3 
 12            9 
 13            3 
 14            3 
 15            6 
 16            7 
 17            3 
 18            6 
 19            2 
 20            7 
 21            6 
 22            1 
 23            5 
 24            2 
 25            8 
 26            5 
 27            7 
 28            5 
 29            1 
 30            8 
 31            9 
 32            10 
 33            1 
 34            9 
 35            10 
 36            6 
 37            3 
 38            8 
 39            6 
 40            6 
 41            5 
 42            7 
 43            6 
 44            8 
 45            10 
 46            6 
 47            9 
 48            5 
 49            6 
 50            1 
 51            6 
 52            5 
 53            7 
 54            8 
 55            4 
 56            6 
 57            8 
 58            6 
 59            3 
 60            4 
 61            1 
 62            6 
 63            2 
 64            3 
 65            10 
 66            7 
 67            6 
 68            1 
 69            6 
 70            7 
 71            8 
 72            8 
 73            6 
 74            4 
 75            6 
 76            6 
 77            4 
 78            2 
 79            2 
 80            6 
 81            5 
 82            3 
 83            8 
 84            10 
 85            1 
 86            4 
 87            9 
 88            4 
 89            8 
 90            1 
 91            5 
 92            10 
 93            6 
 94            5 
 95            10 
 96            4 
 97            1 
 98            6 
 99            9 
 100           2 
 101           5 
 102           10 
 103           3 
 104           3 
 105           4 
 106           8 
 107           4 
 108           6 
 109           1 
 110           2 
 111           3 
 112           2 
 113           9 
 114           5 
 115           7 
 116           2 
 117           7 
 118           9 
 119           6 
 120           2 
 121           6 
 122           9 
 123           4 
 124           3 
 125           8 
 126           7 
 127           4 
 128           4 
 129           10 
 130           6 
 131           10 
 132           6 
 133           7 
 134           3 
 135           10 
 136           1 
 137           1 
 138           5 
 139           4 
 140           3 
 141           4 
 142           1 
 143           3 
 144           3 
 145           5 
 146           4 
 147           7 
 148           10 
 149           9 
 150           4 
 151           3 
 152           4 
 153           5 
 154           5 
 155           9 
 156           5 
 157           5 
 158           9 
 159           10 
 160           4 
 161           3 
 162           9 
 163           8 
 164           3 
 165           8 
 166           4 
 167           10 
 168           5 
 169           10 
 170           4 
 171           3 
 172           9 
 173           2 
 174           7 
 175           2 
 176           5 
 177           3 
 178           4 
 179           4 
 180           4 
 181           1 
 182           6 
 183           2 
 184           1 
 185           8 
 186           1 
 187           4 
 188           6 
 189           4 
 190           5 
 191           9 
 192           10 
 193           7 
 194           6 
 195           8 
 196           5 
 197           6 
 198           2 
 199           6 
 200           5 
 201           10 
 202           4 
 203           6 
 204           6 
 205           7 
 206           9 
 207           4 
 208           1 
 209           3 
 210           5 
 211           6 
 212           10 
 213           5 
 214           5 
 215           3 
 216           3 
 217           5 
 218           2 
 219           4 
 220           1 
 221           10 
 222           8 
 223           3 
 224           5 
 225           8 
 226           6 
 227           8 
 228           3 
 229           1 
 230           2 
 231           7 
 232           10 
 233           2 
 234           5 
 235           6 
 236           8 
 237           8 
 238           5 
 239           2 
 240           9 
 241           5 
 242           4 
 243           1 
 244           5 
 245           1 
 246           5 
 247           10 
 248           3 
 249           10 
 250           10 
 251           3 
 252           3 
 253           3 
 254           10 
 255           2 
 256           7 
 257           3 
 258           9 
 259           2 
 260           3 
 261           4 
 262           1 
 263           9 
 264           5 
 265           9 
 266           9 
 267           3 
 268           6 
 269           8 
 270           1 
 271           8 
 272           7 
 273           3 
 274           2 
 275           9 
 276           5 
 277           5 
 278           4 
 279           9 
 280           3 
 281           2 
 282           2 
 283           5 
 284           5 
 285           1 
 286           6 
 287           5 
 288           6 
 289           6 
 290           1 
 291           5 
 292           2 
 293           3 
 294           9 
 295           2 
 296           5 
 297           1 
 298           4 
 299           6 
 300           4 
 301           9 
 302           0 
