 1             0 
 2             4 
 3             3 
 4             1 
 5             3 
 6             7 
 7             4 
 8             1 
 9             10 
 10            6 
 11            4 
 12            5 
 13            10 
 14            3 
 15            1 
 16            4 
 17            6 
 18            3 
 19            6 
 20            4 
 21            10 
 22            9 
 23            7 
 24            9 
 25            5 
 26            2 
 27            5 
 28            10 
 29            9 
 30            7 
 31            10 
 32            1 
 33            1 
 34            4 
 35            7 
 36            4 
 37            5 
 38            5 
 39            10 
 40            10 
 41            5 
 42            5 
 43            6 
 44            9 
 45            10 
 46            3 
 47            1 
 48            4 
 49            2 
 50            2 
 51            4 
 52            9 
 53            3 
 54            10 
 55            4 
 56            2 
 57            10 
 58            3 
 59            5 
 60            8 
 61            7 
 62            7 
 63            10 
 64            9 
 65            6 
 66            2 
 67            5 
 68            5 
 69            5 
 70            3 
 71            6 
 72            7 
 73            1 
 74            8 
 75            2 
 76            10 
 77            5 
 78            7 
 79            1 
 80            3 
 81            10 
 82            2 
 83            8 
 84            9 
 85            1 
 86            10 
 87            8 
 88            7 
 89            10 
 90            7 
 91            9 
 92            7 
 93            5 
 94            7 
 95            10 
 96            3 
 97            4 
 98            10 
 99            7 
 100           4 
 101           6 
 102           8 
 103           1 
 104           2 
 105           2 
 106           9 
 107           8 
 108           8 
 109           4 
 110           4 
 111           1 
 112           9 
 113           5 
 114           1 
 115           9 
 116           1 
 117           10 
 118           1 
 119           5 
 120           5 
 121           10 
 122           1 
 123           9 
 124           6 
 125           10 
 126           1 
 127           3 
 128           2 
 129           10 
 130           2 
 131           2 
 132           3 
 133           1 
 134           2 
 135           5 
 136           4 
 137           10 
 138           7 
 139           2 
 140           2 
 141           5 
 142           3 
 143           1 
 144           10 
 145           4 
 146           10 
 147           7 
 148           5 
 149           2 
 150           7 
 151           5 
 152           10 
 153           8 
 154           5 
 155           2 
 156           6 
 157           2 
 158           3 
 159           3 
 160           1 
 161           3 
 162           5 
 163           5 
 164           10 
 165           5 
 166           6 
 167           1 
 168           1 
 169           10 
 170           9 
 171           3 
 172           9 
 173           4 
 174           4 
 175           8 
 176           1 
 177           3 
 178           3 
 179           3 
 180           8 
 181           10 
 182           8 
 183           10 
 184           8 
 185           5 
 186           7 
 187           4 
 188           3 
 189           2 
 190           2 
 191           3 
 192           4 
 193           7 
 194           3 
 195           5 
 196           6 
 197           1 
 198           2 
 199           3 
 200           9 
 201           8 
 202           9 
 203           5 
 204           8 
 205           4 
 206           2 
 207           1 
 208           3 
 209           3 
 210           10 
 211           7 
 212           8 
 213           4 
 214           7 
 215           7 
 216           8 
 217           2 
 218           2 
 219           6 
 220           4 
 221           9 
 222           9 
 223           6 
 224           1 
 225           9 
 226           1 
 227           1 
 228           10 
 229           8 
 230           5 
 231           3 
 232           9 
 233           10 
 234           6 
 235           1 
 236           6 
 237           10 
 238           3 
 239           10 
 240           6 
 241           1 
 242           1 
 243           2 
 244           8 
 245           3 
 246           7 
 247           1 
 248           2 
 249           3 
 250           7 
 251           5 
 252           1 
 253           10 
 254           2 
 255           9 
 256           9 
 257           1 
 258           10 
 259           2 
 260           8 
 261           6 
 262           2 
 263           1 
 264           5 
 265           8 
 266           9 
 267           3 
 268           10 
 269           9 
 270           10 
 271           7 
 272           1 
 273           7 
 274           9 
 275           9 
 276           1 
 277           3 
 278           6 
 279           6 
 280           1 
 281           2 
 282           2 
 283           8 
 284           4 
 285           4 
 286           3 
 287           1 
 288           2 
 289           1 
 290           9 
 291           7 
 292           9 
 293           2 
 294           3 
 295           3 
 296           5 
 297           6 
 298           10 
 299           5 
 300           7 
 301           4 
 302           0 
