 1             0 
 2             3 
 3             10 
 4             2 
 5             3 
 6             1 
 7             4 
 8             9 
 9             8 
 10            9 
 11            6 
 12            1 
 13            2 
 14            7 
 15            9 
 16            4 
 17            9 
 18            1 
 19            6 
 20            2 
 21            4 
 22            3 
 23            1 
 24            5 
 25            5 
 26            8 
 27            10 
 28            2 
 29            8 
 30            4 
 31            5 
 32            8 
 33            4 
 34            1 
 35            10 
 36            4 
 37            1 
 38            10 
 39            7 
 40            10 
 41            5 
 42            10 
 43            8 
 44            1 
 45            9 
 46            3 
 47            6 
 48            1 
 49            5 
 50            5 
 51            1 
 52            10 
 53            3 
 54            3 
 55            4 
 56            2 
 57            7 
 58            9 
 59            6 
 60            6 
 61            7 
 62            5 
 63            10 
 64            8 
 65            3 
 66            9 
 67            7 
 68            7 
 69            10 
 70            5 
 71            5 
 72            2 
 73            10 
 74            3 
 75            9 
 76            8 
 77            8 
 78            9 
 79            2 
 80            4 
 81            2 
 82            4 
 83            1 
 84            6 
 85            7 
 86            7 
 87            4 
 88            1 
 89            6 
 90            3 
 91            6 
 92            10 
 93            9 
 94            7 
 95            2 
 96            4 
 97            3 
 98            9 
 99            2 
 100           1 
 101           2 
 102           9 
 103           6 
 104           3 
 105           10 
 106           8 
 107           7 
 108           3 
 109           9 
 110           4 
 111           9 
 112           2 
 113           5 
 114           6 
 115           6 
 116           2 
 117           4 
 118           1 
 119           9 
 120           1 
 121           8 
 122           2 
 123           6 
 124           4 
 125           10 
 126           6 
 127           6 
 128           5 
 129           6 
 130           7 
 131           6 
 132           4 
 133           6 
 134           10 
 135           4 
 136           10 
 137           4 
 138           5 
 139           9 
 140           3 
 141           4 
 142           4 
 143           10 
 144           8 
 145           10 
 146           2 
 147           9 
 148           3 
 149           4 
 150           10 
 151           5 
 152           3 
 153           9 
 154           6 
 155           1 
 156           1 
 157           8 
 158           10 
 159           8 
 160           1 
 161           10 
 162           3 
 163           1 
 164           2 
 165           3 
 166           1 
 167           4 
 168           7 
 169           6 
 170           1 
 171           5 
 172           2 
 173           8 
 174           9 
 175           1 
 176           4 
 177           9 
 178           6 
 179           10 
 180           5 
 181           4 
 182           4 
 183           3 
 184           2 
 185           3 
 186           9 
 187           2 
 188           8 
 189           2 
 190           3 
 191           2 
 192           9 
 193           9 
 194           8 
 195           7 
 196           3 
 197           8 
 198           5 
 199           2 
 200           4 
 201           4 
 202           9 
 203           1 
 204           4 
 205           4 
 206           10 
 207           9 
 208           8 
 209           3 
 210           5 
 211           1 
 212           9 
 213           9 
 214           3 
 215           9 
 216           9 
 217           8 
 218           8 
 219           5 
 220           8 
 221           10 
 222           10 
 223           5 
 224           8 
 225           1 
 226           5 
 227           5 
 228           2 
 229           2 
 230           10 
 231           2 
 232           10 
 233           3 
 234           3 
 235           2 
 236           6 
 237           9 
 238           6 
 239           2 
 240           1 
 241           1 
 242           1 
 243           3 
 244           7 
 245           6 
 246           7 
 247           3 
 248           9 
 249           4 
 250           7 
 251           9 
 252           8 
 253           2 
 254           9 
 255           2 
 256           3 
 257           7 
 258           2 
 259           1 
 260           2 
 261           9 
 262           2 
 263           4 
 264           4 
 265           6 
 266           8 
 267           2 
 268           8 
 269           7 
 270           3 
 271           2 
 272           3 
 273           5 
 274           7 
 275           10 
 276           2 
 277           9 
 278           10 
 279           2 
 280           8 
 281           8 
 282           7 
 283           3 
 284           5 
 285           10 
 286           1 
 287           2 
 288           9 
 289           4 
 290           2 
 291           3 
 292           10 
 293           9 
 294           7 
 295           9 
 296           3 
 297           3 
 298           2 
 299           6 
 300           7 
 301           6 
 302           0 
