 1             0 
 2             4 
 3             7 
 4             1 
 5             5 
 6             8 
 7             5 
 8             9 
 9             4 
 10            10 
 11            6 
 12            7 
 13            3 
 14            4 
 15            8 
 16            4 
 17            6 
 18            6 
 19            2 
 20            9 
 21            2 
 22            1 
 23            3 
 24            10 
 25            10 
 26            4 
 27            6 
 28            5 
 29            9 
 30            1 
 31            6 
 32            7 
 33            3 
 34            4 
 35            9 
 36            9 
 37            2 
 38            9 
 39            1 
 40            7 
 41            9 
 42            2 
 43            6 
 44            1 
 45            10 
 46            8 
 47            5 
 48            3 
 49            7 
 50            4 
 51            8 
 52            8 
 53            2 
 54            5 
 55            2 
 56            2 
 57            1 
 58            8 
 59            5 
 60            7 
 61            3 
 62            8 
 63            4 
 64            8 
 65            5 
 66            5 
 67            2 
 68            6 
 69            3 
 70            3 
 71            3 
 72            6 
 73            2 
 74            6 
 75            1 
 76            1 
 77            2 
 78            5 
 79            1 
 80            4 
 81            10 
 82            4 
 83            7 
 84            10 
 85            9 
 86            1 
 87            10 
 88            1 
 89            4 
 90            4 
 91            5 
 92            6 
 93            4 
 94            6 
 95            3 
 96            6 
 97            10 
 98            1 
 99            10 
 100           4 
 101           7 
 102           10 
 103           5 
 104           7 
 105           2 
 106           2 
 107           5 
 108           2 
 109           6 
 110           3 
 111           6 
 112           3 
 113           6 
 114           3 
 115           6 
 116           4 
 117           6 
 118           7 
 119           8 
 120           2 
 121           1 
 122           7 
 123           10 
 124           1 
 125           4 
 126           5 
 127           4 
 128           3 
 129           8 
 130           8 
 131           3 
 132           2 
 133           1 
 134           1 
 135           4 
 136           2 
 137           1 
 138           10 
 139           8 
 140           1 
 141           2 
 142           4 
 143           3 
 144           9 
 145           4 
 146           6 
 147           9 
 148           7 
 149           3 
 150           1 
 151           6 
 152           8 
 153           9 
 154           4 
 155           10 
 156           4 
 157           3 
 158           10 
 159           2 
 160           3 
 161           7 
 162           3 
 163           3 
 164           7 
 165           10 
 166           3 
 167           1 
 168           2 
 169           4 
 170           6 
 171           9 
 172           8 
 173           4 
 174           8 
 175           5 
 176           10 
 177           9 
 178           9 
 179           9 
 180           9 
 181           8 
 182           9 
 183           2 
 184           6 
 185           1 
 186           9 
 187           3 
 188           5 
 189           6 
 190           7 
 191           3 
 192           6 
 193           6 
 194           1 
 195           3 
 196           6 
 197           2 
 198           1 
 199           1 
 200           10 
 201           8 
 202           5 
 203           2 
 204           8 
 205           5 
 206           9 
 207           6 
 208           4 
 209           5 
 210           5 
 211           3 
 212           1 
 213           2 
 214           2 
 215           6 
 216           10 
 217           10 
 218           7 
 219           9 
 220           1 
 221           10 
 222           7 
 223           8 
 224           6 
 225           7 
 226           4 
 227           9 
 228           3 
 229           2 
 230           2 
 231           2 
 232           8 
 233           9 
 234           10 
 235           8 
 236           7 
 237           1 
 238           10 
 239           5 
 240           2 
 241           4 
 242           9 
 243           7 
 244           4 
 245           5 
 246           1 
 247           6 
 248           5 
 249           9 
 250           4 
 251           5 
 252           2 
 253           4 
 254           8 
 255           5 
 256           10 
 257           7 
 258           9 
 259           2 
 260           2 
 261           3 
 262           5 
 263           4 
 264           6 
 265           7 
 266           7 
 267           9 
 268           1 
 269           4 
 270           10 
 271           7 
 272           6 
 273           6 
 274           2 
 275           10 
 276           2 
 277           5 
 278           4 
 279           10 
 280           5 
 281           3 
 282           4 
 283           1 
 284           4 
 285           4 
 286           10 
 287           10 
 288           6 
 289           10 
 290           6 
 291           9 
 292           10 
 293           4 
 294           4 
 295           9 
 296           8 
 297           8 
 298           5 
 299           3 
 300           3 
 301           5 
 302           0 
