 1             0 
 2             3 
 3             8 
 4             3 
 5             1 
 6             7 
 7             7 
 8             3 
 9             4 
 10            5 
 11            7 
 12            10 
 13            5 
 14            2 
 15            1 
 16            5 
 17            6 
 18            10 
 19            9 
 20            6 
 21            5 
 22            6 
 23            5 
 24            10 
 25            4 
 26            6 
 27            10 
 28            10 
 29            5 
 30            1 
 31            8 
 32            5 
 33            5 
 34            3 
 35            8 
 36            7 
 37            1 
 38            5 
 39            3 
 40            1 
 41            5 
 42            1 
 43            8 
 44            7 
 45            4 
 46            1 
 47            7 
 48            8 
 49            8 
 50            6 
 51            2 
 52            5 
 53            10 
 54            4 
 55            1 
 56            8 
 57            7 
 58            2 
 59            10 
 60            3 
 61            1 
 62            8 
 63            3 
 64            7 
 65            2 
 66            4 
 67            9 
 68            6 
 69            9 
 70            1 
 71            4 
 72            3 
 73            5 
 74            6 
 75            4 
 76            9 
 77            2 
 78            5 
 79            9 
 80            10 
 81            3 
 82            7 
 83            4 
 84            3 
 85            10 
 86            5 
 87            6 
 88            6 
 89            4 
 90            10 
 91            4 
 92            1 
 93            9 
 94            8 
 95            2 
 96            4 
 97            8 
 98            4 
 99            2 
 100           10 
 101           1 
 102           6 
 103           7 
 104           6 
 105           4 
 106           1 
 107           7 
 108           6 
 109           1 
 110           2 
 111           5 
 112           10 
 113           9 
 114           10 
 115           1 
 116           6 
 117           1 
 118           2 
 119           5 
 120           6 
 121           9 
 122           2 
 123           3 
 124           8 
 125           5 
 126           10 
 127           7 
 128           4 
 129           1 
 130           7 
 131           7 
 132           3 
 133           3 
 134           8 
 135           6 
 136           5 
 137           9 
 138           8 
 139           10 
 140           3 
 141           5 
 142           10 
 143           2 
 144           3 
 145           1 
 146           3 
 147           6 
 148           2 
 149           7 
 150           1 
 151           5 
 152           4 
 153           4 
 154           8 
 155           8 
 156           2 
 157           5 
 158           1 
 159           9 
 160           8 
 161           8 
 162           4 
 163           2 
 164           6 
 165           7 
 166           5 
 167           8 
 168           8 
 169           8 
 170           8 
 171           7 
 172           3 
 173           2 
 174           7 
 175           3 
 176           5 
 177           1 
 178           4 
 179           5 
 180           7 
 181           4 
 182           2 
 183           9 
 184           4 
 185           7 
 186           5 
 187           6 
 188           9 
 189           1 
 190           1 
 191           6 
 192           9 
 193           4 
 194           4 
 195           3 
 196           4 
 197           5 
 198           10 
 199           6 
 200           8 
 201           3 
 202           9 
 203           10 
 204           8 
 205           8 
 206           2 
 207           5 
 208           7 
 209           2 
 210           9 
 211           5 
 212           7 
 213           2 
 214           8 
 215           8 
 216           1 
 217           10 
 218           7 
 219           1 
 220           5 
 221           2 
 222           8 
 223           3 
 224           1 
 225           7 
 226           1 
 227           6 
 228           3 
 229           7 
 230           3 
 231           3 
 232           4 
 233           7 
 234           7 
 235           8 
 236           7 
 237           2 
 238           2 
 239           1 
 240           10 
 241           2 
 242           9 
 243           4 
 244           8 
 245           9 
 246           4 
 247           10 
 248           1 
 249           7 
 250           2 
 251           4 
 252           3 
 253           9 
 254           2 
 255           4 
 256           7 
 257           4 
 258           1 
 259           4 
 260           9 
 261           10 
 262           10 
 263           10 
 264           4 
 265           10 
 266           1 
 267           4 
 268           3 
 269           4 
 270           2 
 271           8 
 272           10 
 273           10 
 274           9 
 275           9 
 276           10 
 277           4 
 278           6 
 279           2 
 280           4 
 281           1 
 282           1 
 283           7 
 284           2 
 285           10 
 286           2 
 287           6 
 288           6 
 289           9 
 290           1 
 291           6 
 292           2 
 293           10 
 294           8 
 295           10 
 296           5 
 297           1 
 298           1 
 299           2 
 300           4 
 301           4 
 302           0 
