 1             0 
 2             1 
 3             8 
 4             1 
 5             5 
 6             6 
 7             10 
 8             9 
 9             5 
 10            9 
 11            3 
 12            8 
 13            2 
 14            2 
 15            1 
 16            4 
 17            10 
 18            3 
 19            5 
 20            10 
 21            3 
 22            8 
 23            4 
 24            7 
 25            10 
 26            2 
 27            4 
 28            7 
 29            10 
 30            10 
 31            6 
 32            2 
 33            5 
 34            8 
 35            1 
 36            4 
 37            7 
 38            4 
 39            2 
 40            1 
 41            7 
 42            3 
 43            4 
 44            5 
 45            9 
 46            8 
 47            2 
 48            3 
 49            6 
 50            1 
 51            1 
 52            2 
 53            9 
 54            5 
 55            2 
 56            2 
 57            5 
 58            4 
 59            10 
 60            4 
 61            9 
 62            6 
 63            5 
 64            3 
 65            10 
 66            5 
 67            9 
 68            5 
 69            4 
 70            3 
 71            5 
 72            6 
 73            3 
 74            10 
 75            8 
 76            1 
 77            2 
 78            7 
 79            10 
 80            6 
 81            9 
 82            4 
 83            8 
 84            4 
 85            6 
 86            9 
 87            7 
 88            7 
 89            9 
 90            7 
 91            2 
 92            9 
 93            1 
 94            4 
 95            8 
 96            3 
 97            2 
 98            7 
 99            3 
 100           4 
 101           9 
 102           7 
 103           2 
 104           5 
 105           2 
 106           5 
 107           10 
 108           7 
 109           1 
 110           7 
 111           1 
 112           2 
 113           1 
 114           5 
 115           7 
 116           3 
 117           8 
 118           1 
 119           5 
 120           7 
 121           5 
 122           1 
 123           6 
 124           4 
 125           10 
 126           5 
 127           3 
 128           6 
 129           3 
 130           10 
 131           9 
 132           5 
 133           7 
 134           8 
 135           4 
 136           4 
 137           5 
 138           5 
 139           9 
 140           5 
 141           1 
 142           9 
 143           3 
 144           6 
 145           2 
 146           7 
 147           8 
 148           3 
 149           9 
 150           4 
 151           4 
 152           10 
 153           2 
 154           9 
 155           5 
 156           2 
 157           4 
 158           8 
 159           8 
 160           6 
 161           7 
 162           9 
 163           10 
 164           2 
 165           4 
 166           9 
 167           3 
 168           9 
 169           6 
 170           2 
 171           2 
 172           6 
 173           10 
 174           9 
 175           7 
 176           1 
 177           5 
 178           9 
 179           10 
 180           6 
 181           2 
 182           9 
 183           3 
 184           1 
 185           9 
 186           2 
 187           10 
 188           2 
 189           10 
 190           10 
 191           1 
 192           1 
 193           10 
 194           6 
 195           8 
 196           2 
 197           10 
 198           2 
 199           1 
 200           6 
 201           5 
 202           1 
 203           3 
 204           6 
 205           6 
 206           6 
 207           10 
 208           9 
 209           2 
 210           4 
 211           10 
 212           6 
 213           1 
 214           9 
 215           5 
 216           6 
 217           3 
 218           1 
 219           3 
 220           9 
 221           7 
 222           4 
 223           10 
 224           6 
 225           7 
 226           5 
 227           4 
 228           8 
 229           5 
 230           2 
 231           9 
 232           5 
 233           5 
 234           2 
 235           6 
 236           1 
 237           9 
 238           3 
 239           4 
 240           1 
 241           5 
 242           4 
 243           8 
 244           1 
 245           4 
 246           7 
 247           6 
 248           9 
 249           9 
 250           7 
 251           7 
 252           4 
 253           5 
 254           10 
 255           1 
 256           3 
 257           1 
 258           9 
 259           5 
 260           1 
 261           6 
 262           1 
 263           4 
 264           8 
 265           10 
 266           2 
 267           2 
 268           8 
 269           4 
 270           7 
 271           4 
 272           5 
 273           8 
 274           2 
 275           3 
 276           9 
 277           2 
 278           10 
 279           3 
 280           1 
 281           2 
 282           5 
 283           1 
 284           7 
 285           2 
 286           9 
 287           8 
 288           10 
 289           10 
 290           7 
 291           9 
 292           8 
 293           7 
 294           9 
 295           2 
 296           7 
 297           10 
 298           5 
 299           2 
 300           5 
 301           10 
 302           0 
