 1             0 
 2             2 
 3             10 
 4             5 
 5             2 
 6             4 
 7             1 
 8             2 
 9             6 
 10            6 
 11            3 
 12            9 
 13            4 
 14            9 
 15            7 
 16            4 
 17            6 
 18            3 
 19            9 
 20            1 
 21            8 
 22            1 
 23            1 
 24            2 
 25            4 
 26            7 
 27            8 
 28            5 
 29            3 
 30            7 
 31            6 
 32            4 
 33            5 
 34            5 
 35            5 
 36            7 
 37            7 
 38            6 
 39            1 
 40            7 
 41            3 
 42            8 
 43            7 
 44            6 
 45            9 
 46            10 
 47            9 
 48            3 
 49            4 
 50            8 
 51            4 
 52            5 
 53            8 
 54            3 
 55            3 
 56            8 
 57            2 
 58            2 
 59            9 
 60            8 
 61            8 
 62            10 
 63            8 
 64            3 
 65            2 
 66            2 
 67            5 
 68            6 
 69            5 
 70            9 
 71            6 
 72            9 
 73            9 
 74            4 
 75            2 
 76            7 
 77            5 
 78            2 
 79            1 
 80            8 
 81            6 
 82            6 
 83            8 
 84            3 
 85            9 
 86            7 
 87            8 
 88            1 
 89            7 
 90            3 
 91            7 
 92            3 
 93            7 
 94            4 
 95            1 
 96            2 
 97            7 
 98            5 
 99            7 
 100           4 
 101           9 
 102           6 
 103           4 
 104           6 
 105           2 
 106           1 
 107           7 
 108           5 
 109           9 
 110           9 
 111           8 
 112           1 
 113           3 
 114           5 
 115           3 
 116           2 
 117           5 
 118           5 
 119           10 
 120           3 
 121           8 
 122           6 
 123           9 
 124           2 
 125           2 
 126           4 
 127           1 
 128           2 
 129           7 
 130           7 
 131           7 
 132           2 
 133           2 
 134           6 
 135           9 
 136           1 
 137           1 
 138           3 
 139           1 
 140           3 
 141           2 
 142           4 
 143           5 
 144           3 
 145           4 
 146           7 
 147           4 
 148           7 
 149           4 
 150           9 
 151           4 
 152           7 
 153           1 
 154           2 
 155           9 
 156           10 
 157           6 
 158           9 
 159           10 
 160           5 
 161           5 
 162           9 
 163           2 
 164           10 
 165           5 
 166           4 
 167           5 
 168           2 
 169           2 
 170           7 
 171           3 
 172           1 
 173           6 
 174           4 
 175           3 
 176           4 
 177           1 
 178           10 
 179           4 
 180           4 
 181           5 
 182           5 
 183           4 
 184           6 
 185           9 
 186           7 
 187           6 
 188           9 
 189           2 
 190           9 
 191           6 
 192           1 
 193           5 
 194           9 
 195           8 
 196           2 
 197           3 
 198           10 
 199           5 
 200           8 
 201           8 
 202           1 
 203           9 
 204           9 
 205           9 
 206           8 
 207           3 
 208           4 
 209           7 
 210           7 
 211           4 
 212           10 
 213           10 
 214           7 
 215           5 
 216           4 
 217           5 
 218           10 
 219           6 
 220           2 
 221           9 
 222           5 
 223           6 
 224           10 
 225           10 
 226           8 
 227           5 
 228           3 
 229           3 
 230           8 
 231           1 
 232           2 
 233           2 
 234           3 
 235           2 
 236           7 
 237           4 
 238           7 
 239           4 
 240           1 
 241           10 
 242           6 
 243           2 
 244           5 
 245           1 
 246           4 
 247           1 
 248           7 
 249           4 
 250           5 
 251           6 
 252           8 
 253           1 
 254           8 
 255           7 
 256           4 
 257           3 
 258           6 
 259           5 
 260           6 
 261           10 
 262           8 
 263           1 
 264           6 
 265           8 
 266           5 
 267           10 
 268           4 
 269           10 
 270           2 
 271           3 
 272           5 
 273           8 
 274           2 
 275           5 
 276           10 
 277           2 
 278           1 
 279           5 
 280           6 
 281           4 
 282           2 
 283           7 
 284           6 
 285           1 
 286           6 
 287           5 
 288           5 
 289           5 
 290           10 
 291           1 
 292           7 
 293           9 
 294           10 
 295           4 
 296           3 
 297           7 
 298           10 
 299           4 
 300           8 
 301           9 
 302           0 
