 1             0 
 2             6 
 3             3 
 4             1 
 5             8 
 6             9 
 7             10 
 8             4 
 9             6 
 10            7 
 11            9 
 12            4 
 13            4 
 14            2 
 15            9 
 16            8 
 17            8 
 18            8 
 19            1 
 20            1 
 21            3 
 22            6 
 23            7 
 24            5 
 25            10 
 26            1 
 27            4 
 28            1 
 29            3 
 30            4 
 31            4 
 32            10 
 33            7 
 34            2 
 35            2 
 36            2 
 37            3 
 38            5 
 39            4 
 40            3 
 41            2 
 42            4 
 43            8 
 44            8 
 45            5 
 46            2 
 47            3 
 48            4 
 49            6 
 50            4 
 51            9 
 52            1 
 53            7 
 54            1 
 55            5 
 56            3 
 57            3 
 58            10 
 59            2 
 60            6 
 61            8 
 62            2 
 63            6 
 64            9 
 65            7 
 66            7 
 67            9 
 68            1 
 69            1 
 70            2 
 71            10 
 72            4 
 73            9 
 74            7 
 75            7 
 76            10 
 77            5 
 78            1 
 79            2 
 80            1 
 81            2 
 82            4 
 83            1 
 84            9 
 85            10 
 86            5 
 87            5 
 88            9 
 89            10 
 90            10 
 91            9 
 92            3 
 93            9 
 94            9 
 95            3 
 96            2 
 97            1 
 98            9 
 99            4 
 100           8 
 101           6 
 102           8 
 103           1 
 104           9 
 105           8 
 106           10 
 107           3 
 108           6 
 109           4 
 110           4 
 111           3 
 112           8 
 113           10 
 114           1 
 115           5 
 116           1 
 117           10 
 118           5 
 119           8 
 120           4 
 121           3 
 122           4 
 123           9 
 124           5 
 125           6 
 126           1 
 127           3 
 128           9 
 129           9 
 130           10 
 131           9 
 132           10 
 133           9 
 134           5 
 135           9 
 136           8 
 137           2 
 138           4 
 139           8 
 140           7 
 141           8 
 142           1 
 143           4 
 144           6 
 145           3 
 146           2 
 147           7 
 148           7 
 149           10 
 150           5 
 151           5 
 152           9 
 153           6 
 154           6 
 155           2 
 156           7 
 157           7 
 158           8 
 159           2 
 160           3 
 161           6 
 162           3 
 163           3 
 164           1 
 165           4 
 166           1 
 167           7 
 168           10 
 169           5 
 170           6 
 171           10 
 172           4 
 173           6 
 174           2 
 175           8 
 176           6 
 177           9 
 178           4 
 179           10 
 180           3 
 181           3 
 182           2 
 183           2 
 184           7 
 185           9 
 186           2 
 187           9 
 188           10 
 189           9 
 190           4 
 191           6 
 192           6 
 193           6 
 194           9 
 195           10 
 196           7 
 197           1 
 198           9 
 199           1 
 200           2 
 201           5 
 202           8 
 203           1 
 204           4 
 205           1 
 206           7 
 207           10 
 208           4 
 209           6 
 210           2 
 211           1 
 212           2 
 213           8 
 214           4 
 215           10 
 216           5 
 217           8 
 218           10 
 219           5 
 220           8 
 221           9 
 222           5 
 223           1 
 224           3 
 225           2 
 226           5 
 227           7 
 228           1 
 229           2 
 230           2 
 231           4 
 232           10 
 233           2 
 234           9 
 235           4 
 236           10 
 237           5 
 238           9 
 239           9 
 240           1 
 241           1 
 242           8 
 243           1 
 244           1 
 245           9 
 246           10 
 247           10 
 248           3 
 249           6 
 250           4 
 251           1 
 252           8 
 253           5 
 254           2 
 255           1 
 256           6 
 257           7 
 258           2 
 259           9 
 260           7 
 261           1 
 262           5 
 263           2 
 264           6 
 265           7 
 266           10 
 267           9 
 268           6 
 269           7 
 270           2 
 271           3 
 272           3 
 273           7 
 274           4 
 275           7 
 276           8 
 277           9 
 278           3 
 279           3 
 280           5 
 281           9 
 282           6 
 283           6 
 284           6 
 285           9 
 286           5 
 287           2 
 288           10 
 289           8 
 290           1 
 291           6 
 292           9 
 293           8 
 294           2 
 295           9 
 296           9 
 297           9 
 298           9 
 299           9 
 300           6 
 301           7 
 302           0 
