 1             0 
 2             5 
 3             8 
 4             1 
 5             9 
 6             4 
 7             2 
 8             1 
 9             8 
 10            6 
 11            2 
 12            10 
 13            1 
 14            1 
 15            3 
 16            7 
 17            7 
 18            8 
 19            10 
 20            4 
 21            9 
 22            1 
 23            7 
 24            4 
 25            3 
 26            2 
 27            4 
 28            7 
 29            2 
 30            1 
 31            4 
 32            2 
 33            9 
 34            7 
 35            9 
 36            5 
 37            9 
 38            4 
 39            6 
 40            9 
 41            8 
 42            6 
 43            1 
 44            3 
 45            10 
 46            7 
 47            10 
 48            1 
 49            4 
 50            4 
 51            6 
 52            2 
 53            9 
 54            5 
 55            3 
 56            8 
 57            3 
 58            1 
 59            2 
 60            3 
 61            6 
 62            3 
 63            10 
 64            8 
 65            5 
 66            7 
 67            9 
 68            1 
 69            4 
 70            5 
 71            6 
 72            3 
 73            2 
 74            8 
 75            6 
 76            3 
 77            6 
 78            2 
 79            4 
 80            9 
 81            9 
 82            8 
 83            3 
 84            10 
 85            7 
 86            10 
 87            2 
 88            10 
 89            9 
 90            5 
 91            10 
 92            3 
 93            1 
 94            2 
 95            3 
 96            9 
 97            1 
 98            8 
 99            5 
 100           7 
 101           3 
 102           6 
 103           2 
 104           9 
 105           5 
 106           4 
 107           4 
 108           2 
 109           1 
 110           4 
 111           1 
 112           8 
 113           8 
 114           2 
 115           5 
 116           10 
 117           6 
 118           2 
 119           8 
 120           10 
 121           7 
 122           10 
 123           2 
 124           4 
 125           8 
 126           9 
 127           8 
 128           9 
 129           6 
 130           10 
 131           1 
 132           7 
 133           9 
 134           8 
 135           9 
 136           1 
 137           7 
 138           2 
 139           4 
 140           1 
 141           6 
 142           10 
 143           3 
 144           9 
 145           9 
 146           9 
 147           5 
 148           1 
 149           4 
 150           4 
 151           7 
 152           10 
 153           1 
 154           10 
 155           6 
 156           1 
 157           2 
 158           1 
 159           4 
 160           7 
 161           1 
 162           9 
 163           2 
 164           2 
 165           2 
 166           6 
 167           4 
 168           10 
 169           9 
 170           5 
 171           9 
 172           8 
 173           3 
 174           8 
 175           9 
 176           2 
 177           5 
 178           5 
 179           3 
 180           6 
 181           1 
 182           10 
 183           6 
 184           1 
 185           1 
 186           7 
 187           2 
 188           6 
 189           10 
 190           1 
 191           6 
 192           7 
 193           9 
 194           1 
 195           7 
 196           10 
 197           4 
 198           5 
 199           7 
 200           7 
 201           1 
 202           10 
 203           7 
 204           1 
 205           3 
 206           9 
 207           8 
 208           2 
 209           9 
 210           1 
 211           2 
 212           7 
 213           3 
 214           10 
 215           6 
 216           1 
 217           6 
 218           8 
 219           10 
 220           1 
 221           2 
 222           10 
 223           7 
 224           8 
 225           10 
 226           9 
 227           1 
 228           5 
 229           4 
 230           5 
 231           8 
 232           2 
 233           4 
 234           8 
 235           1 
 236           3 
 237           5 
 238           9 
 239           9 
 240           6 
 241           3 
 242           1 
 243           9 
 244           10 
 245           4 
 246           3 
 247           8 
 248           9 
 249           1 
 250           3 
 251           9 
 252           7 
 253           8 
 254           2 
 255           4 
 256           2 
 257           9 
 258           10 
 259           2 
 260           5 
 261           2 
 262           6 
 263           5 
 264           5 
 265           4 
 266           3 
 267           5 
 268           10 
 269           1 
 270           3 
 271           6 
 272           2 
 273           5 
 274           4 
 275           9 
 276           3 
 277           8 
 278           1 
 279           2 
 280           8 
 281           2 
 282           1 
 283           6 
 284           4 
 285           4 
 286           10 
 287           8 
 288           6 
 289           6 
 290           4 
 291           7 
 292           4 
 293           10 
 294           9 
 295           9 
 296           10 
 297           1 
 298           2 
 299           9 
 300           10 
 301           10 
 302           0 
