 1             0 
 2             5 
 3             10 
 4             2 
 5             8 
 6             7 
 7             1 
 8             2 
 9             8 
 10            2 
 11            8 
 12            5 
 13            1 
 14            7 
 15            8 
 16            6 
 17            3 
 18            6 
 19            8 
 20            5 
 21            4 
 22            7 
 23            3 
 24            7 
 25            2 
 26            4 
 27            6 
 28            6 
 29            1 
 30            5 
 31            8 
 32            3 
 33            5 
 34            1 
 35            2 
 36            5 
 37            2 
 38            4 
 39            6 
 40            9 
 41            5 
 42            6 
 43            10 
 44            10 
 45            10 
 46            9 
 47            5 
 48            5 
 49            7 
 50            3 
 51            3 
 52            7 
 53            2 
 54            9 
 55            5 
 56            4 
 57            8 
 58            6 
 59            2 
 60            1 
 61            6 
 62            6 
 63            9 
 64            6 
 65            9 
 66            8 
 67            6 
 68            10 
 69            10 
 70            1 
 71            5 
 72            3 
 73            10 
 74            1 
 75            10 
 76            4 
 77            10 
 78            8 
 79            5 
 80            2 
 81            9 
 82            1 
 83            9 
 84            9 
 85            10 
 86            4 
 87            1 
 88            9 
 89            8 
 90            7 
 91            5 
 92            3 
 93            8 
 94            3 
 95            6 
 96            2 
 97            4 
 98            9 
 99            4 
 100           2 
 101           7 
 102           8 
 103           8 
 104           10 
 105           7 
 106           4 
 107           1 
 108           1 
 109           5 
 110           10 
 111           10 
 112           7 
 113           3 
 114           9 
 115           7 
 116           2 
 117           7 
 118           4 
 119           7 
 120           8 
 121           6 
 122           6 
 123           5 
 124           8 
 125           9 
 126           5 
 127           8 
 128           3 
 129           10 
 130           8 
 131           7 
 132           1 
 133           3 
 134           2 
 135           2 
 136           4 
 137           6 
 138           5 
 139           5 
 140           7 
 141           2 
 142           6 
 143           2 
 144           8 
 145           6 
 146           6 
 147           1 
 148           6 
 149           5 
 150           4 
 151           4 
 152           3 
 153           6 
 154           8 
 155           3 
 156           2 
 157           9 
 158           1 
 159           8 
 160           7 
 161           6 
 162           8 
 163           4 
 164           10 
 165           4 
 166           6 
 167           6 
 168           5 
 169           10 
 170           5 
 171           4 
 172           4 
 173           7 
 174           5 
 175           3 
 176           7 
 177           4 
 178           7 
 179           5 
 180           4 
 181           10 
 182           2 
 183           1 
 184           2 
 185           8 
 186           2 
 187           3 
 188           5 
 189           2 
 190           2 
 191           3 
 192           1 
 193           6 
 194           9 
 195           9 
 196           2 
 197           7 
 198           7 
 199           6 
 200           7 
 201           3 
 202           7 
 203           5 
 204           6 
 205           4 
 206           6 
 207           1 
 208           3 
 209           3 
 210           3 
 211           9 
 212           9 
 213           9 
 214           2 
 215           7 
 216           8 
 217           5 
 218           2 
 219           1 
 220           9 
 221           4 
 222           10 
 223           5 
 224           9 
 225           10 
 226           4 
 227           9 
 228           3 
 229           4 
 230           2 
 231           9 
 232           5 
 233           4 
 234           8 
 235           3 
 236           10 
 237           8 
 238           6 
 239           8 
 240           10 
 241           9 
 242           3 
 243           4 
 244           7 
 245           7 
 246           1 
 247           2 
 248           5 
 249           4 
 250           9 
 251           7 
 252           7 
 253           5 
 254           4 
 255           10 
 256           6 
 257           1 
 258           3 
 259           2 
 260           7 
 261           8 
 262           9 
 263           10 
 264           7 
 265           3 
 266           9 
 267           5 
 268           3 
 269           7 
 270           2 
 271           9 
 272           2 
 273           1 
 274           9 
 275           4 
 276           6 
 277           8 
 278           8 
 279           2 
 280           7 
 281           2 
 282           10 
 283           4 
 284           7 
 285           1 
 286           8 
 287           8 
 288           1 
 289           1 
 290           5 
 291           3 
 292           4 
 293           5 
 294           10 
 295           9 
 296           8 
 297           8 
 298           6 
 299           10 
 300           7 
 301           10 
 302           0 
