 1             0 
 2             2 
 3             2 
 4             3 
 5             4 
 6             9 
 7             6 
 8             7 
 9             7 
 10            3 
 11            10 
 12            8 
 13            10 
 14            10 
 15            5 
 16            10 
 17            3 
 18            2 
 19            10 
 20            7 
 21            2 
 22            3 
 23            1 
 24            10 
 25            6 
 26            2 
 27            10 
 28            4 
 29            9 
 30            9 
 31            6 
 32            3 
 33            7 
 34            8 
 35            9 
 36            3 
 37            3 
 38            2 
 39            10 
 40            10 
 41            6 
 42            5 
 43            7 
 44            4 
 45            6 
 46            9 
 47            6 
 48            9 
 49            9 
 50            2 
 51            2 
 52            10 
 53            5 
 54            7 
 55            1 
 56            1 
 57            9 
 58            6 
 59            9 
 60            3 
 61            1 
 62            5 
 63            8 
 64            2 
 65            4 
 66            1 
 67            6 
 68            5 
 69            7 
 70            9 
 71            10 
 72            1 
 73            3 
 74            3 
 75            2 
 76            7 
 77            9 
 78            5 
 79            4 
 80            9 
 81            3 
 82            1 
 83            6 
 84            7 
 85            3 
 86            3 
 87            2 
 88            2 
 89            4 
 90            4 
 91            4 
 92            3 
 93            6 
 94            10 
 95            3 
 96            2 
 97            7 
 98            4 
 99            7 
 100           5 
 101           8 
 102           5 
 103           10 
 104           6 
 105           8 
 106           1 
 107           5 
 108           2 
 109           10 
 110           8 
 111           10 
 112           10 
 113           4 
 114           3 
 115           7 
 116           10 
 117           2 
 118           3 
 119           2 
 120           7 
 121           8 
 122           7 
 123           6 
 124           6 
 125           4 
 126           8 
 127           1 
 128           5 
 129           7 
 130           3 
 131           5 
 132           4 
 133           8 
 134           4 
 135           3 
 136           8 
 137           10 
 138           8 
 139           6 
 140           1 
 141           3 
 142           8 
 143           2 
 144           7 
 145           3 
 146           8 
 147           1 
 148           2 
 149           2 
 150           7 
 151           6 
 152           7 
 153           3 
 154           9 
 155           2 
 156           10 
 157           6 
 158           1 
 159           4 
 160           2 
 161           3 
 162           6 
 163           4 
 164           5 
 165           3 
 166           5 
 167           7 
 168           2 
 169           1 
 170           3 
 171           9 
 172           4 
 173           1 
 174           1 
 175           3 
 176           1 
 177           7 
 178           3 
 179           4 
 180           3 
 181           5 
 182           9 
 183           7 
 184           7 
 185           1 
 186           6 
 187           9 
 188           4 
 189           3 
 190           8 
 191           10 
 192           9 
 193           9 
 194           1 
 195           7 
 196           8 
 197           4 
 198           7 
 199           6 
 200           4 
 201           10 
 202           3 
 203           8 
 204           4 
 205           10 
 206           2 
 207           9 
 208           4 
 209           9 
 210           9 
 211           6 
 212           8 
 213           8 
 214           7 
 215           9 
 216           8 
 217           10 
 218           2 
 219           5 
 220           3 
 221           4 
 222           9 
 223           3 
 224           3 
 225           4 
 226           10 
 227           8 
 228           1 
 229           10 
 230           7 
 231           5 
 232           2 
 233           2 
 234           7 
 235           8 
 236           8 
 237           1 
 238           5 
 239           8 
 240           10 
 241           1 
 242           4 
 243           6 
 244           4 
 245           10 
 246           7 
 247           10 
 248           9 
 249           10 
 250           4 
 251           1 
 252           10 
 253           3 
 254           7 
 255           2 
 256           9 
 257           6 
 258           9 
 259           5 
 260           5 
 261           7 
 262           10 
 263           9 
 264           7 
 265           9 
 266           6 
 267           1 
 268           10 
 269           3 
 270           2 
 271           9 
 272           2 
 273           10 
 274           8 
 275           7 
 276           6 
 277           6 
 278           4 
 279           5 
 280           3 
 281           5 
 282           5 
 283           4 
 284           2 
 285           7 
 286           8 
 287           4 
 288           2 
 289           10 
 290           7 
 291           2 
 292           7 
 293           10 
 294           3 
 295           1 
 296           3 
 297           3 
 298           7 
 299           4 
 300           7 
 301           3 
 302           0 
