 1             0 
 2             3 
 3             9 
 4             3 
 5             9 
 6             6 
 7             8 
 8             3 
 9             3 
 10            10 
 11            1 
 12            6 
 13            3 
 14            8 
 15            6 
 16            7 
 17            6 
 18            8 
 19            2 
 20            3 
 21            4 
 22            6 
 23            3 
 24            6 
 25            9 
 26            5 
 27            9 
 28            7 
 29            6 
 30            1 
 31            5 
 32            6 
 33            9 
 34            5 
 35            4 
 36            7 
 37            1 
 38            5 
 39            6 
 40            5 
 41            4 
 42            10 
 43            8 
 44            6 
 45            4 
 46            6 
 47            1 
 48            8 
 49            9 
 50            8 
 51            7 
 52            1 
 53            10 
 54            4 
 55            8 
 56            8 
 57            7 
 58            10 
 59            4 
 60            9 
 61            3 
 62            3 
 63            6 
 64            5 
 65            10 
 66            10 
 67            10 
 68            7 
 69            6 
 70            8 
 71            5 
 72            9 
 73            1 
 74            10 
 75            8 
 76            1 
 77            7 
 78            6 
 79            9 
 80            9 
 81            7 
 82            5 
 83            3 
 84            10 
 85            7 
 86            4 
 87            10 
 88            1 
 89            5 
 90            5 
 91            1 
 92            10 
 93            9 
 94            2 
 95            5 
 96            8 
 97            1 
 98            5 
 99            8 
 100           2 
 101           9 
 102           7 
 103           9 
 104           5 
 105           9 
 106           1 
 107           3 
 108           8 
 109           7 
 110           10 
 111           3 
 112           1 
 113           6 
 114           6 
 115           6 
 116           5 
 117           5 
 118           9 
 119           10 
 120           8 
 121           5 
 122           10 
 123           8 
 124           5 
 125           4 
 126           3 
 127           6 
 128           1 
 129           8 
 130           10 
 131           1 
 132           4 
 133           8 
 134           4 
 135           8 
 136           9 
 137           6 
 138           4 
 139           6 
 140           4 
 141           3 
 142           9 
 143           4 
 144           2 
 145           7 
 146           3 
 147           3 
 148           1 
 149           8 
 150           3 
 151           6 
 152           3 
 153           8 
 154           1 
 155           8 
 156           4 
 157           5 
 158           7 
 159           4 
 160           8 
 161           5 
 162           3 
 163           1 
 164           3 
 165           7 
 166           4 
 167           7 
 168           10 
 169           10 
 170           9 
 171           7 
 172           1 
 173           10 
 174           6 
 175           7 
 176           6 
 177           4 
 178           10 
 179           5 
 180           2 
 181           9 
 182           5 
 183           6 
 184           6 
 185           3 
 186           4 
 187           8 
 188           10 
 189           4 
 190           8 
 191           5 
 192           6 
 193           7 
 194           3 
 195           2 
 196           8 
 197           4 
 198           4 
 199           9 
 200           2 
 201           8 
 202           2 
 203           5 
 204           7 
 205           5 
 206           6 
 207           8 
 208           7 
 209           10 
 210           4 
 211           6 
 212           2 
 213           7 
 214           6 
 215           9 
 216           2 
 217           4 
 218           8 
 219           2 
 220           8 
 221           10 
 222           8 
 223           3 
 224           6 
 225           4 
 226           10 
 227           8 
 228           5 
 229           10 
 230           8 
 231           3 
 232           5 
 233           10 
 234           6 
 235           10 
 236           6 
 237           8 
 238           4 
 239           7 
 240           10 
 241           2 
 242           8 
 243           6 
 244           7 
 245           4 
 246           9 
 247           4 
 248           9 
 249           1 
 250           2 
 251           3 
 252           3 
 253           7 
 254           6 
 255           5 
 256           2 
 257           5 
 258           2 
 259           3 
 260           5 
 261           6 
 262           6 
 263           10 
 264           3 
 265           3 
 266           9 
 267           3 
 268           1 
 269           3 
 270           1 
 271           3 
 272           2 
 273           8 
 274           9 
 275           4 
 276           1 
 277           4 
 278           3 
 279           1 
 280           10 
 281           8 
 282           8 
 283           9 
 284           9 
 285           6 
 286           10 
 287           2 
 288           7 
 289           3 
 290           10 
 291           8 
 292           3 
 293           6 
 294           8 
 295           7 
 296           4 
 297           4 
 298           3 
 299           7 
 300           3 
 301           7 
 302           0 
