 1             0 
 2             6 
 3             1 
 4             7 
 5             2 
 6             4 
 7             3 
 8             10 
 9             10 
 10            1 
 11            8 
 12            1 
 13            9 
 14            10 
 15            2 
 16            10 
 17            2 
 18            3 
 19            7 
 20            10 
 21            3 
 22            4 
 23            4 
 24            8 
 25            10 
 26            9 
 27            6 
 28            7 
 29            9 
 30            6 
 31            2 
 32            3 
 33            8 
 34            9 
 35            3 
 36            3 
 37            2 
 38            10 
 39            8 
 40            3 
 41            1 
 42            7 
 43            2 
 44            1 
 45            9 
 46            1 
 47            7 
 48            9 
 49            2 
 50            8 
 51            6 
 52            8 
 53            4 
 54            5 
 55            7 
 56            1 
 57            4 
 58            2 
 59            2 
 60            10 
 61            1 
 62            3 
 63            6 
 64            5 
 65            6 
 66            10 
 67            4 
 68            8 
 69            7 
 70            10 
 71            5 
 72            3 
 73            4 
 74            7 
 75            9 
 76            7 
 77            5 
 78            9 
 79            6 
 80            7 
 81            5 
 82            2 
 83            3 
 84            3 
 85            2 
 86            2 
 87            1 
 88            6 
 89            4 
 90            7 
 91            8 
 92            8 
 93            7 
 94            4 
 95            2 
 96            9 
 97            2 
 98            9 
 99            1 
 100           9 
 101           7 
 102           3 
 103           7 
 104           5 
 105           1 
 106           1 
 107           3 
 108           9 
 109           2 
 110           4 
 111           10 
 112           9 
 113           3 
 114           3 
 115           8 
 116           9 
 117           5 
 118           8 
 119           8 
 120           10 
 121           2 
 122           2 
 123           8 
 124           9 
 125           6 
 126           9 
 127           8 
 128           3 
 129           8 
 130           4 
 131           1 
 132           3 
 133           6 
 134           1 
 135           10 
 136           2 
 137           6 
 138           7 
 139           9 
 140           6 
 141           1 
 142           4 
 143           3 
 144           8 
 145           2 
 146           7 
 147           1 
 148           5 
 149           10 
 150           7 
 151           4 
 152           2 
 153           10 
 154           2 
 155           2 
 156           2 
 157           9 
 158           5 
 159           9 
 160           6 
 161           4 
 162           10 
 163           1 
 164           4 
 165           5 
 166           2 
 167           9 
 168           8 
 169           7 
 170           9 
 171           3 
 172           7 
 173           9 
 174           6 
 175           5 
 176           9 
 177           6 
 178           10 
 179           7 
 180           5 
 181           2 
 182           8 
 183           1 
 184           5 
 185           7 
 186           4 
 187           10 
 188           10 
 189           2 
 190           7 
 191           10 
 192           6 
 193           8 
 194           6 
 195           9 
 196           4 
 197           4 
 198           4 
 199           2 
 200           3 
 201           9 
 202           8 
 203           7 
 204           8 
 205           2 
 206           3 
 207           4 
 208           1 
 209           2 
 210           1 
 211           1 
 212           1 
 213           2 
 214           9 
 215           7 
 216           8 
 217           9 
 218           1 
 219           8 
 220           1 
 221           9 
 222           1 
 223           8 
 224           4 
 225           7 
 226           7 
 227           6 
 228           7 
 229           3 
 230           8 
 231           6 
 232           6 
 233           3 
 234           2 
 235           8 
 236           4 
 237           8 
 238           6 
 239           6 
 240           3 
 241           5 
 242           2 
 243           10 
 244           9 
 245           5 
 246           1 
 247           10 
 248           1 
 249           6 
 250           8 
 251           6 
 252           7 
 253           4 
 254           6 
 255           3 
 256           1 
 257           10 
 258           2 
 259           7 
 260           7 
 261           8 
 262           3 
 263           8 
 264           10 
 265           4 
 266           2 
 267           2 
 268           6 
 269           4 
 270           4 
 271           7 
 272           2 
 273           5 
 274           6 
 275           9 
 276           3 
 277           8 
 278           1 
 279           6 
 280           6 
 281           5 
 282           6 
 283           10 
 284           8 
 285           9 
 286           8 
 287           1 
 288           9 
 289           6 
 290           5 
 291           1 
 292           6 
 293           5 
 294           6 
 295           3 
 296           6 
 297           4 
 298           4 
 299           8 
 300           3 
 301           3 
 302           0 
