 1             0 
 2             9 
 3             4 
 4             2 
 5             1 
 6             7 
 7             3 
 8             6 
 9             2 
 10            6 
 11            5 
 12            8 
 13            6 
 14            3 
 15            10 
 16            9 
 17            6 
 18            6 
 19            4 
 20            10 
 21            2 
 22            3 
 23            9 
 24            10 
 25            2 
 26            10 
 27            9 
 28            5 
 29            7 
 30            1 
 31            9 
 32            3 
 33            9 
 34            5 
 35            9 
 36            5 
 37            5 
 38            7 
 39            9 
 40            2 
 41            10 
 42            5 
 43            4 
 44            2 
 45            9 
 46            6 
 47            2 
 48            9 
 49            2 
 50            2 
 51            7 
 52            1 
 53            7 
 54            7 
 55            7 
 56            6 
 57            4 
 58            6 
 59            4 
 60            2 
 61            9 
 62            7 
 63            8 
 64            10 
 65            2 
 66            8 
 67            8 
 68            5 
 69            6 
 70            7 
 71            8 
 72            2 
 73            6 
 74            8 
 75            6 
 76            1 
 77            10 
 78            2 
 79            2 
 80            10 
 81            3 
 82            8 
 83            7 
 84            4 
 85            9 
 86            7 
 87            5 
 88            8 
 89            9 
 90            9 
 91            2 
 92            4 
 93            9 
 94            1 
 95            5 
 96            9 
 97            10 
 98            10 
 99            5 
 100           9 
 101           6 
 102           4 
 103           7 
 104           10 
 105           4 
 106           1 
 107           5 
 108           3 
 109           2 
 110           8 
 111           4 
 112           6 
 113           5 
 114           4 
 115           5 
 116           3 
 117           4 
 118           1 
 119           2 
 120           8 
 121           2 
 122           10 
 123           8 
 124           1 
 125           9 
 126           9 
 127           5 
 128           3 
 129           3 
 130           6 
 131           4 
 132           8 
 133           10 
 134           1 
 135           1 
 136           6 
 137           7 
 138           3 
 139           8 
 140           10 
 141           4 
 142           4 
 143           9 
 144           7 
 145           2 
 146           8 
 147           2 
 148           7 
 149           8 
 150           10 
 151           1 
 152           3 
 153           3 
 154           10 
 155           2 
 156           1 
 157           6 
 158           6 
 159           6 
 160           2 
 161           9 
 162           8 
 163           5 
 164           3 
 165           1 
 166           3 
 167           5 
 168           2 
 169           10 
 170           4 
 171           3 
 172           8 
 173           8 
 174           1 
 175           5 
 176           10 
 177           10 
 178           7 
 179           9 
 180           1 
 181           10 
 182           9 
 183           7 
 184           8 
 185           3 
 186           8 
 187           10 
 188           9 
 189           1 
 190           4 
 191           3 
 192           3 
 193           2 
 194           8 
 195           4 
 196           5 
 197           1 
 198           8 
 199           7 
 200           10 
 201           1 
 202           10 
 203           1 
 204           8 
 205           6 
 206           3 
 207           10 
 208           4 
 209           1 
 210           9 
 211           4 
 212           5 
 213           3 
 214           7 
 215           4 
 216           5 
 217           6 
 218           6 
 219           6 
 220           6 
 221           6 
 222           10 
 223           9 
 224           4 
 225           1 
 226           1 
 227           5 
 228           2 
 229           1 
 230           8 
 231           6 
 232           7 
 233           10 
 234           6 
 235           10 
 236           7 
 237           1 
 238           7 
 239           10 
 240           5 
 241           9 
 242           8 
 243           3 
 244           1 
 245           1 
 246           6 
 247           5 
 248           3 
 249           2 
 250           5 
 251           1 
 252           6 
 253           1 
 254           2 
 255           8 
 256           2 
 257           5 
 258           6 
 259           2 
 260           6 
 261           3 
 262           10 
 263           8 
 264           7 
 265           2 
 266           5 
 267           10 
 268           1 
 269           10 
 270           7 
 271           4 
 272           8 
 273           1 
 274           9 
 275           1 
 276           2 
 277           8 
 278           5 
 279           6 
 280           10 
 281           6 
 282           3 
 283           5 
 284           9 
 285           2 
 286           10 
 287           2 
 288           7 
 289           5 
 290           5 
 291           9 
 292           2 
 293           7 
 294           8 
 295           8 
 296           6 
 297           6 
 298           9 
 299           5 
 300           5 
 301           9 
 302           0 
