 1             0 
 2             5 
 3             4 
 4             9 
 5             10 
 6             8 
 7             4 
 8             6 
 9             9 
 10            7 
 11            8 
 12            8 
 13            4 
 14            8 
 15            3 
 16            8 
 17            7 
 18            10 
 19            6 
 20            10 
 21            4 
 22            10 
 23            10 
 24            6 
 25            7 
 26            9 
 27            2 
 28            3 
 29            8 
 30            9 
 31            3 
 32            6 
 33            4 
 34            8 
 35            6 
 36            9 
 37            2 
 38            4 
 39            3 
 40            9 
 41            2 
 42            6 
 43            2 
 44            8 
 45            8 
 46            9 
 47            9 
 48            5 
 49            9 
 50            9 
 51            7 
 52            3 
 53            1 
 54            10 
 55            3 
 56            7 
 57            1 
 58            6 
 59            2 
 60            9 
 61            3 
 62            9 
 63            1 
 64            5 
 65            8 
 66            3 
 67            9 
 68            1 
 69            1 
 70            4 
 71            4 
 72            9 
 73            2 
 74            4 
 75            9 
 76            1 
 77            1 
 78            8 
 79            6 
 80            2 
 81            9 
 82            8 
 83            10 
 84            5 
 85            1 
 86            8 
 87            2 
 88            10 
 89            10 
 90            10 
 91            6 
 92            8 
 93            7 
 94            1 
 95            2 
 96            9 
 97            3 
 98            6 
 99            4 
 100           5 
 101           9 
 102           6 
 103           9 
 104           3 
 105           9 
 106           2 
 107           3 
 108           7 
 109           4 
 110           3 
 111           3 
 112           6 
 113           3 
 114           3 
 115           7 
 116           1 
 117           5 
 118           7 
 119           2 
 120           2 
 121           3 
 122           1 
 123           8 
 124           6 
 125           7 
 126           5 
 127           5 
 128           1 
 129           1 
 130           5 
 131           5 
 132           1 
 133           1 
 134           5 
 135           5 
 136           3 
 137           4 
 138           3 
 139           8 
 140           3 
 141           3 
 142           4 
 143           1 
 144           5 
 145           7 
 146           2 
 147           6 
 148           7 
 149           10 
 150           9 
 151           3 
 152           6 
 153           4 
 154           9 
 155           6 
 156           6 
 157           4 
 158           10 
 159           5 
 160           6 
 161           10 
 162           4 
 163           2 
 164           8 
 165           3 
 166           3 
 167           9 
 168           4 
 169           6 
 170           4 
 171           10 
 172           5 
 173           10 
 174           8 
 175           7 
 176           8 
 177           5 
 178           7 
 179           7 
 180           3 
 181           3 
 182           3 
 183           7 
 184           2 
 185           1 
 186           5 
 187           7 
 188           1 
 189           6 
 190           5 
 191           5 
 192           1 
 193           3 
 194           2 
 195           3 
 196           7 
 197           6 
 198           1 
 199           6 
 200           7 
 201           8 
 202           4 
 203           2 
 204           10 
 205           9 
 206           10 
 207           10 
 208           8 
 209           4 
 210           10 
 211           1 
 212           3 
 213           10 
 214           2 
 215           10 
 216           7 
 217           1 
 218           5 
 219           4 
 220           9 
 221           10 
 222           8 
 223           2 
 224           3 
 225           3 
 226           7 
 227           9 
 228           8 
 229           3 
 230           8 
 231           10 
 232           1 
 233           6 
 234           8 
 235           7 
 236           10 
 237           1 
 238           4 
 239           9 
 240           5 
 241           5 
 242           8 
 243           6 
 244           8 
 245           6 
 246           8 
 247           5 
 248           6 
 249           7 
 250           7 
 251           7 
 252           6 
 253           4 
 254           3 
 255           10 
 256           3 
 257           6 
 258           3 
 259           8 
 260           4 
 261           7 
 262           2 
 263           4 
 264           10 
 265           4 
 266           2 
 267           4 
 268           1 
 269           10 
 270           2 
 271           9 
 272           10 
 273           8 
 274           10 
 275           9 
 276           7 
 277           9 
 278           6 
 279           8 
 280           2 
 281           1 
 282           1 
 283           8 
 284           10 
 285           8 
 286           1 
 287           2 
 288           3 
 289           6 
 290           7 
 291           10 
 292           5 
 293           6 
 294           2 
 295           9 
 296           5 
 297           2 
 298           4 
 299           5 
 300           10 
 301           10 
 302           0 
