 1             0 
 2             10 
 3             9 
 4             8 
 5             6 
 6             8 
 7             7 
 8             3 
 9             8 
 10            5 
 11            10 
 12            8 
 13            7 
 14            6 
 15            7 
 16            8 
 17            5 
 18            5 
 19            7 
 20            5 
 21            9 
 22            10 
 23            1 
 24            4 
 25            10 
 26            10 
 27            7 
 28            4 
 29            8 
 30            5 
 31            2 
 32            8 
 33            1 
 34            1 
 35            1 
 36            2 
 37            10 
 38            7 
 39            2 
 40            8 
 41            10 
 42            3 
 43            4 
 44            10 
 45            2 
 46            4 
 47            6 
 48            6 
 49            3 
 50            9 
 51            1 
 52            2 
 53            9 
 54            2 
 55            6 
 56            7 
 57            10 
 58            9 
 59            5 
 60            10 
 61            2 
 62            6 
 63            10 
 64            7 
 65            1 
 66            9 
 67            10 
 68            9 
 69            8 
 70            1 
 71            5 
 72            3 
 73            7 
 74            5 
 75            3 
 76            1 
 77            9 
 78            1 
 79            9 
 80            9 
 81            2 
 82            1 
 83            3 
 84            3 
 85            9 
 86            1 
 87            4 
 88            6 
 89            6 
 90            8 
 91            5 
 92            3 
 93            5 
 94            3 
 95            1 
 96            1 
 97            6 
 98            3 
 99            5 
 100           1 
 101           4 
 102           4 
 103           10 
 104           4 
 105           2 
 106           8 
 107           4 
 108           6 
 109           5 
 110           8 
 111           9 
 112           6 
 113           4 
 114           4 
 115           9 
 116           9 
 117           2 
 118           2 
 119           5 
 120           7 
 121           1 
 122           3 
 123           9 
 124           6 
 125           9 
 126           8 
 127           7 
 128           3 
 129           1 
 130           8 
 131           4 
 132           10 
 133           8 
 134           1 
 135           3 
 136           5 
 137           2 
 138           9 
 139           2 
 140           4 
 141           4 
 142           3 
 143           1 
 144           1 
 145           3 
 146           5 
 147           1 
 148           2 
 149           5 
 150           6 
 151           6 
 152           9 
 153           8 
 154           7 
 155           10 
 156           4 
 157           4 
 158           8 
 159           8 
 160           9 
 161           4 
 162           2 
 163           6 
 164           10 
 165           8 
 166           8 
 167           9 
 168           9 
 169           6 
 170           10 
 171           4 
 172           4 
 173           2 
 174           1 
 175           1 
 176           1 
 177           7 
 178           9 
 179           2 
 180           6 
 181           3 
 182           5 
 183           4 
 184           8 
 185           8 
 186           7 
 187           4 
 188           4 
 189           7 
 190           4 
 191           2 
 192           9 
 193           7 
 194           7 
 195           5 
 196           2 
 197           4 
 198           1 
 199           9 
 200           1 
 201           6 
 202           2 
 203           8 
 204           10 
 205           8 
 206           9 
 207           5 
 208           5 
 209           5 
 210           9 
 211           6 
 212           5 
 213           1 
 214           10 
 215           10 
 216           1 
 217           9 
 218           9 
 219           1 
 220           2 
 221           3 
 222           5 
 223           7 
 224           5 
 225           8 
 226           4 
 227           1 
 228           2 
 229           4 
 230           3 
 231           4 
 232           6 
 233           2 
 234           7 
 235           8 
 236           7 
 237           4 
 238           10 
 239           6 
 240           5 
 241           7 
 242           4 
 243           9 
 244           5 
 245           6 
 246           3 
 247           2 
 248           9 
 249           6 
 250           2 
 251           4 
 252           1 
 253           1 
 254           7 
 255           3 
 256           6 
 257           3 
 258           9 
 259           2 
 260           5 
 261           3 
 262           2 
 263           7 
 264           9 
 265           6 
 266           10 
 267           6 
 268           7 
 269           5 
 270           9 
 271           9 
 272           7 
 273           8 
 274           1 
 275           2 
 276           3 
 277           8 
 278           4 
 279           6 
 280           9 
 281           4 
 282           6 
 283           7 
 284           1 
 285           8 
 286           2 
 287           8 
 288           5 
 289           9 
 290           7 
 291           3 
 292           2 
 293           9 
 294           10 
 295           6 
 296           9 
 297           2 
 298           6 
 299           6 
 300           2 
 301           2 
 302           0 
