 1             0 
 2             2 
 3             8 
 4             8 
 5             5 
 6             10 
 7             9 
 8             1 
 9             8 
 10            7 
 11            2 
 12            9 
 13            3 
 14            2 
 15            9 
 16            4 
 17            3 
 18            10 
 19            3 
 20            9 
 21            4 
 22            3 
 23            3 
 24            8 
 25            6 
 26            6 
 27            10 
 28            9 
 29            8 
 30            10 
 31            3 
 32            10 
 33            8 
 34            10 
 35            3 
 36            3 
 37            10 
 38            8 
 39            2 
 40            4 
 41            1 
 42            5 
 43            7 
 44            5 
 45            4 
 46            7 
 47            9 
 48            9 
 49            3 
 50            1 
 51            6 
 52            3 
 53            10 
 54            6 
 55            7 
 56            1 
 57            5 
 58            1 
 59            6 
 60            5 
 61            4 
 62            3 
 63            4 
 64            2 
 65            3 
 66            6 
 67            1 
 68            2 
 69            2 
 70            2 
 71            4 
 72            4 
 73            5 
 74            7 
 75            2 
 76            3 
 77            6 
 78            4 
 79            4 
 80            8 
 81            10 
 82            10 
 83            5 
 84            5 
 85            1 
 86            2 
 87            7 
 88            4 
 89            4 
 90            6 
 91            3 
 92            6 
 93            5 
 94            6 
 95            3 
 96            2 
 97            10 
 98            3 
 99            7 
 100           10 
 101           2 
 102           8 
 103           9 
 104           3 
 105           9 
 106           7 
 107           1 
 108           8 
 109           10 
 110           10 
 111           4 
 112           9 
 113           7 
 114           6 
 115           9 
 116           8 
 117           10 
 118           1 
 119           4 
 120           7 
 121           2 
 122           6 
 123           10 
 124           8 
 125           8 
 126           8 
 127           1 
 128           10 
 129           9 
 130           7 
 131           7 
 132           9 
 133           8 
 134           5 
 135           5 
 136           9 
 137           5 
 138           2 
 139           2 
 140           5 
 141           5 
 142           2 
 143           6 
 144           7 
 145           8 
 146           10 
 147           8 
 148           7 
 149           5 
 150           3 
 151           4 
 152           2 
 153           9 
 154           5 
 155           8 
 156           10 
 157           8 
 158           8 
 159           8 
 160           4 
 161           3 
 162           1 
 163           1 
 164           6 
 165           7 
 166           9 
 167           7 
 168           4 
 169           1 
 170           4 
 171           9 
 172           6 
 173           7 
 174           8 
 175           9 
 176           5 
 177           9 
 178           6 
 179           1 
 180           1 
 181           6 
 182           4 
 183           6 
 184           6 
 185           10 
 186           1 
 187           6 
 188           3 
 189           8 
 190           3 
 191           4 
 192           2 
 193           10 
 194           4 
 195           6 
 196           10 
 197           8 
 198           10 
 199           5 
 200           9 
 201           7 
 202           7 
 203           9 
 204           3 
 205           7 
 206           6 
 207           5 
 208           5 
 209           2 
 210           10 
 211           5 
 212           8 
 213           10 
 214           8 
 215           1 
 216           4 
 217           7 
 218           3 
 219           10 
 220           8 
 221           1 
 222           3 
 223           5 
 224           4 
 225           2 
 226           6 
 227           5 
 228           9 
 229           4 
 230           5 
 231           8 
 232           3 
 233           2 
 234           6 
 235           6 
 236           9 
 237           8 
 238           1 
 239           10 
 240           8 
 241           5 
 242           3 
 243           1 
 244           7 
 245           5 
 246           10 
 247           10 
 248           4 
 249           6 
 250           8 
 251           3 
 252           6 
 253           10 
 254           10 
 255           2 
 256           6 
 257           9 
 258           8 
 259           4 
 260           10 
 261           4 
 262           9 
 263           6 
 264           9 
 265           8 
 266           10 
 267           7 
 268           7 
 269           7 
 270           1 
 271           9 
 272           3 
 273           10 
 274           9 
 275           9 
 276           4 
 277           4 
 278           9 
 279           2 
 280           4 
 281           2 
 282           7 
 283           2 
 284           4 
 285           6 
 286           9 
 287           9 
 288           10 
 289           9 
 290           5 
 291           6 
 292           8 
 293           10 
 294           8 
 295           2 
 296           8 
 297           9 
 298           3 
 299           5 
 300           10 
 301           4 
 302           0 
