 1             0 
 2             3 
 3             2 
 4             5 
 5             7 
 6             10 
 7             6 
 8             9 
 9             9 
 10            2 
 11            5 
 12            3 
 13            5 
 14            8 
 15            8 
 16            5 
 17            8 
 18            3 
 19            7 
 20            8 
 21            3 
 22            3 
 23            4 
 24            1 
 25            8 
 26            5 
 27            9 
 28            7 
 29            8 
 30            1 
 31            8 
 32            2 
 33            3 
 34            4 
 35            4 
 36            9 
 37            9 
 38            7 
 39            2 
 40            7 
 41            3 
 42            10 
 43            8 
 44            9 
 45            9 
 46            6 
 47            8 
 48            9 
 49            2 
 50            8 
 51            9 
 52            2 
 53            2 
 54            6 
 55            4 
 56            4 
 57            8 
 58            8 
 59            2 
 60            7 
 61            3 
 62            10 
 63            6 
 64            7 
 65            1 
 66            10 
 67            2 
 68            4 
 69            9 
 70            5 
 71            4 
 72            9 
 73            4 
 74            10 
 75            10 
 76            5 
 77            6 
 78            5 
 79            7 
 80            2 
 81            9 
 82            9 
 83            10 
 84            8 
 85            2 
 86            8 
 87            5 
 88            5 
 89            5 
 90            6 
 91            1 
 92            7 
 93            10 
 94            3 
 95            5 
 96            8 
 97            8 
 98            8 
 99            4 
 100           5 
 101           9 
 102           3 
 103           6 
 104           6 
 105           10 
 106           10 
 107           3 
 108           5 
 109           6 
 110           8 
 111           6 
 112           2 
 113           3 
 114           1 
 115           3 
 116           7 
 117           1 
 118           10 
 119           5 
 120           2 
 121           10 
 122           4 
 123           5 
 124           9 
 125           1 
 126           2 
 127           4 
 128           7 
 129           4 
 130           8 
 131           10 
 132           7 
 133           6 
 134           9 
 135           8 
 136           9 
 137           1 
 138           7 
 139           4 
 140           5 
 141           1 
 142           7 
 143           6 
 144           10 
 145           10 
 146           3 
 147           1 
 148           8 
 149           1 
 150           9 
 151           8 
 152           8 
 153           7 
 154           2 
 155           6 
 156           2 
 157           6 
 158           2 
 159           3 
 160           3 
 161           3 
 162           1 
 163           9 
 164           9 
 165           4 
 166           7 
 167           3 
 168           4 
 169           6 
 170           8 
 171           3 
 172           7 
 173           8 
 174           9 
 175           7 
 176           1 
 177           3 
 178           7 
 179           8 
 180           2 
 181           6 
 182           4 
 183           5 
 184           9 
 185           2 
 186           3 
 187           10 
 188           6 
 189           9 
 190           8 
 191           4 
 192           9 
 193           10 
 194           2 
 195           9 
 196           2 
 197           3 
 198           8 
 199           5 
 200           4 
 201           5 
 202           4 
 203           6 
 204           1 
 205           8 
 206           2 
 207           10 
 208           10 
 209           10 
 210           4 
 211           6 
 212           5 
 213           9 
 214           8 
 215           2 
 216           7 
 217           8 
 218           3 
 219           7 
 220           7 
 221           8 
 222           9 
 223           9 
 224           9 
 225           1 
 226           4 
 227           2 
 228           2 
 229           5 
 230           6 
 231           10 
 232           4 
 233           7 
 234           3 
 235           2 
 236           5 
 237           1 
 238           4 
 239           2 
 240           10 
 241           1 
 242           4 
 243           1 
 244           4 
 245           4 
 246           4 
 247           2 
 248           3 
 249           9 
 250           1 
 251           7 
 252           3 
 253           9 
 254           1 
 255           5 
 256           7 
 257           4 
 258           8 
 259           3 
 260           7 
 261           4 
 262           4 
 263           8 
 264           6 
 265           1 
 266           3 
 267           4 
 268           1 
 269           7 
 270           6 
 271           4 
 272           4 
 273           4 
 274           1 
 275           4 
 276           8 
 277           2 
 278           4 
 279           5 
 280           6 
 281           7 
 282           10 
 283           1 
 284           5 
 285           4 
 286           4 
 287           3 
 288           4 
 289           4 
 290           2 
 291           2 
 292           2 
 293           8 
 294           9 
 295           1 
 296           4 
 297           1 
 298           6 
 299           10 
 300           1 
 301           7 
 302           0 
