 1             0 
 2             6 
 3             6 
 4             1 
 5             2 
 6             3 
 7             6 
 8             2 
 9             9 
 10            4 
 11            10 
 12            7 
 13            1 
 14            1 
 15            10 
 16            7 
 17            9 
 18            3 
 19            2 
 20            1 
 21            3 
 22            3 
 23            9 
 24            6 
 25            6 
 26            9 
 27            6 
 28            10 
 29            6 
 30            5 
 31            6 
 32            5 
 33            5 
 34            3 
 35            2 
 36            2 
 37            8 
 38            1 
 39            7 
 40            1 
 41            5 
 42            8 
 43            5 
 44            9 
 45            1 
 46            2 
 47            5 
 48            2 
 49            9 
 50            4 
 51            3 
 52            1 
 53            2 
 54            7 
 55            9 
 56            8 
 57            1 
 58            8 
 59            7 
 60            10 
 61            9 
 62            7 
 63            1 
 64            7 
 65            5 
 66            4 
 67            8 
 68            7 
 69            4 
 70            8 
 71            2 
 72            8 
 73            1 
 74            4 
 75            3 
 76            8 
 77            10 
 78            5 
 79            1 
 80            6 
 81            1 
 82            9 
 83            7 
 84            2 
 85            9 
 86            5 
 87            2 
 88            2 
 89            7 
 90            10 
 91            3 
 92            7 
 93            10 
 94            3 
 95            1 
 96            10 
 97            6 
 98            4 
 99            3 
 100           4 
 101           6 
 102           2 
 103           2 
 104           3 
 105           10 
 106           8 
 107           3 
 108           7 
 109           3 
 110           10 
 111           9 
 112           5 
 113           1 
 114           6 
 115           1 
 116           6 
 117           4 
 118           5 
 119           9 
 120           9 
 121           6 
 122           9 
 123           1 
 124           5 
 125           6 
 126           9 
 127           5 
 128           5 
 129           5 
 130           8 
 131           3 
 132           3 
 133           8 
 134           2 
 135           8 
 136           5 
 137           9 
 138           7 
 139           9 
 140           5 
 141           1 
 142           8 
 143           9 
 144           8 
 145           8 
 146           4 
 147           2 
 148           4 
 149           1 
 150           5 
 151           4 
 152           2 
 153           6 
 154           4 
 155           5 
 156           7 
 157           7 
 158           2 
 159           10 
 160           2 
 161           4 
 162           2 
 163           3 
 164           9 
 165           2 
 166           5 
 167           9 
 168           1 
 169           10 
 170           9 
 171           4 
 172           10 
 173           2 
 174           5 
 175           5 
 176           8 
 177           8 
 178           5 
 179           5 
 180           3 
 181           10 
 182           9 
 183           6 
 184           1 
 185           7 
 186           8 
 187           6 
 188           2 
 189           1 
 190           5 
 191           2 
 192           10 
 193           3 
 194           2 
 195           9 
 196           9 
 197           2 
 198           3 
 199           5 
 200           2 
 201           3 
 202           8 
 203           1 
 204           9 
 205           6 
 206           7 
 207           7 
 208           4 
 209           3 
 210           9 
 211           2 
 212           5 
 213           9 
 214           6 
 215           9 
 216           5 
 217           9 
 218           2 
 219           6 
 220           8 
 221           10 
 222           8 
 223           4 
 224           4 
 225           7 
 226           3 
 227           10 
 228           10 
 229           4 
 230           8 
 231           9 
 232           1 
 233           8 
 234           4 
 235           4 
 236           5 
 237           5 
 238           1 
 239           7 
 240           10 
 241           3 
 242           7 
 243           8 
 244           10 
 245           3 
 246           3 
 247           10 
 248           3 
 249           2 
 250           10 
 251           10 
 252           7 
 253           10 
 254           9 
 255           3 
 256           8 
 257           9 
 258           1 
 259           3 
 260           6 
 261           7 
 262           5 
 263           1 
 264           4 
 265           1 
 266           10 
 267           8 
 268           2 
 269           5 
 270           9 
 271           8 
 272           10 
 273           5 
 274           1 
 275           1 
 276           5 
 277           2 
 278           10 
 279           6 
 280           7 
 281           6 
 282           2 
 283           6 
 284           6 
 285           3 
 286           2 
 287           8 
 288           1 
 289           9 
 290           2 
 291           8 
 292           3 
 293           7 
 294           10 
 295           4 
 296           1 
 297           9 
 298           9 
 299           1 
 300           6 
 301           8 
 302           0 
