 1             0 
 2             2 
 3             1 
 4             3 
 5             6 
 6             10 
 7             1 
 8             3 
 9             10 
 10            2 
 11            3 
 12            1 
 13            10 
 14            10 
 15            9 
 16            1 
 17            10 
 18            10 
 19            3 
 20            9 
 21            10 
 22            4 
 23            6 
 24            10 
 25            10 
 26            7 
 27            3 
 28            1 
 29            10 
 30            5 
 31            3 
 32            9 
 33            4 
 34            1 
 35            10 
 36            9 
 37            5 
 38            2 
 39            1 
 40            7 
 41            7 
 42            10 
 43            9 
 44            3 
 45            5 
 46            3 
 47            7 
 48            8 
 49            2 
 50            4 
 51            1 
 52            5 
 53            1 
 54            2 
 55            8 
 56            6 
 57            7 
 58            3 
 59            4 
 60            10 
 61            9 
 62            3 
 63            6 
 64            10 
 65            1 
 66            1 
 67            2 
 68            8 
 69            9 
 70            8 
 71            1 
 72            6 
 73            3 
 74            6 
 75            7 
 76            7 
 77            2 
 78            6 
 79            7 
 80            2 
 81            10 
 82            4 
 83            7 
 84            10 
 85            3 
 86            9 
 87            1 
 88            2 
 89            4 
 90            1 
 91            3 
 92            1 
 93            7 
 94            8 
 95            4 
 96            6 
 97            9 
 98            7 
 99            6 
 100           10 
 101           2 
 102           1 
 103           8 
 104           2 
 105           6 
 106           3 
 107           10 
 108           10 
 109           2 
 110           2 
 111           2 
 112           9 
 113           8 
 114           8 
 115           4 
 116           2 
 117           5 
 118           8 
 119           8 
 120           10 
 121           10 
 122           4 
 123           5 
 124           8 
 125           7 
 126           1 
 127           3 
 128           2 
 129           1 
 130           7 
 131           5 
 132           5 
 133           5 
 134           3 
 135           7 
 136           5 
 137           8 
 138           2 
 139           5 
 140           6 
 141           10 
 142           10 
 143           3 
 144           7 
 145           5 
 146           1 
 147           5 
 148           7 
 149           1 
 150           6 
 151           3 
 152           8 
 153           9 
 154           9 
 155           6 
 156           6 
 157           7 
 158           2 
 159           9 
 160           4 
 161           7 
 162           6 
 163           7 
 164           3 
 165           2 
 166           1 
 167           9 
 168           9 
 169           8 
 170           1 
 171           9 
 172           4 
 173           8 
 174           5 
 175           6 
 176           9 
 177           7 
 178           10 
 179           5 
 180           3 
 181           7 
 182           2 
 183           5 
 184           1 
 185           3 
 186           1 
 187           8 
 188           3 
 189           1 
 190           6 
 191           4 
 192           1 
 193           5 
 194           2 
 195           4 
 196           4 
 197           4 
 198           1 
 199           2 
 200           8 
 201           3 
 202           3 
 203           4 
 204           5 
 205           8 
 206           8 
 207           2 
 208           5 
 209           3 
 210           8 
 211           10 
 212           8 
 213           8 
 214           3 
 215           7 
 216           9 
 217           9 
 218           6 
 219           4 
 220           9 
 221           5 
 222           9 
 223           7 
 224           6 
 225           2 
 226           4 
 227           5 
 228           9 
 229           9 
 230           10 
 231           10 
 232           1 
 233           7 
 234           5 
 235           4 
 236           9 
 237           4 
 238           4 
 239           6 
 240           6 
 241           3 
 242           8 
 243           7 
 244           9 
 245           1 
 246           6 
 247           1 
 248           6 
 249           3 
 250           10 
 251           7 
 252           8 
 253           7 
 254           10 
 255           4 
 256           5 
 257           8 
 258           2 
 259           5 
 260           4 
 261           7 
 262           8 
 263           3 
 264           4 
 265           10 
 266           10 
 267           6 
 268           8 
 269           1 
 270           1 
 271           8 
 272           3 
 273           3 
 274           5 
 275           2 
 276           2 
 277           1 
 278           4 
 279           7 
 280           1 
 281           7 
 282           4 
 283           8 
 284           10 
 285           10 
 286           8 
 287           1 
 288           5 
 289           9 
 290           9 
 291           3 
 292           3 
 293           3 
 294           8 
 295           10 
 296           7 
 297           9 
 298           3 
 299           3 
 300           9 
 301           8 
 302           0 
