 1             0 
 2             8 
 3             6 
 4             8 
 5             2 
 6             5 
 7             3 
 8             9 
 9             8 
 10            8 
 11            5 
 12            6 
 13            10 
 14            7 
 15            10 
 16            9 
 17            9 
 18            6 
 19            1 
 20            4 
 21            5 
 22            2 
 23            10 
 24            6 
 25            4 
 26            2 
 27            9 
 28            4 
 29            9 
 30            2 
 31            3 
 32            10 
 33            6 
 34            10 
 35            8 
 36            7 
 37            2 
 38            8 
 39            6 
 40            8 
 41            7 
 42            1 
 43            5 
 44            10 
 45            1 
 46            9 
 47            1 
 48            1 
 49            6 
 50            4 
 51            10 
 52            9 
 53            10 
 54            2 
 55            8 
 56            2 
 57            8 
 58            9 
 59            10 
 60            1 
 61            4 
 62            9 
 63            6 
 64            1 
 65            4 
 66            5 
 67            9 
 68            10 
 69            2 
 70            9 
 71            8 
 72            6 
 73            2 
 74            9 
 75            5 
 76            8 
 77            9 
 78            1 
 79            9 
 80            9 
 81            4 
 82            1 
 83            3 
 84            6 
 85            6 
 86            1 
 87            8 
 88            9 
 89            3 
 90            8 
 91            8 
 92            8 
 93            4 
 94            6 
 95            10 
 96            9 
 97            4 
 98            1 
 99            1 
 100           7 
 101           3 
 102           3 
 103           2 
 104           10 
 105           1 
 106           3 
 107           2 
 108           4 
 109           6 
 110           7 
 111           2 
 112           10 
 113           7 
 114           2 
 115           7 
 116           9 
 117           1 
 118           8 
 119           8 
 120           2 
 121           5 
 122           1 
 123           9 
 124           3 
 125           6 
 126           6 
 127           8 
 128           4 
 129           5 
 130           5 
 131           5 
 132           3 
 133           9 
 134           7 
 135           6 
 136           10 
 137           2 
 138           7 
 139           6 
 140           8 
 141           6 
 142           10 
 143           1 
 144           10 
 145           10 
 146           1 
 147           4 
 148           3 
 149           6 
 150           7 
 151           5 
 152           5 
 153           5 
 154           1 
 155           6 
 156           4 
 157           7 
 158           9 
 159           3 
 160           3 
 161           7 
 162           2 
 163           4 
 164           2 
 165           1 
 166           3 
 167           7 
 168           1 
 169           6 
 170           2 
 171           2 
 172           8 
 173           10 
 174           10 
 175           7 
 176           6 
 177           1 
 178           5 
 179           1 
 180           4 
 181           4 
 182           7 
 183           9 
 184           7 
 185           5 
 186           9 
 187           7 
 188           3 
 189           1 
 190           10 
 191           1 
 192           10 
 193           4 
 194           8 
 195           2 
 196           3 
 197           6 
 198           3 
 199           6 
 200           6 
 201           2 
 202           10 
 203           10 
 204           6 
 205           6 
 206           9 
 207           5 
 208           8 
 209           4 
 210           5 
 211           3 
 212           7 
 213           5 
 214           2 
 215           5 
 216           8 
 217           1 
 218           8 
 219           2 
 220           8 
 221           2 
 222           5 
 223           10 
 224           4 
 225           5 
 226           5 
 227           4 
 228           5 
 229           6 
 230           2 
 231           2 
 232           9 
 233           2 
 234           10 
 235           9 
 236           2 
 237           5 
 238           3 
 239           5 
 240           6 
 241           6 
 242           10 
 243           6 
 244           5 
 245           1 
 246           3 
 247           8 
 248           4 
 249           4 
 250           3 
 251           9 
 252           9 
 253           4 
 254           6 
 255           6 
 256           3 
 257           6 
 258           10 
 259           7 
 260           6 
 261           9 
 262           8 
 263           3 
 264           8 
 265           6 
 266           4 
 267           2 
 268           6 
 269           5 
 270           3 
 271           8 
 272           2 
 273           7 
 274           7 
 275           9 
 276           8 
 277           6 
 278           7 
 279           2 
 280           7 
 281           7 
 282           10 
 283           5 
 284           4 
 285           9 
 286           4 
 287           9 
 288           7 
 289           3 
 290           3 
 291           9 
 292           10 
 293           6 
 294           2 
 295           5 
 296           9 
 297           1 
 298           5 
 299           9 
 300           9 
 301           10 
 302           0 
