 1             2 
 1             3 
 1             4 
 1             5 
 1             6 
 1             7 
 1             8 
 1             9 
 1             10 
 1             11 
 1             12 
 1             13 
 1             14 
 1             15 
 1             18 
 1             19 
 1             21 
 1             22 
 1             24 
 1             25 
 1             26 
 1             31 
 1             38 
 2             16 
 2             17 
 2             23 
 2             34 
 2             42 
 2             44 
 3             34 
 3             39 
 3             40 
 3             41 
 3             47 
 3             48 
 3             49 
 3             50 
 3             53 
 3             57 
 3             58 
 3             64 
 3             66 
 4             20 
 4             40 
 4             47 
 4             49 
 4             52 
 4             57 
 4             60 
 5             35 
 5             36 
 5             37 
 5             40 
 5             41 
 5             48 
 5             50 
 5             52 
 5             57 
 6             20 
 6             32 
 6             36 
 6             46 
 6             49 
 6             51 
 6             52 
 7             36 
 7             44 
 7             45 
 7             46 
 7             50 
 7             54 
 7             56 
 7             58 
 7             59 
 7             69 
 7             71 
 8             29 
 8             35 
 8             36 
 8             37 
 8             43 
 8             44 
 8             48 
 8             49 
 8             50 
 8             51 
 8             52 
 8             56 
 9             30 
 9             35 
 9             41 
 9             43 
 9             47 
 9             48 
 9             51 
 9             60 
 10            27 
 10            32 
 10            39 
 10            42 
 10            43 
 10            46 
 10            50 
 10            51 
 10            59 
 11            28 
 11            34 
 11            35 
 11            42 
 11            44 
 11            46 
 11            47 
 11            50 
 12            39 
 12            41 
 12            46 
 12            52 
 12            54 
 12            59 
 12            66 
 12            67 
 12            80 
 13            34 
 13            37 
 13            46 
 13            48 
 13            52 
 13            53 
 13            64 
 13            65 
 14            44 
 14            45 
 14            46 
 14            47 
 14            48 
 14            52 
 14            53 
 14            54 
 14            55 
 14            59 
 14            64 
 14            65 
 14            69 
 14            74 
 15            33 
 15            37 
 15            43 
 15            44 
 15            47 
 15            48 
 15            50 
 15            51 
 15            53 
 15            54 
 15            55 
 15            56 
 15            57 
 15            58 
 15            64 
 15            67 
 15            71 
 15            75 
 16            20 
 16            30 
 16            47 
 17            43 
 17            46 
 17            47 
 17            48 
 17            50 
 17            51 
 17            58 
 17            64 
 17            66 
 17            67 
 17            68 
 17            71 
 17            73 
 17            79 
 17            83 
 18            48 
 18            54 
 18            57 
 18            59 
 18            69 
 18            71 
 18            72 
 18            73 
 19            42 
 19            45 
 19            50 
 19            53 
 19            58 
 19            62 
 19            66 
 19            72 
 19            73 
 19            74 
 20            35 
 20            41 
 20            48 
 20            50 
 20            62 
 21            36 
 21            45 
 21            46 
 21            51 
 21            54 
 21            55 
 21            65 
 21            66 
 21            71 
 21            79 
 22            43 
 22            45 
 22            47 
 22            50 
 22            52 
 22            53 
 22            54 
 22            55 
 22            58 
 22            66 
 22            82 
 23            53 
 23            54 
 23            57 
 23            59 
 23            63 
 23            64 
 23            65 
 23            66 
 23            67 
 23            69 
 23            71 
 23            72 
 23            73 
 23            74 
 23            75 
 23            85 
 24            36 
 24            46 
 24            66 
 24            69 
 24            71 
 24            79 
 25            36 
 25            50 
 25            51 
 25            54 
 25            56 
 25            57 
 25            59 
 25            71 
 26            35 
 26            47 
 26            50 
 26            56 
 26            57 
 26            62 
 26            79 
 27            40 
 27            45 
 27            47 
 27            48 
 27            53 
 27            54 
 27            57 
 27            58 
 27            60 
 27            62 
 27            64 
 27            65 
 27            66 
 27            69 
 27            71 
 27            73 
 27            79 
 28            55 
 28            57 
 28            61 
 28            62 
 28            63 
 28            64 
 28            65 
 28            68 
 28            69 
 28            71 
 28            75 
 28            77 
 28            79 
 28            80 
 28            83 
 28            85 
 28            91 
 29            46 
 29            47 
 29            53 
 29            59 
 29            68 
 29            71 
 29            73 
 30            50 
 30            52 
 30            53 
 30            58 
 30            59 
 30            61 
 30            69 
 30            70 
 30            74 
 30            78 
 30            87 
 30            96 
 30            107 
 31            53 
 31            54 
 31            60 
 31            62 
 31            69 
 31            70 
 31            72 
 31            79 
 31            82 
 31            85 
 31            91 
 32            55 
 32            63 
 32            67 
 32            68 
 32            70 
 32            78 
 32            81 
 32            82 
 32            83 
 32            91 
 32            98 
 33            60 
 33            61 
 33            66 
 33            68 
 33            69 
 33            70 
 33            73 
 33            74 
 33            76 
 33            79 
 33            83 
 33            85 
 33            91 
 33            93 
 33            98 
 33            107 
 34            45 
 34            51 
 34            54 
 34            55 
 34            59 
 34            63 
 34            72 
 34            74 
 34            82 
 35            39 
 35            45 
 35            53 
 35            54 
 35            55 
 35            58 
 35            64 
 35            66 
 35            69 
 35            82 
 36            39 
 36            47 
 36            53 
 36            60 
 36            62 
 36            64 
 36            67 
 36            75 
 36            87 
 36            107 
 37            59 
 37            63 
 37            66 
 37            70 
 37            78 
 37            80 
 37            82 
 37            87 
 37            96 
 37            97 
 37            100 
 37            107 
 38            66 
 38            68 
 38            77 
 38            83 
 38            84 
 38            92 
 38            94 
 38            95 
 38            96 
 38            97 
 38            98 
 38            99 
 38            107 
 39            61 
 39            63 
 39            72 
 39            73 
 39            74 
 39            76 
 39            83 
 39            88 
 39            91 
 39            92 
 39            98 
 39            99 
 40            56 
 40            61 
 40            63 
 40            74 
 40            77 
 40            78 
 40            84 
 40            85 
 40            88 
 40            93 
 40            95 
 40            96 
 40            97 
 40            99 
 40            100 
 40            101 
 40            107 
 41            55 
 41            56 
 41            61 
 41            68 
 41            69 
 41            71 
 41            72 
 41            77 
 41            78 
 41            79 
 41            81 
 41            82 
 41            83 
 41            85 
 41            95 
 41            98 
 41            107 
 42            48 
 42            57 
 42            69 
 42            71 
 42            75 
 42            80 
 42            83 
 42            89 
 42            91 
 43            62 
 43            69 
 43            81 
 43            86 
 43            87 
 43            91 
 43            92 
 43            95 
 43            96 
 43            97 
 43            107 
 44            66 
 44            70 
 44            78 
 44            82 
 44            83 
 44            84 
 44            85 
 44            86 
 44            89 
 44            93 
 44            97 
 44            98 
 44            99 
 44            100 
 44            116 
 45            61 
 45            67 
 45            68 
 45            70 
 45            75 
 45            76 
 45            77 
 45            84 
 45            87 
 45            95 
 45            96 
 45            98 
 45            107 
 46            57 
 46            60 
 46            63 
 46            75 
 46            77 
 46            84 
 46            89 
 46            91 
 46            100 
 46            116 
 47            63 
 47            70 
 47            72 
 47            76 
 47            77 
 47            78 
 47            80 
 47            84 
 47            85 
 47            86 
 47            88 
 47            89 
 47            90 
 47            91 
 47            93 
 47            95 
 47            96 
 47            97 
 47            99 
 47            100 
 47            116 
 48            63 
 48            76 
 48            77 
 48            78 
 48            81 
 48            86 
 48            88 
 48            90 
 48            93 
 48            95 
 48            96 
 48            97 
 48            98 
 48            99 
 48            100 
 48            102 
 48            107 
 49            70 
 49            78 
 49            94 
 49            96 
 49            97 
 49            98 
 49            99 
 49            103 
 49            105 
 49            108 
 49            116 
 50            65 
 50            77 
 50            84 
 50            86 
 50            92 
 50            93 
 50            94 
 50            98 
 50            99 
 50            100 
 51            69 
 51            76 
 51            77 
 51            80 
 51            85 
 51            86 
 51            92 
 51            95 
 51            98 
 51            100 
 51            101 
 51            108 
 52            68 
 52            76 
 52            79 
 52            83 
 52            86 
 52            91 
 52            92 
 52            95 
 52            98 
 52            99 
 53            80 
 53            83 
 53            88 
 53            93 
 53            95 
 53            97 
 53            98 
 53            101 
 53            103 
 53            117 
 53            123 
 54            61 
 54            68 
 54            76 
 54            77 
 54            78 
 54            83 
 54            95 
 54            96 
 54            97 
 54            98 
 54            99 
 54            103 
 54            107 
 55            73 
 55            76 
 55            84 
 55            93 
 55            106 
 55            108 
 55            115 
 56            76 
 56            87 
 56            91 
 56            102 
 56            103 
 56            104 
 56            106 
 56            113 
 56            114 
 56            117 
 56            120 
 56            124 
 57            70 
 57            76 
 57            78 
 57            81 
 57            82 
 57            86 
 57            87 
 57            88 
 57            90 
 57            93 
 57            94 
 57            95 
 57            97 
 57            98 
 57            102 
 57            103 
 57            107 
 57            108 
 58            85 
 58            92 
 58            101 
 58            102 
 58            103 
 58            104 
 58            111 
 58            119 
 58            125 
 59            62 
 59            79 
 59            81 
 59            83 
 59            86 
 59            91 
 59            95 
 59            99 
 60            78 
 60            94 
 60            95 
 60            99 
 60            104 
 60            140 
 61            86 
 61            90 
 61            94 
 61            102 
 61            105 
 61            108 
 61            110 
 61            112 
 61            114 
 61            115 
 61            120 
 61            121 
 61            123 
 61            134 
 62            84 
 62            89 
 62            90 
 62            94 
 62            98 
 62            101 
 62            105 
 62            106 
 62            108 
 62            111 
 62            114 
 63            94 
 63            103 
 63            104 
 63            105 
 63            106 
 63            108 
 63            111 
 63            112 
 63            115 
 63            118 
 63            120 
 63            123 
 63            124 
 63            132 
 63            134 
 64            78 
 64            81 
 64            95 
 64            96 
 64            98 
 64            101 
 64            104 
 64            108 
 64            112 
 65            81 
 65            103 
 65            104 
 65            106 
 65            113 
 65            114 
 65            115 
 65            116 
 65            119 
 65            124 
 65            126 
 66            88 
 66            101 
 66            103 
 66            105 
 66            113 
 66            115 
 66            119 
 66            123 
 66            125 
 66            126 
 66            132 
 66            134 
 67            99 
 67            100 
 67            102 
 67            103 
 67            105 
 67            106 
 67            108 
 67            111 
 67            112 
 67            113 
 67            116 
 67            117 
 67            118 
 67            119 
 67            120 
 67            123 
 68            88 
 68            100 
 68            101 
 68            102 
 68            109 
 68            115 
 68            116 
 68            118 
 68            119 
 68            123 
 68            127 
 68            129 
 68            130 
 68            132 
 68            140 
 69            84 
 69            104 
 69            111 
 69            116 
 69            120 
 70            101 
 70            104 
 70            109 
 70            110 
 70            112 
 70            118 
 70            119 
 70            122 
 70            126 
 70            127 
 70            130 
 70            132 
 70            134 
 70            135 
 70            140 
 71            92 
 71            99 
 71            109 
 71            112 
 71            115 
 71            119 
 71            120 
 71            122 
 71            125 
 71            129 
 71            130 
 71            131 
 71            140 
 72            105 
 72            109 
 72            110 
 72            113 
 72            119 
 72            122 
 72            125 
 72            126 
 72            129 
 72            130 
 72            132 
 72            133 
 72            134 
 72            141 
 72            144 
 73            90 
 73            94 
 73            97 
 73            101 
 73            104 
 73            105 
 73            109 
 73            110 
 73            114 
 73            116 
 73            118 
 73            129 
 74            117 
 74            118 
 74            120 
 74            121 
 74            124 
 74            125 
 74            131 
 75            101 
 75            105 
 75            111 
 75            114 
 75            118 
 75            119 
 75            123 
 75            124 
 75            130 
 75            133 
 75            134 
 76            105 
 76            112 
 76            118 
 76            123 
 76            125 
 76            126 
 76            129 
 76            134 
 76            136 
 76            137 
 77            106 
 77            109 
 77            110 
 77            113 
 77            114 
 77            118 
 77            120 
 77            123 
 77            124 
 77            125 
 77            126 
 77            130 
 77            131 
 77            132 
 77            133 
 77            140 
 78            92 
 78            111 
 78            114 
 78            115 
 78            117 
 78            119 
 78            120 
 78            122 
 78            123 
 78            124 
 78            125 
 78            129 
 78            130 
 78            132 
 79            89 
 79            116 
 79            117 
 79            118 
 79            124 
 79            132 
 79            137 
 80            118 
 80            132 
 80            134 
 80            135 
 80            136 
 80            137 
 80            140 
 80            146 
 80            147 
 80            148 
 80            151 
 80            156 
 80            171 
 81            105 
 81            110 
 81            111 
 81            118 
 81            120 
 81            122 
 81            123 
 81            125 
 81            129 
 81            130 
 81            131 
 81            132 
 81            134 
 82            104 
 82            114 
 82            121 
 82            122 
 82            123 
 82            124 
 82            133 
 82            135 
 82            138 
 82            140 
 82            143 
 82            145 
 83            90 
 83            104 
 83            105 
 83            106 
 83            108 
 83            111 
 83            112 
 83            114 
 83            115 
 83            118 
 83            120 
 83            124 
 83            125 
 83            130 
 84            102 
 84            103 
 84            112 
 84            113 
 84            117 
 84            118 
 84            119 
 84            123 
 84            124 
 84            131 
 84            132 
 84            135 
 84            139 
 85            109 
 85            112 
 85            123 
 85            126 
 85            127 
 85            130 
 85            132 
 85            139 
 85            140 
 85            141 
 85            143 
 85            145 
 86            124 
 86            126 
 86            127 
 86            132 
 86            135 
 86            136 
 86            138 
 86            139 
 86            140 
 86            143 
 86            144 
 86            145 
 86            148 
 86            149 
 87            121 
 87            127 
 87            132 
 87            135 
 87            138 
 87            139 
 87            140 
 87            141 
 87            142 
 87            143 
 87            144 
 87            145 
 87            146 
 87            147 
 87            150 
 87            156 
 87            157 
 87            167 
 88            124 
 88            133 
 88            135 
 88            136 
 88            137 
 88            139 
 88            142 
 88            145 
 88            148 
 88            149 
 88            150 
 88            154 
 88            165 
 88            171 
 89            112 
 89            113 
 89            115 
 89            121 
 89            125 
 89            127 
 89            129 
 89            130 
 89            131 
 89            134 
 89            135 
 89            140 
 89            141 
 89            143 
 89            144 
 89            156 
 89            157 
 90            119 
 90            122 
 90            126 
 90            132 
 90            133 
 90            135 
 90            136 
 90            141 
 90            142 
 90            144 
 90            145 
 90            148 
 90            149 
 90            150 
 90            156 
 91            125 
 91            132 
 91            133 
 91            138 
 91            140 
 91            144 
 91            145 
 91            154 
 91            156 
 91            157 
 91            160 
 91            171 
 91            172 
 92            106 
 92            110 
 92            113 
 92            118 
 92            121 
 92            126 
 92            133 
 92            134 
 92            135 
 92            137 
 93            109 
 93            131 
 93            134 
 93            135 
 93            139 
 93            141 
 93            143 
 93            144 
 93            147 
 94            113 
 94            125 
 94            128 
 94            130 
 94            135 
 94            137 
 94            138 
 94            141 
 94            143 
 94            144 
 94            145 
 94            148 
 94            151 
 94            157 
 95            124 
 95            128 
 95            132 
 95            135 
 95            137 
 95            138 
 95            139 
 95            142 
 95            143 
 95            145 
 95            146 
 95            147 
 95            148 
 95            150 
 95            152 
 95            157 
 95            166 
 96            127 
 96            129 
 96            130 
 96            132 
 96            138 
 96            140 
 96            141 
 96            142 
 96            145 
 96            147 
 96            150 
 96            151 
 96            156 
 96            160 
 96            163 
 96            166 
 97            111 
 97            124 
 97            140 
 97            143 
 97            145 
 97            147 
 97            154 
 98            131 
 98            132 
 98            133 
 98            134 
 98            138 
 98            141 
 98            144 
 98            156 
 98            159 
 99            127 
 99            132 
 99            133 
 99            137 
 99            144 
 99            145 
 99            147 
 99            148 
 99            150 
 99            152 
 99            155 
 99            156 
 99            157 
 99            159 
 99            160 
 99            164 
 99            165 
 99            171 
 100           124 
 100           125 
 100           131 
 100           133 
 100           135 
 100           136 
 100           143 
 100           145 
 100           148 
 100           157 
 101           120 
 101           137 
 101           142 
 101           144 
 101           145 
 101           146 
 101           147 
 101           150 
 101           151 
 101           152 
 101           154 
 101           167 
 102           126 
 102           136 
 102           143 
 102           144 
 102           145 
 102           155 
 102           156 
 102           161 
 102           162 
 102           167 
 103           109 
 103           110 
 103           122 
 103           127 
 103           129 
 103           130 
 103           133 
 103           140 
 103           141 
 103           144 
 103           145 
 103           146 
 104           128 
 104           131 
 104           136 
 104           137 
 104           139 
 104           147 
 104           149 
 104           155 
 104           156 
 104           157 
 104           158 
 104           160 
 104           173 
 104           187 
 105           127 
 105           128 
 105           135 
 105           140 
 105           143 
 105           145 
 105           146 
 105           148 
 105           150 
 105           152 
 105           156 
 105           159 
 105           166 
 105           167 
 106           127 
 106           139 
 106           143 
 106           145 
 106           146 
 106           147 
 106           148 
 106           150 
 106           151 
 106           152 
 106           155 
 106           156 
 106           157 
 106           159 
 106           160 
 106           163 
 106           166 
 106           167 
 107           122 
 107           125 
 107           129 
 107           136 
 107           140 
 107           142 
 107           145 
 107           151 
 107           156 
 107           157 
 107           160 
 108           129 
 108           131 
 108           139 
 108           147 
 108           151 
 108           156 
 108           160 
 108           166 
 109           121 
 109           137 
 109           138 
 109           142 
 109           150 
 109           156 
 109           157 
 109           158 
 109           165 
 109           167 
 109           173 
 110           142 
 110           147 
 110           149 
 110           152 
 110           159 
 110           160 
 110           162 
 110           164 
 110           167 
 110           168 
 110           177 
 110           186 
 111           135 
 111           136 
 111           138 
 111           139 
 111           141 
 111           142 
 111           150 
 111           151 
 111           155 
 111           156 
 111           165 
 111           167 
 111           169 
 112           133 
 112           138 
 112           150 
 112           152 
 112           155 
 112           158 
 112           159 
 112           160 
 112           164 
 112           165 
 112           166 
 112           169 
 112           172 
 112           173 
 112           177 
 113           136 
 113           142 
 113           154 
 113           155 
 113           161 
 113           162 
 113           163 
 113           165 
 113           168 
 113           173 
 113           177 
 113           179 
 114           142 
 114           144 
 114           150 
 114           152 
 114           153 
 114           159 
 114           160 
 114           167 
 114           168 
 114           172 
 114           173 
 114           174 
 114           175 
 114           177 
 114           180 
 114           186 
 114           190 
 114           191 
 115           152 
 115           153 
 115           154 
 115           159 
 115           161 
 115           164 
 115           166 
 115           167 
 115           168 
 115           170 
 115           175 
 115           176 
 115           180 
 115           186 
 115           187 
 115           190 
 115           199 
 116           125 
 116           134 
 116           135 
 116           136 
 116           142 
 116           144 
 116           146 
 116           154 
 116           156 
 117           136 
 117           142 
 117           145 
 117           150 
 117           153 
 117           154 
 117           155 
 117           161 
 117           163 
 117           165 
 117           167 
 117           169 
 117           186 
 118           128 
 118           138 
 118           141 
 118           142 
 118           145 
 118           150 
 118           152 
 118           155 
 118           157 
 118           159 
 118           160 
 118           161 
 118           163 
 118           164 
 118           166 
 118           167 
 119           137 
 119           143 
 119           151 
 119           152 
 119           154 
 119           155 
 119           157 
 119           158 
 119           159 
 119           160 
 119           161 
 119           162 
 119           164 
 119           166 
 119           167 
 119           173 
 119           174 
 119           177 
 120           139 
 120           149 
 120           153 
 120           155 
 120           157 
 120           158 
 120           160 
 120           165 
 120           166 
 120           168 
 120           172 
 120           177 
 120           178 
 120           186 
 120           187 
 121           128 
 121           136 
 121           148 
 121           149 
 121           151 
 121           153 
 121           155 
 121           160 
 121           161 
 121           163 
 121           171 
 121           174 
 122           147 
 122           154 
 122           158 
 122           166 
 122           167 
 122           168 
 122           178 
 122           184 
 122           187 
 123           144 
 123           148 
 123           153 
 123           155 
 123           156 
 123           157 
 123           158 
 123           160 
 123           169 
 123           172 
 123           173 
 123           174 
 123           178 
 123           180 
 123           186 
 123           190 
 124           141 
 124           151 
 124           153 
 124           155 
 124           156 
 124           159 
 124           162 
 124           167 
 124           169 
 124           170 
 124           180 
 124           190 
 125           139 
 125           147 
 125           149 
 125           150 
 125           152 
 125           155 
 125           159 
 125           163 
 125           164 
 125           165 
 125           177 
 125           178 
 125           187 
 126           146 
 126           147 
 126           151 
 126           154 
 126           157 
 126           160 
 126           168 
 126           172 
 126           173 
 126           184 
 127           153 
 127           154 
 127           161 
 127           168 
 127           172 
 127           174 
 127           175 
 127           176 
 127           177 
 127           180 
 127           190 
 127           195 
 128           154 
 128           162 
 128           168 
 128           170 
 128           175 
 128           178 
 128           180 
 128           183 
 128           185 
 128           190 
 128           191 
 128           197 
 128           198 
 128           199 
 128           202 
 128           206 
 128           211 
 129           148 
 129           149 
 129           152 
 129           154 
 129           155 
 129           158 
 129           159 
 129           161 
 129           162 
 129           164 
 129           167 
 129           168 
 129           170 
 129           172 
 129           173 
 129           174 
 129           179 
 129           186 
 129           187 
 129           190 
 129           191 
 130           152 
 130           158 
 130           167 
 130           168 
 130           170 
 130           171 
 130           175 
 130           176 
 130           177 
 130           180 
 130           182 
 130           183 
 130           184 
 130           185 
 130           186 
 130           187 
 130           191 
 130           211 
 130           213 
 131           146 
 131           150 
 131           154 
 131           163 
 131           167 
 131           168 
 131           171 
 131           172 
 131           174 
 131           179 
 131           184 
 131           185 
 132           169 
 132           175 
 132           176 
 132           177 
 132           178 
 132           179 
 132           180 
 132           183 
 132           185 
 132           188 
 132           189 
 132           190 
 132           192 
 132           193 
 132           195 
 132           199 
 132           201 
 132           206 
 132           213 
 133           151 
 133           161 
 133           163 
 133           167 
 133           168 
 133           170 
 133           175 
 133           178 
 133           179 
 133           180 
 133           182 
 133           183 
 133           185 
 133           191 
 133           193 
 133           194 
 133           199 
 133           213 
 134           145 
 134           152 
 134           160 
 134           167 
 134           169 
 134           170 
 134           183 
 134           186 
 134           213 
 135           158 
 135           160 
 135           162 
 135           163 
 135           168 
 135           170 
 135           173 
 135           175 
 135           177 
 135           178 
 135           179 
 135           180 
 135           182 
 135           183 
 135           184 
 135           185 
 135           186 
 135           187 
 135           190 
 135           191 
 135           196 
 135           206 
 135           213 
 136           152 
 136           159 
 136           164 
 136           166 
 136           170 
 136           172 
 136           175 
 136           176 
 136           178 
 136           180 
 136           183 
 136           191 
 136           199 
 136           211 
 136           213 
 137           180 
 137           181 
 137           185 
 137           186 
 137           190 
 137           194 
 137           197 
 137           198 
 137           199 
 137           202 
 137           206 
 137           211 
 137           212 
 137           213 
 138           153 
 138           168 
 138           174 
 138           176 
 138           180 
 138           181 
 138           184 
 138           189 
 138           191 
 138           193 
 138           195 
 138           206 
 138           213 
 139           161 
 139           174 
 139           180 
 139           181 
 139           182 
 139           192 
 139           193 
 139           194 
 139           195 
 139           197 
 139           206 
 139           208 
 139           213 
 139           214 
 140           168 
 140           178 
 140           182 
 140           184 
 140           186 
 140           189 
 140           190 
 140           193 
 140           195 
 140           196 
 140           200 
 140           204 
 140           206 
 140           207 
 140           208 
 140           214 
 141           175 
 141           177 
 141           178 
 141           186 
 141           188 
 141           189 
 141           193 
 141           194 
 141           195 
 141           196 
 141           198 
 141           199 
 141           201 
 141           206 
 141           207 
 141           211 
 141           213 
 141           215 
 142           170 
 142           176 
 142           178 
 142           182 
 142           184 
 142           187 
 142           193 
 142           195 
 142           197 
 142           199 
 142           207 
 142           210 
 142           211 
 143           153 
 143           168 
 143           169 
 143           170 
 143           171 
 143           172 
 143           176 
 143           178 
 143           180 
 143           181 
 143           182 
 143           189 
 143           190 
 143           193 
 143           195 
 143           199 
 143           213 
 144           163 
 144           166 
 144           170 
 144           176 
 144           179 
 144           183 
 144           184 
 144           185 
 144           187 
 144           189 
 144           192 
 144           199 
 144           200 
 144           206 
 144           213 
 145           158 
 145           168 
 145           173 
 145           177 
 145           178 
 145           180 
 145           181 
 145           182 
 145           184 
 145           185 
 145           190 
 145           191 
 145           196 
 145           201 
 146           164 
 146           165 
 146           170 
 146           175 
 146           177 
 146           178 
 146           180 
 146           182 
 146           189 
 146           192 
 146           193 
 146           197 
 146           199 
 146           204 
 146           206 
 146           211 
 147           153 
 147           169 
 147           170 
 147           174 
 147           175 
 147           176 
 147           180 
 147           190 
 147           192 
 147           193 
 147           195 
 147           206 
 147           213 
 148           177 
 148           181 
 148           199 
 148           201 
 148           202 
 148           204 
 148           208 
 148           209 
 148           213 
 148           219 
 148           220 
 148           222 
 148           234 
 149           175 
 149           180 
 149           182 
 149           183 
 149           185 
 149           188 
 149           189 
 149           192 
 149           193 
 149           195 
 149           196 
 149           197 
 149           201 
 149           202 
 149           206 
 149           211 
 150           162 
 150           183 
 150           188 
 150           193 
 150           199 
 150           206 
 150           207 
 150           213 
 150           217 
 150           227 
 151           186 
 151           187 
 151           195 
 151           198 
 151           203 
 151           204 
 151           206 
 151           207 
 151           208 
 151           212 
 151           214 
 151           215 
 151           218 
 151           236 
 152           189 
 152           192 
 152           193 
 152           194 
 152           197 
 152           198 
 152           200 
 152           204 
 152           205 
 152           206 
 152           212 
 152           214 
 152           215 
 152           218 
 152           219 
 152           220 
 152           222 
 152           223 
 152           228 
 153           179 
 153           183 
 153           185 
 153           188 
 153           194 
 153           200 
 153           201 
 153           202 
 153           203 
 153           205 
 153           208 
 153           212 
 153           217 
 153           218 
 153           220 
 153           221 
 154           188 
 154           189 
 154           192 
 154           193 
 154           196 
 154           200 
 154           204 
 154           205 
 154           208 
 154           209 
 154           212 
 154           213 
 154           215 
 154           217 
 154           218 
 154           220 
 154           221 
 154           222 
 155           176 
 155           199 
 155           200 
 155           201 
 155           203 
 155           204 
 155           207 
 155           208 
 155           209 
 155           210 
 155           215 
 155           218 
 155           220 
 155           222 
 156           168 
 156           181 
 156           189 
 156           193 
 156           196 
 156           197 
 156           198 
 156           204 
 156           207 
 156           209 
 156           212 
 156           217 
 156           222 
 156           232 
 157           188 
 157           195 
 157           197 
 157           201 
 157           206 
 157           210 
 157           212 
 157           215 
 157           225 
 157           226 
 157           227 
 157           236 
 158           188 
 158           189 
 158           193 
 158           195 
 158           197 
 158           198 
 158           199 
 158           204 
 158           207 
 158           215 
 158           217 
 158           218 
 158           220 
 158           222 
 158           232 
 159           184 
 159           185 
 159           201 
 159           208 
 159           210 
 159           215 
 159           217 
 159           218 
 159           220 
 159           221 
 159           236 
 160           181 
 160           188 
 160           197 
 160           198 
 160           201 
 160           204 
 160           207 
 160           209 
 160           210 
 160           211 
 160           217 
 160           220 
 160           222 
 160           236 
 161           184 
 161           189 
 161           198 
 161           200 
 161           204 
 161           207 
 161           210 
 161           215 
 161           217 
 161           218 
 161           221 
 162           181 
 162           195 
 162           205 
 162           208 
 162           212 
 162           215 
 162           220 
 162           222 
 162           236 
 163           203 
 163           205 
 163           208 
 163           210 
 163           211 
 163           212 
 163           216 
 163           218 
 163           220 
 163           221 
 163           222 
 163           224 
 163           226 
 163           227 
 163           229 
 163           230 
 163           233 
 163           234 
 163           236 
 164           181 
 164           202 
 164           207 
 164           208 
 164           209 
 164           210 
 164           212 
 164           216 
 164           219 
 164           220 
 164           226 
 164           227 
 164           234 
 164           236 
 164           243 
 165           190 
 165           191 
 165           194 
 165           195 
 165           196 
 165           198 
 165           202 
 165           212 
 165           213 
 165           218 
 165           220 
 165           222 
 166           182 
 166           193 
 166           195 
 166           196 
 166           202 
 166           215 
 166           217 
 166           218 
 166           219 
 166           220 
 166           222 
 167           200 
 167           203 
 167           207 
 167           208 
 167           209 
 167           212 
 167           218 
 167           222 
 167           226 
 167           227 
 167           230 
 167           233 
 167           234 
 167           236 
 167           240 
 167           243 
 167           246 
 167           254 
 168           192 
 168           203 
 168           205 
 168           210 
 168           215 
 168           218 
 168           221 
 168           224 
 168           226 
 168           227 
 168           228 
 168           229 
 168           230 
 168           233 
 168           234 
 168           235 
 168           236 
 168           254 
 169           191 
 169           194 
 169           202 
 169           212 
 169           215 
 169           220 
 169           221 
 169           233 
 169           236 
 170           188 
 170           201 
 170           203 
 170           208 
 170           209 
 170           215 
 170           218 
 170           220 
 170           221 
 170           224 
 170           226 
 170           236 
 171           196 
 171           204 
 171           214 
 171           215 
 171           222 
 171           226 
 171           228 
 171           229 
 171           234 
 171           239 
 172           192 
 172           200 
 172           203 
 172           207 
 172           208 
 172           209 
 172           215 
 172           217 
 172           218 
 172           219 
 172           221 
 172           223 
 172           228 
 172           230 
 172           234 
 172           236 
 172           240 
 172           250 
 172           254 
 173           195 
 173           208 
 173           214 
 173           218 
 173           219 
 173           224 
 173           225 
 173           226 
 173           230 
 173           236 
 174           199 
 174           204 
 174           209 
 174           210 
 174           211 
 174           219 
 174           220 
 174           222 
 174           225 
 174           233 
 174           234 
 174           240 
 174           243 
 174           247 
 175           181 
 175           208 
 175           210 
 175           212 
 175           214 
 175           216 
 175           217 
 175           220 
 175           226 
 175           234 
 175           236 
 175           243 
 176           212 
 176           217 
 176           219 
 176           224 
 176           225 
 176           228 
 176           230 
 176           233 
 176           234 
 176           235 
 176           236 
 176           240 
 176           246 
 176           247 
 176           253 
 176           254 
 177           210 
 177           225 
 177           227 
 177           231 
 177           232 
 177           239 
 177           243 
 177           246 
 177           247 
 177           248 
 177           254 
 177           256 
 177           259 
 178           212 
 178           216 
 178           220 
 178           223 
 178           224 
 178           225 
 178           226 
 178           228 
 178           229 
 178           232 
 178           234 
 178           235 
 178           236 
 178           237 
 178           240 
 178           246 
 178           247 
 179           197 
 179           198 
 179           207 
 179           211 
 179           215 
 179           219 
 179           222 
 179           224 
 179           225 
 179           226 
 179           227 
 179           228 
 179           233 
 179           236 
 179           246 
 179           250 
 180           203 
 180           205 
 180           215 
 180           218 
 180           219 
 180           221 
 180           223 
 180           227 
 180           228 
 180           229 
 180           230 
 180           236 
 180           254 
 181           200 
 181           203 
 181           218 
 181           221 
 181           223 
 181           229 
 181           230 
 181           233 
 181           239 
 181           240 
 181           242 
 181           246 
 182           198 
 182           209 
 182           212 
 182           221 
 182           224 
 182           226 
 182           227 
 182           228 
 182           230 
 182           232 
 182           233 
 182           234 
 182           236 
 182           240 
 183           210 
 183           229 
 183           232 
 183           235 
 183           236 
 183           238 
 183           239 
 183           240 
 183           241 
 183           248 
 183           254 
 183           258 
 183           259 
 183           261 
 183           274 
 184           188 
 184           202 
 184           209 
 184           212 
 184           222 
 184           224 
 184           226 
 184           227 
 184           232 
 184           237 
 184           254 
 185           204 
 185           207 
 185           219 
 185           222 
 185           224 
 185           228 
 185           232 
 185           240 
 185           250 
 185           254 
 186           209 
 186           216 
 186           217 
 186           219 
 186           220 
 186           221 
 186           222 
 186           224 
 186           226 
 186           227 
 186           232 
 186           233 
 186           234 
 186           237 
 186           239 
 186           243 
 187           209 
 187           223 
 187           228 
 187           230 
 187           231 
 187           233 
 187           234 
 187           235 
 187           238 
 187           240 
 187           241 
 187           246 
 187           249 
 187           250 
 187           253 
 187           254 
 187           257 
 187           258 
 187           262 
 188           216 
 188           219 
 188           228 
 188           230 
 188           233 
 188           234 
 188           238 
 188           241 
 188           246 
 188           247 
 188           248 
 188           249 
 189           203 
 189           229 
 189           231 
 189           233 
 189           236 
 189           241 
 189           246 
 189           249 
 189           254 
 189           264 
 190           215 
 190           219 
 190           227 
 190           229 
 190           232 
 190           236 
 190           243 
 190           247 
 190           248 
 190           249 
 190           250 
 190           254 
 191           207 
 191           223 
 191           224 
 191           226 
 191           227 
 191           228 
 191           231 
 191           234 
 191           237 
 191           238 
 191           239 
 191           240 
 191           242 
 191           246 
 191           250 
 191           254 
 192           238 
 192           239 
 192           241 
 192           243 
 192           244 
 192           247 
 192           248 
 192           249 
 192           251 
 192           252 
 192           253 
 192           255 
 192           256 
 192           259 
 192           262 
 192           263 
 192           264 
 192           267 
 192           268 
 192           269 
 192           270 
 192           273 
 193           226 
 193           236 
 193           237 
 193           246 
 193           247 
 193           250 
 193           251 
 193           252 
 193           253 
 193           254 
 193           258 
 193           260 
 193           261 
 193           265 
 193           270 
 193           273 
 194           209 
 194           216 
 194           224 
 194           225 
 194           230 
 194           231 
 194           232 
 194           234 
 194           239 
 194           240 
 194           241 
 194           243 
 194           247 
 194           249 
 194           250 
 194           254 
 194           265 
 195           209 
 195           221 
 195           228 
 195           233 
 195           234 
 195           235 
 195           237 
 195           238 
 195           239 
 195           240 
 195           242 
 195           253 
 195           254 
 195           258 
 196           210 
 196           224 
 196           231 
 196           233 
 196           235 
 196           237 
 196           238 
 196           241 
 196           246 
 196           247 
 196           252 
 196           254 
 196           256 
 196           259 
 196           260 
 197           216 
 197           234 
 197           240 
 197           241 
 197           245 
 197           247 
 197           249 
 197           254 
 197           255 
 197           260 
 197           265 
 198           229 
 198           243 
 198           245 
 198           248 
 198           253 
 198           254 
 198           255 
 198           261 
 198           262 
 198           265 
 198           268 
 198           269 
 198           270 
 198           271 
 199           216 
 199           224 
 199           226 
 199           231 
 199           235 
 199           236 
 199           239 
 199           245 
 199           246 
 199           250 
 199           254 
 199           260 
 199           265 
 199           269 
 200           224 
 200           231 
 200           248 
 200           252 
 200           255 
 200           256 
 200           259 
 200           260 
 200           261 
 200           263 
 200           265 
 200           267 
 200           268 
 200           269 
 200           273 
 200           274 
 201           228 
 201           231 
 201           235 
 201           237 
 201           238 
 201           239 
 201           240 
 201           241 
 201           242 
 201           245 
 201           246 
 201           247 
 201           251 
 201           253 
 201           256 
 201           261 
 201           264 
 202           225 
 202           238 
 202           240 
 202           242 
 202           249 
 202           253 
 202           255 
 202           258 
 202           261 
 202           262 
 202           264 
 202           267 
 202           269 
 202           273 
 203           225 
 203           237 
 203           244 
 203           245 
 203           247 
 203           251 
 203           253 
 203           256 
 203           258 
 203           259 
 203           261 
 203           265 
 203           270 
 203           273 
 204           216 
 204           227 
 204           230 
 204           231 
 204           238 
 204           241 
 204           245 
 204           246 
 204           249 
 204           255 
 204           269 
 205           231 
 205           239 
 205           240 
 205           241 
 205           243 
 205           245 
 205           246 
 205           249 
 205           250 
 205           252 
 205           255 
 205           257 
 205           259 
 205           260 
 205           261 
 205           262 
 205           263 
 205           264 
 205           265 
 205           266 
 205           267 
 205           268 
 205           269 
 205           274 
 206           221 
 206           224 
 206           243 
 206           245 
 206           246 
 206           250 
 206           252 
 206           253 
 206           254 
 206           261 
 206           263 
 206           265 
 206           269 
 207           247 
 207           248 
 207           251 
 207           252 
 207           255 
 207           261 
 207           262 
 207           263 
 207           264 
 207           267 
 207           268 
 207           269 
 207           270 
 207           275 
 207           277 
 208           232 
 208           235 
 208           239 
 208           241 
 208           253 
 208           256 
 208           259 
 208           260 
 208           261 
 208           264 
 208           268 
 208           273 
 208           274 
 209           229 
 209           244 
 209           245 
 209           248 
 209           251 
 209           252 
 209           255 
 209           261 
 209           264 
 209           267 
 209           268 
 209           269 
 209           271 
 209           274 
 210           223 
 210           242 
 210           245 
 210           250 
 210           253 
 210           255 
 210           257 
 210           262 
 210           265 
 210           266 
 210           267 
 210           268 
 210           273 
 211           232 
 211           239 
 211           242 
 211           248 
 211           256 
 211           259 
 211           260 
 211           261 
 211           268 
 211           273 
 211           274 
 212           231 
 212           238 
 212           239 
 212           242 
 212           245 
 212           248 
 212           250 
 212           255 
 212           256 
 212           257 
 212           259 
 212           260 
 212           261 
 212           262 
 212           263 
 212           265 
 212           267 
 212           269 
 212           273 
 212           274 
 213           251 
 213           252 
 213           257 
 213           266 
 213           268 
 213           271 
 213           272 
 213           273 
 213           274 
 213           275 
 213           276 
 213           279 
 213           282 
 213           284 
 213           287 
 213           289 
 213           292 
 214           232 
 214           240 
 214           248 
 214           256 
 214           257 
 214           258 
 214           261 
 214           264 
 214           267 
 214           268 
 214           274 
 214           287 
 215           216 
 215           255 
 215           256 
 215           258 
 215           260 
 215           264 
 215           265 
 215           267 
 215           269 
 216           242 
 216           251 
 216           252 
 216           253 
 216           257 
 216           259 
 216           261 
 216           262 
 216           263 
 216           266 
 216           268 
 216           270 
 216           273 
 216           274 
 216           276 
 217           241 
 217           244 
 217           248 
 217           249 
 217           251 
 217           255 
 217           259 
 217           270 
 217           271 
 217           276 
 218           248 
 218           249 
 218           253 
 218           255 
 218           258 
 218           260 
 218           261 
 218           267 
 218           268 
 218           270 
 218           271 
 218           274 
 218           276 
 218           277 
 218           279 
 218           287 
 219           231 
 219           244 
 219           251 
 219           255 
 219           259 
 219           262 
 219           263 
 219           266 
 219           268 
 219           269 
 219           274 
 219           277 
 219           280 
 220           245 
 220           250 
 220           254 
 220           255 
 220           257 
 220           265 
 220           266 
 220           269 
 220           270 
 220           271 
 220           272 
 220           273 
 220           274 
 220           287 
 221           241 
 221           244 
 221           247 
 221           249 
 221           257 
 221           259 
 221           260 
 221           264 
 221           268 
 221           272 
 221           273 
 221           276 
 221           277 
 221           286 
 221           294 
 222           235 
 222           238 
 222           251 
 222           255 
 222           257 
 222           259 
 222           265 
 222           268 
 222           269 
 222           271 
 222           272 
 222           273 
 222           274 
 222           275 
 222           277 
 222           279 
 223           263 
 223           264 
 223           270 
 223           271 
 223           272 
 223           275 
 223           276 
 223           277 
 223           278 
 223           281 
 223           282 
 223           283 
 223           284 
 223           292 
 223           296 
 223           298 
 223           299 
 224           251 
 224           258 
 224           264 
 224           266 
 224           270 
 224           271 
 224           275 
 224           276 
 224           277 
 224           280 
 224           282 
 224           284 
 224           289 
 224           292 
 225           252 
 225           257 
 225           260 
 225           266 
 225           268 
 225           274 
 225           276 
 225           279 
 225           283 
 225           284 
 225           287 
 225           289 
 225           292 
 226           255 
 226           257 
 226           259 
 226           271 
 226           275 
 226           276 
 226           287 
 226           288 
 227           258 
 227           260 
 227           261 
 227           262 
 227           264 
 227           265 
 227           268 
 227           271 
 227           272 
 227           274 
 227           275 
 227           276 
 227           277 
 227           283 
 227           292 
 228           243 
 228           255 
 228           259 
 228           260 
 228           265 
 228           267 
 228           268 
 228           272 
 228           273 
 229           256 
 229           260 
 229           272 
 229           273 
 229           275 
 229           276 
 229           277 
 229           279 
 229           280 
 229           282 
 229           283 
 229           284 
 229           286 
 229           289 
 229           292 
 229           294 
 229           295 
 229           296 
 230           256 
 230           266 
 230           267 
 230           271 
 230           274 
 230           279 
 230           280 
 230           286 
 230           287 
 230           291 
 230           292 
 230           293 
 231           270 
 231           271 
 231           278 
 231           279 
 231           282 
 231           283 
 231           284 
 231           285 
 231           287 
 231           288 
 231           289 
 231           290 
 231           291 
 231           293 
 231           296 
 231           299 
 232           251 
 232           252 
 232           255 
 232           263 
 232           266 
 232           269 
 232           271 
 232           272 
 232           275 
 232           276 
 232           277 
 232           279 
 232           292 
 232           296 
 233           245 
 233           265 
 233           266 
 233           269 
 233           272 
 233           274 
 233           276 
 233           278 
 233           283 
 233           284 
 233           285 
 233           286 
 233           287 
 233           289 
 234           264 
 234           271 
 234           274 
 234           275 
 234           278 
 234           279 
 234           281 
 234           285 
 234           286 
 234           287 
 234           288 
 234           289 
 234           290 
 234           296 
 235           266 
 235           270 
 235           276 
 235           282 
 235           283 
 235           286 
 235           287 
 235           289 
 235           292 
 235           296 
 235           298 
 236           262 
 236           268 
 236           272 
 236           281 
 236           283 
 236           286 
 236           288 
 236           290 
 236           292 
 236           293 
 236           297 
 236           298 
 236           299 
 237           248 
 237           255 
 237           262 
 237           263 
 237           268 
 237           269 
 237           271 
 238           283 
 238           285 
 238           287 
 238           288 
 238           291 
 238           292 
 238           294 
 238           295 
 238           296 
 238           297 
 238           298 
 238           301 
 239           271 
 239           276 
 239           280 
 239           281 
 239           284 
 239           292 
 239           293 
 239           296 
 239           298 
 239           299 
 239           300 
 239           301 
 240           271 
 240           272 
 240           276 
 240           279 
 240           281 
 240           283 
 240           292 
 240           293 
 240           296 
 240           299 
 241           278 
 241           280 
 241           282 
 241           283 
 241           285 
 241           288 
 241           292 
 241           297 
 241           298 
 241           299 
 242           244 
 242           271 
 242           272 
 242           277 
 242           280 
 242           282 
 242           290 
 242           292 
 242           296 
 242           299 
 243           276 
 243           277 
 243           280 
 243           281 
 243           284 
 243           285 
 243           286 
 243           295 
 243           298 
 243           299 
 243           300 
 243           301 
 244           275 
 244           279 
 244           284 
 244           285 
 244           287 
 244           288 
 244           289 
 244           295 
 244           297 
 244           300 
 245           275 
 245           277 
 245           279 
 245           281 
 245           282 
 245           288 
 245           290 
 245           292 
 245           294 
 245           296 
 245           297 
 245           299 
 245           300 
 246           275 
 246           277 
 246           279 
 246           280 
 246           281 
 246           283 
 246           286 
 246           288 
 246           289 
 246           290 
 246           292 
 246           294 
 246           295 
 246           297 
 246           299 
 247           274 
 247           292 
 247           293 
 247           298 
 247           301 
 248           266 
 248           272 
 248           280 
 248           281 
 248           282 
 248           283 
 248           284 
 248           286 
 248           289 
 248           290 
 248           292 
 248           295 
 248           296 
 248           298 
 249           275 
 249           280 
 249           296 
 249           299 
 249           301 
 250           283 
 250           289 
 250           291 
 250           295 
 250           297 
 250           298 
 251           283 
 251           288 
 251           290 
 252           278 
 252           280 
 252           286 
 252           293 
 252           295 
 252           300 
 253           291 
 253           299 
 253           301 
 254           267 
 254           288 
 254           289 
 254           291 
 254           293 
 254           294 
 254           298 
 254           300 
 254           301 
 255           278 
 255           282 
 255           283 
 255           284 
 255           286 
 255           289 
 255           291 
 255           298 
 256           281 
 256           297 
 256           298 
 256           299 
 256           300 
 256           301 
 257           281 
 257           285 
 257           298 
 258           278 
 258           281 
 258           285 
 258           286 
 258           290 
 258           293 
 258           296 
 258           297 
 258           298 
 258           300 
 259           281 
 259           292 
 259           293 
 259           297 
 259           298 
 259           299 
 259           300 
 259           301 
 260           288 
 260           291 
 260           293 
 260           298 
 260           300 
 261           289 
 261           297 
 261           298 
 261           299 
 261           300 
 261           301 
 262           284 
 262           285 
 262           287 
 262           295 
 262           300 
 263           288 
 263           300 
 264           291 
 264           293 
 264           300 
 265           280 
 265           282 
 265           288 
 265           294 
 265           299 
 266           288 
 266           294 
 266           297 
 266           299 
 266           300 
 267           284 
 267           290 
 267           295 
 267           297 
 268           296 
 268           300 
 269           290 
 269           293 
 269           299 
 270           300 
 271           295 
 271           297 
 272           291 
 272           300 
 272           301 
 273           288 
 273           291 
 273           300 
 273           301 
 274           295 
 274           300 
 275           293 
 276           290 
 277           302 
 278           301 
 279           298 
 279           301 
 280           302 
 281           302 
 282           302 
 283           300 
 284           302 
 285           302 
 286           302 
 287           302 
 288           302 
 289           302 
 290           302 
 291           302 
 292           302 
 293           302 
 294           302 
 295           302 
 296           302 
 297           302 
 298           302 
 299           302 
 300           302 
 301           302 
