 1             2 
 1             3 
 1             4 
 1             5 
 1             6 
 1             7 
 1             8 
 1             9 
 1             10 
 1             11 
 1             12 
 1             13 
 1             16 
 1             17 
 1             18 
 1             19 
 1             21 
 1             25 
 1             27 
 1             29 
 1             30 
 1             36 
 1             43 
 2             20 
 2             23 
 2             26 
 2             32 
 2             34 
 2             35 
 2             37 
 2             40 
 2             44 
 2             48 
 2             63 
 3             14 
 3             28 
 3             38 
 3             40 
 3             45 
 3             46 
 3             54 
 3             60 
 3             61 
 4             15 
 4             33 
 4             34 
 4             40 
 4             41 
 4             42 
 4             44 
 4             45 
 4             47 
 4             49 
 4             54 
 4             56 
 4             61 
 4             64 
 5             37 
 5             45 
 5             53 
 5             57 
 5             58 
 5             59 
 5             63 
 5             64 
 5             67 
 5             68 
 5             69 
 6             44 
 6             46 
 6             47 
 6             50 
 6             52 
 6             55 
 6             56 
 6             57 
 6             59 
 6             60 
 6             62 
 6             64 
 6             69 
 6             70 
 6             82 
 7             33 
 7             40 
 7             42 
 7             44 
 7             45 
 7             47 
 7             49 
 7             53 
 7             54 
 7             56 
 7             57 
 7             58 
 7             59 
 7             60 
 7             61 
 7             64 
 8             33 
 8             41 
 8             47 
 8             49 
 8             50 
 8             51 
 8             53 
 8             58 
 8             59 
 8             61 
 8             63 
 8             74 
 8             82 
 9             26 
 9             34 
 9             37 
 9             40 
 9             45 
 9             46 
 9             59 
 9             61 
 9             63 
 9             64 
 9             65 
 9             67 
 10            28 
 10            31 
 10            33 
 10            34 
 10            40 
 10            44 
 10            45 
 10            46 
 10            48 
 10            49 
 10            58 
 10            60 
 10            61 
 11            44 
 11            49 
 11            50 
 11            51 
 11            52 
 11            53 
 11            54 
 11            55 
 11            56 
 11            57 
 11            58 
 11            59 
 11            63 
 11            64 
 11            67 
 11            69 
 11            70 
 11            71 
 11            82 
 12            39 
 12            42 
 12            47 
 12            51 
 12            53 
 12            55 
 12            56 
 12            57 
 12            60 
 12            61 
 12            64 
 12            67 
 12            69 
 12            73 
 13            22 
 13            24 
 13            28 
 13            39 
 13            46 
 13            48 
 13            54 
 14            44 
 14            47 
 14            49 
 14            50 
 14            51 
 14            57 
 14            58 
 14            59 
 14            64 
 14            67 
 14            70 
 14            71 
 14            80 
 14            83 
 15            69 
 15            70 
 15            75 
 15            77 
 15            78 
 15            79 
 15            80 
 15            81 
 15            85 
 15            87 
 15            88 
 15            90 
 15            95 
 15            96 
 15            97 
 15            102 
 16            42 
 16            48 
 16            50 
 16            51 
 16            53 
 16            56 
 16            58 
 16            62 
 16            64 
 16            66 
 16            71 
 17            40 
 17            45 
 17            47 
 17            49 
 17            52 
 17            56 
 17            59 
 17            60 
 17            61 
 17            67 
 17            69 
 17            71 
 17            72 
 18            47 
 18            71 
 18            72 
 18            74 
 18            77 
 18            79 
 18            80 
 18            82 
 18            85 
 18            87 
 18            89 
 18            96 
 18            97 
 19            55 
 19            56 
 19            58 
 19            59 
 19            62 
 19            63 
 19            66 
 19            68 
 19            70 
 19            71 
 19            72 
 19            73 
 19            75 
 19            80 
 19            82 
 19            84 
 20            47 
 20            50 
 20            51 
 20            52 
 20            57 
 20            58 
 20            59 
 20            61 
 20            64 
 20            67 
 20            71 
 20            75 
 20            81 
 20            82 
 20            87 
 21            47 
 21            49 
 21            52 
 21            56 
 21            60 
 21            62 
 21            64 
 21            65 
 21            68 
 21            73 
 21            77 
 21            78 
 21            79 
 21            82 
 21            95 
 22            34 
 22            40 
 22            47 
 22            55 
 22            58 
 22            61 
 22            63 
 22            65 
 22            67 
 22            75 
 22            78 
 22            83 
 23            46 
 23            47 
 23            54 
 23            55 
 23            61 
 23            69 
 23            75 
 23            82 
 23            83 
 23            96 
 24            42 
 24            47 
 24            50 
 24            58 
 24            64 
 24            69 
 24            70 
 24            71 
 24            72 
 24            75 
 24            78 
 24            80 
 25            57 
 25            58 
 25            59 
 25            60 
 25            62 
 25            67 
 25            73 
 25            75 
 25            80 
 25            87 
 25            88 
 26            47 
 26            50 
 26            56 
 26            57 
 26            58 
 26            62 
 26            66 
 26            69 
 26            75 
 26            78 
 26            80 
 26            82 
 26            96 
 26            97 
 27            46 
 27            57 
 27            63 
 27            64 
 27            66 
 27            68 
 27            70 
 27            73 
 27            79 
 27            84 
 27            85 
 27            88 
 28            37 
 28            51 
 28            53 
 28            55 
 28            57 
 28            59 
 28            62 
 28            63 
 28            64 
 28            68 
 28            69 
 29            46 
 29            53 
 29            60 
 29            62 
 29            64 
 29            70 
 29            83 
 29            88 
 29            90 
 29            102 
 30            44 
 30            47 
 30            55 
 30            59 
 30            60 
 30            62 
 30            63 
 30            64 
 30            65 
 30            66 
 30            67 
 30            68 
 30            70 
 30            71 
 30            72 
 30            82 
 31            54 
 31            59 
 31            62 
 31            71 
 31            72 
 31            73 
 31            83 
 31            94 
 32            72 
 32            80 
 32            81 
 32            83 
 32            84 
 32            86 
 32            87 
 32            88 
 32            89 
 32            93 
 32            94 
 32            95 
 32            96 
 32            99 
 32            102 
 32            103 
 32            116 
 33            52 
 33            62 
 33            65 
 33            67 
 33            68 
 33            69 
 33            70 
 33            71 
 33            72 
 33            73 
 33            75 
 33            77 
 33            79 
 33            87 
 33            90 
 34            57 
 34            70 
 34            76 
 34            77 
 34            79 
 34            80 
 34            81 
 34            87 
 34            89 
 34            90 
 34            96 
 34            97 
 34            103 
 35            71 
 35            72 
 35            74 
 35            77 
 35            78 
 35            79 
 35            80 
 35            87 
 35            89 
 35            90 
 35            92 
 35            103 
 36            59 
 36            66 
 36            67 
 36            71 
 36            72 
 36            73 
 36            74 
 36            76 
 36            88 
 37            47 
 37            52 
 37            56 
 37            70 
 37            71 
 37            72 
 37            73 
 37            74 
 37            77 
 37            78 
 37            79 
 38            70 
 38            73 
 38            74 
 38            77 
 38            82 
 38            87 
 38            88 
 38            89 
 38            90 
 38            95 
 38            96 
 38            100 
 38            103 
 39            66 
 39            76 
 39            79 
 39            80 
 39            81 
 39            84 
 39            86 
 39            88 
 39            93 
 39            95 
 39            96 
 39            100 
 39            101 
 39            103 
 39            116 
 40            50 
 40            70 
 40            74 
 40            77 
 40            80 
 40            81 
 40            82 
 40            84 
 40            85 
 40            87 
 40            89 
 40            97 
 40            100 
 41            60 
 41            68 
 41            72 
 41            73 
 41            77 
 41            79 
 41            80 
 41            81 
 41            84 
 41            85 
 41            94 
 41            102 
 42            63 
 42            65 
 42            68 
 42            74 
 42            76 
 42            81 
 42            82 
 42            83 
 42            84 
 42            85 
 42            88 
 42            94 
 42            95 
 42            97 
 42            100 
 43            65 
 43            66 
 43            75 
 43            76 
 43            79 
 43            81 
 43            82 
 43            90 
 43            91 
 43            93 
 43            95 
 43            96 
 43            98 
 43            100 
 43            103 
 44            73 
 44            75 
 44            84 
 44            86 
 44            87 
 44            90 
 44            91 
 44            93 
 44            95 
 44            97 
 44            98 
 44            102 
 44            103 
 44            108 
 44            116 
 45            55 
 45            75 
 45            78 
 45            79 
 45            89 
 45            95 
 45            96 
 45            97 
 45            103 
 46            71 
 46            77 
 46            78 
 46            80 
 46            81 
 46            87 
 46            92 
 46            94 
 46            103 
 47            76 
 47            84 
 47            88 
 47            90 
 47            93 
 47            94 
 47            100 
 47            101 
 47            102 
 47            103 
 47            106 
 47            108 
 47            116 
 47            119 
 48            67 
 48            69 
 48            74 
 48            75 
 48            77 
 48            83 
 48            89 
 48            90 
 49            75 
 49            76 
 49            81 
 49            84 
 49            87 
 49            91 
 49            93 
 49            94 
 49            96 
 49            98 
 49            100 
 49            103 
 49            111 
 49            116 
 50            68 
 50            73 
 50            76 
 50            79 
 50            88 
 50            90 
 50            91 
 50            95 
 50            98 
 50            108 
 50            116 
 51            91 
 51            103 
 51            104 
 51            106 
 51            108 
 51            110 
 51            111 
 51            113 
 51            114 
 51            115 
 51            118 
 51            119 
 51            121 
 51            122 
 51            123 
 51            131 
 51            134 
 51            137 
 52            66 
 52            80 
 52            88 
 52            93 
 52            96 
 52            97 
 52            100 
 52            101 
 52            103 
 52            119 
 53            65 
 53            75 
 53            78 
 53            79 
 53            81 
 53            84 
 53            85 
 53            89 
 53            94 
 53            95 
 53            96 
 53            97 
 53            98 
 53            111 
 54            78 
 54            80 
 54            81 
 54            84 
 54            85 
 54            86 
 54            88 
 54            89 
 54            90 
 54            91 
 54            93 
 54            99 
 54            101 
 54            106 
 55            74 
 55            77 
 55            81 
 55            86 
 55            88 
 55            93 
 55            94 
 55            100 
 55            101 
 55            104 
 55            106 
 55            128 
 56            81 
 56            85 
 56            90 
 56            92 
 56            93 
 56            102 
 56            104 
 56            112 
 56            119 
 57            72 
 57            74 
 57            94 
 57            101 
 57            112 
 57            116 
 58            91 
 58            101 
 58            103 
 58            107 
 58            110 
 58            112 
 58            113 
 58            114 
 58            115 
 58            118 
 58            119 
 58            121 
 58            122 
 58            123 
 58            126 
 58            130 
 58            131 
 58            136 
 58            137 
 59            77 
 59            78 
 59            79 
 59            85 
 59            86 
 59            89 
 59            90 
 59            92 
 59            96 
 59            97 
 59            98 
 59            101 
 59            106 
 59            113 
 60            89 
 60            92 
 60            93 
 60            96 
 60            99 
 60            100 
 60            101 
 60            103 
 60            104 
 60            105 
 60            108 
 60            109 
 60            111 
 60            112 
 60            116 
 60            118 
 60            122 
 60            126 
 60            127 
 60            131 
 61            79 
 61            94 
 61            97 
 61            104 
 61            107 
 61            109 
 61            110 
 61            111 
 61            112 
 61            116 
 61            118 
 61            123 
 61            124 
 61            127 
 61            134 
 61            136 
 62            81 
 62            85 
 62            100 
 62            101 
 62            111 
 62            123 
 63            77 
 63            86 
 63            87 
 63            89 
 63            90 
 63            93 
 63            96 
 63            98 
 63            102 
 64            86 
 64            91 
 64            92 
 64            93 
 64            94 
 64            104 
 64            106 
 64            114 
 64            118 
 64            121 
 64            123 
 64            128 
 65            99 
 65            101 
 65            106 
 65            108 
 65            109 
 65            113 
 65            116 
 65            117 
 65            118 
 65            121 
 65            122 
 65            123 
 65            124 
 65            131 
 66            83 
 66            89 
 66            92 
 66            94 
 66            99 
 66            102 
 66            104 
 66            106 
 66            110 
 66            112 
 66            118 
 66            127 
 67            84 
 67            86 
 67            91 
 67            92 
 67            93 
 67            94 
 67            95 
 67            98 
 67            99 
 67            100 
 67            101 
 67            103 
 67            104 
 67            106 
 67            108 
 67            116 
 67            118 
 68            86 
 68            101 
 68            105 
 68            106 
 68            107 
 68            109 
 68            110 
 68            111 
 68            114 
 68            115 
 68            117 
 68            118 
 68            121 
 68            123 
 68            125 
 68            128 
 68            130 
 68            131 
 68            132 
 68            137 
 69            91 
 69            94 
 69            104 
 69            107 
 69            110 
 69            117 
 69            118 
 69            121 
 69            127 
 69            128 
 69            136 
 70            86 
 70            92 
 70            93 
 70            94 
 70            98 
 70            101 
 70            104 
 70            106 
 70            108 
 70            116 
 70            118 
 70            121 
 70            123 
 70            128 
 71            86 
 71            93 
 71            95 
 71            98 
 71            100 
 71            101 
 71            105 
 71            106 
 71            109 
 71            111 
 71            116 
 71            118 
 71            122 
 71            131 
 72            100 
 72            108 
 72            110 
 72            113 
 72            117 
 72            119 
 72            120 
 72            123 
 72            126 
 72            128 
 72            129 
 72            151 
 73            107 
 73            112 
 73            113 
 73            118 
 73            120 
 73            121 
 73            122 
 73            123 
 73            124 
 73            126 
 73            127 
 73            128 
 73            134 
 73            135 
 73            138 
 73            140 
 73            151 
 74            102 
 74            109 
 74            114 
 74            120 
 74            121 
 74            126 
 74            130 
 74            136 
 75            104 
 75            107 
 75            110 
 75            113 
 75            119 
 75            121 
 75            122 
 75            124 
 75            128 
 75            129 
 75            130 
 75            131 
 75            134 
 75            135 
 75            136 
 75            137 
 75            138 
 76            99 
 76            104 
 76            107 
 76            109 
 76            110 
 76            117 
 76            118 
 76            123 
 76            124 
 76            125 
 76            127 
 76            131 
 76            132 
 76            134 
 76            136 
 76            137 
 77            91 
 77            99 
 77            110 
 77            111 
 77            114 
 77            116 
 77            118 
 77            119 
 77            121 
 77            122 
 77            124 
 77            126 
 77            127 
 77            131 
 77            132 
 77            134 
 77            136 
 77            137 
 78            100 
 78            104 
 78            105 
 78            109 
 78            110 
 78            115 
 78            117 
 78            123 
 78            126 
 78            130 
 78            131 
 78            134 
 79            114 
 79            121 
 79            126 
 79            130 
 79            132 
 79            135 
 79            137 
 79            139 
 79            151 
 79            152 
 79            154 
 80            98 
 80            104 
 80            107 
 80            108 
 80            109 
 80            110 
 80            111 
 80            113 
 80            114 
 80            117 
 80            121 
 80            122 
 80            124 
 80            136 
 80            137 
 81            108 
 81            109 
 81            110 
 81            117 
 81            118 
 81            121 
 81            124 
 81            125 
 81            131 
 81            132 
 81            134 
 81            135 
 81            136 
 81            137 
 81            143 
 82            105 
 82            109 
 82            112 
 82            113 
 82            117 
 82            120 
 82            121 
 82            130 
 82            135 
 82            137 
 82            140 
 82            143 
 82            145 
 83            109 
 83            115 
 83            120 
 83            121 
 83            123 
 83            128 
 83            130 
 83            131 
 83            139 
 83            140 
 83            143 
 83            145 
 83            159 
 84            105 
 84            112 
 84            117 
 84            120 
 84            123 
 84            124 
 84            125 
 84            130 
 84            132 
 84            135 
 84            136 
 84            137 
 84            140 
 84            142 
 84            143 
 84            145 
 84            146 
 84            148 
 85            103 
 85            110 
 85            115 
 85            117 
 85            120 
 85            121 
 85            122 
 85            125 
 85            127 
 85            130 
 85            131 
 85            132 
 85            136 
 85            137 
 85            148 
 86            112 
 86            119 
 86            124 
 86            127 
 86            134 
 86            135 
 86            140 
 86            142 
 86            143 
 86            145 
 86            146 
 86            148 
 86            149 
 86            151 
 86            154 
 86            159 
 87            101 
 87            106 
 87            118 
 87            121 
 87            124 
 87            125 
 87            129 
 87            130 
 87            133 
 87            134 
 87            151 
 88            92 
 88            109 
 88            110 
 88            114 
 88            118 
 88            120 
 88            121 
 88            123 
 88            124 
 88            127 
 88            134 
 88            154 
 89            107 
 89            115 
 89            120 
 89            121 
 89            123 
 89            130 
 89            134 
 89            136 
 89            137 
 89            138 
 89            151 
 89            154 
 89            159 
 90            109 
 90            111 
 90            118 
 90            123 
 90            125 
 90            126 
 90            130 
 90            131 
 90            135 
 90            136 
 90            137 
 90            140 
 90            143 
 90            154 
 91            109 
 91            120 
 91            125 
 91            135 
 91            139 
 91            145 
 91            147 
 91            150 
 91            154 
 92            130 
 92            133 
 92            135 
 92            136 
 92            138 
 92            139 
 92            141 
 92            142 
 92            144 
 92            146 
 92            147 
 92            151 
 92            152 
 92            156 
 92            159 
 93            107 
 93            110 
 93            113 
 93            115 
 93            117 
 93            129 
 93            130 
 93            134 
 93            136 
 93            137 
 93            140 
 93            151 
 94            105 
 94            113 
 94            115 
 94            122 
 94            131 
 94            133 
 94            135 
 94            137 
 94            140 
 94            142 
 94            143 
 94            144 
 94            145 
 95            114 
 95            117 
 95            121 
 95            123 
 95            124 
 95            128 
 95            132 
 95            133 
 95            137 
 96            123 
 96            124 
 96            125 
 96            128 
 96            133 
 96            142 
 96            143 
 96            144 
 96            145 
 96            148 
 96            149 
 96            156 
 97            117 
 97            126 
 97            128 
 97            131 
 97            133 
 97            139 
 97            140 
 97            141 
 97            142 
 97            144 
 97            146 
 97            148 
 97            151 
 97            159 
 98            120 
 98            125 
 98            130 
 98            132 
 98            134 
 98            138 
 98            141 
 98            143 
 98            146 
 98            151 
 98            152 
 98            154 
 98            155 
 99            115 
 99            129 
 99            130 
 99            133 
 99            135 
 99            139 
 99            142 
 99            144 
 99            145 
 99            146 
 99            147 
 99            148 
 99            149 
 99            151 
 99            152 
 99            156 
 100           107 
 100           114 
 100           121 
 100           124 
 100           132 
 100           136 
 100           137 
 100           154 
 101           139 
 101           140 
 101           142 
 101           144 
 101           146 
 101           148 
 101           149 
 101           150 
 101           152 
 101           155 
 101           156 
 101           159 
 101           162 
 101           163 
 101           171 
 102           117 
 102           125 
 102           129 
 102           131 
 102           132 
 102           133 
 102           134 
 102           137 
 102           139 
 102           141 
 102           142 
 102           144 
 102           145 
 102           146 
 102           147 
 102           151 
 103           124 
 103           128 
 103           129 
 103           133 
 103           138 
 103           142 
 103           143 
 103           144 
 103           145 
 103           149 
 103           152 
 103           159 
 104           140 
 104           141 
 104           144 
 104           148 
 104           150 
 104           152 
 104           155 
 104           159 
 104           162 
 104           163 
 104           164 
 104           165 
 104           166 
 104           170 
 105           129 
 105           147 
 105           149 
 105           151 
 105           153 
 105           155 
 105           161 
 105           162 
 105           164 
 105           168 
 105           169 
 105           173 
 106           126 
 106           136 
 106           138 
 106           140 
 106           141 
 106           142 
 106           143 
 106           144 
 106           145 
 106           147 
 106           148 
 106           149 
 106           152 
 106           155 
 107           142 
 107           143 
 107           144 
 107           145 
 107           147 
 107           149 
 107           155 
 107           156 
 107           162 
 107           170 
 107           171 
 107           178 
 108           130 
 108           133 
 108           139 
 108           141 
 108           142 
 108           145 
 108           147 
 108           154 
 108           155 
 108           156 
 108           159 
 108           161 
 109           133 
 109           138 
 109           141 
 109           142 
 109           144 
 109           146 
 109           148 
 109           149 
 109           151 
 109           152 
 109           155 
 109           156 
 109           164 
 110           133 
 110           142 
 110           147 
 110           164 
 110           165 
 110           169 
 110           172 
 110           173 
 110           178 
 111           141 
 111           142 
 111           147 
 111           148 
 111           153 
 111           155 
 111           158 
 111           160 
 111           161 
 111           163 
 111           165 
 111           166 
 111           194 
 112           141 
 112           144 
 112           147 
 112           152 
 112           162 
 112           163 
 112           164 
 112           165 
 112           166 
 112           170 
 112           178 
 113           125 
 113           132 
 113           139 
 113           146 
 113           153 
 113           154 
 113           160 
 113           163 
 113           168 
 113           170 
 114           138 
 114           140 
 114           141 
 114           142 
 114           143 
 114           144 
 114           148 
 114           149 
 114           150 
 114           155 
 114           156 
 114           159 
 114           164 
 114           170 
 115           141 
 115           160 
 115           163 
 115           164 
 115           165 
 115           167 
 115           172 
 115           173 
 115           176 
 115           178 
 115           183 
 115           184 
 115           194 
 116           141 
 116           142 
 116           143 
 116           147 
 116           151 
 116           153 
 116           157 
 116           158 
 116           161 
 116           162 
 116           163 
 116           165 
 116           168 
 116           170 
 117           138 
 117           149 
 117           150 
 117           152 
 117           153 
 117           154 
 117           155 
 117           156 
 117           163 
 117           164 
 118           145 
 118           146 
 118           148 
 118           150 
 118           155 
 118           156 
 118           157 
 118           158 
 118           160 
 118           161 
 118           162 
 118           163 
 118           166 
 118           171 
 118           173 
 119           147 
 119           160 
 119           164 
 119           165 
 119           166 
 119           169 
 119           172 
 119           178 
 120           133 
 120           149 
 120           156 
 120           161 
 120           164 
 120           169 
 120           171 
 120           172 
 120           173 
 120           178 
 121           142 
 121           146 
 121           147 
 121           153 
 121           155 
 121           157 
 121           158 
 121           160 
 121           161 
 121           162 
 121           163 
 121           165 
 121           168 
 121           169 
 121           173 
 121           195 
 122           149 
 122           155 
 122           156 
 122           157 
 122           158 
 122           161 
 122           163 
 122           168 
 122           170 
 122           171 
 122           173 
 122           178 
 123           150 
 123           160 
 123           162 
 123           163 
 123           166 
 123           169 
 123           170 
 123           172 
 123           173 
 123           174 
 123           176 
 123           177 
 123           179 
 123           180 
 123           185 
 124           139 
 124           141 
 124           155 
 124           162 
 124           163 
 124           165 
 124           168 
 125           159 
 125           165 
 125           166 
 125           169 
 125           172 
 125           173 
 125           174 
 125           176 
 125           177 
 125           178 
 125           194 
 125           195 
 126           156 
 126           157 
 126           160 
 126           163 
 126           167 
 126           168 
 126           175 
 126           176 
 126           178 
 126           183 
 126           186 
 126           189 
 126           195 
 126           198 
 127           167 
 127           173 
 127           174 
 127           177 
 127           180 
 127           182 
 127           184 
 127           187 
 127           188 
 127           189 
 127           190 
 127           191 
 127           193 
 127           196 
 127           200 
 127           201 
 127           206 
 127           208 
 128           147 
 128           154 
 128           166 
 128           176 
 128           179 
 128           180 
 128           181 
 128           195 
 129           163 
 129           171 
 129           174 
 129           176 
 129           177 
 129           179 
 129           180 
 129           183 
 129           185 
 129           186 
 129           189 
 129           190 
 129           192 
 129           193 
 129           194 
 129           195 
 129           201 
 129           209 
 130           150 
 130           163 
 130           164 
 130           175 
 130           176 
 130           180 
 130           198 
 131           149 
 131           153 
 131           157 
 131           164 
 131           171 
 131           178 
 131           187 
 132           158 
 132           159 
 132           161 
 132           165 
 132           167 
 132           169 
 132           177 
 132           178 
 132           179 
 132           181 
 132           182 
 132           184 
 132           191 
 132           195 
 133           153 
 133           157 
 133           158 
 133           160 
 133           162 
 133           163 
 133           166 
 133           167 
 133           168 
 133           170 
 133           175 
 133           195 
 134           150 
 134           163 
 134           164 
 134           169 
 134           172 
 134           176 
 134           177 
 134           179 
 134           180 
 134           185 
 135           161 
 135           162 
 135           163 
 135           164 
 135           169 
 135           171 
 135           172 
 135           173 
 135           175 
 135           176 
 135           178 
 135           180 
 135           181 
 135           183 
 135           185 
 135           189 
 135           190 
 135           192 
 135           195 
 136           150 
 136           158 
 136           163 
 136           169 
 136           171 
 136           175 
 136           177 
 136           179 
 136           180 
 136           185 
 137           160 
 137           170 
 137           171 
 137           173 
 137           174 
 137           177 
 137           180 
 137           182 
 137           183 
 137           185 
 137           186 
 137           187 
 137           190 
 137           191 
 137           200 
 138           161 
 138           162 
 138           165 
 138           166 
 138           167 
 138           169 
 138           171 
 138           173 
 138           174 
 138           176 
 138           177 
 138           178 
 138           181 
 138           183 
 138           187 
 138           191 
 138           194 
 138           195 
 138           197 
 139           157 
 139           164 
 139           166 
 139           167 
 139           173 
 139           178 
 139           180 
 139           181 
 139           183 
 139           187 
 139           188 
 139           189 
 139           192 
 140           175 
 140           177 
 140           178 
 140           184 
 140           187 
 140           189 
 140           192 
 140           195 
 140           196 
 140           198 
 140           203 
 140           206 
 140           207 
 140           209 
 140           212 
 140           214 
 141           169 
 141           171 
 141           177 
 141           180 
 141           181 
 141           187 
 141           190 
 141           191 
 141           195 
 141           197 
 141           201 
 141           208 
 141           209 
 142           174 
 142           176 
 142           184 
 142           187 
 142           188 
 142           190 
 142           191 
 142           193 
 142           196 
 142           197 
 142           199 
 142           201 
 142           203 
 142           204 
 142           206 
 142           209 
 142           210 
 142           214 
 142           224 
 143           169 
 143           173 
 143           175 
 143           179 
 143           181 
 143           182 
 143           187 
 143           190 
 143           191 
 143           195 
 143           201 
 143           203 
 143           207 
 143           211 
 144           153 
 144           157 
 144           158 
 144           160 
 144           167 
 144           168 
 144           173 
 144           175 
 144           195 
 145           164 
 145           165 
 145           167 
 145           172 
 145           176 
 145           177 
 145           179 
 145           183 
 145           187 
 145           194 
 145           197 
 146           172 
 146           175 
 146           178 
 146           183 
 146           185 
 146           187 
 146           191 
 146           192 
 146           196 
 146           197 
 146           202 
 146           215 
 147           167 
 147           174 
 147           175 
 147           183 
 147           184 
 147           187 
 147           189 
 147           192 
 147           197 
 147           198 
 147           205 
 147           206 
 147           209 
 147           215 
 148           174 
 148           176 
 148           177 
 148           178 
 148           181 
 148           182 
 148           188 
 148           189 
 148           190 
 148           191 
 148           193 
 148           195 
 148           197 
 148           198 
 148           199 
 148           206 
 148           208 
 148           209 
 149           165 
 149           167 
 149           174 
 149           176 
 149           177 
 149           181 
 149           183 
 149           184 
 149           186 
 149           191 
 149           195 
 149           198 
 149           201 
 150           167 
 150           178 
 150           181 
 150           182 
 150           183 
 150           184 
 150           187 
 150           188 
 150           189 
 150           190 
 150           191 
 150           192 
 150           194 
 150           195 
 150           205 
 150           209 
 150           214 
 151           167 
 151           178 
 151           184 
 151           190 
 151           196 
 151           198 
 151           203 
 151           205 
 151           206 
 151           209 
 151           212 
 151           214 
 152           161 
 152           169 
 152           172 
 152           174 
 152           177 
 152           181 
 152           185 
 152           187 
 152           189 
 152           191 
 152           195 
 152           197 
 153           179 
 153           181 
 153           182 
 153           183 
 153           188 
 153           191 
 153           193 
 153           197 
 153           199 
 153           200 
 153           206 
 153           208 
 154           169 
 154           172 
 154           173 
 154           177 
 154           182 
 154           185 
 154           187 
 154           189 
 154           190 
 154           191 
 154           192 
 154           196 
 154           197 
 154           203 
 155           172 
 155           174 
 155           177 
 155           179 
 155           180 
 155           181 
 155           191 
 155           200 
 155           209 
 156           188 
 156           191 
 156           193 
 156           197 
 156           199 
 156           202 
 156           205 
 156           206 
 156           208 
 156           210 
 156           214 
 156           219 
 156           220 
 157           174 
 157           177 
 157           184 
 157           185 
 157           190 
 157           191 
 157           193 
 157           194 
 157           196 
 157           197 
 157           199 
 157           200 
 157           203 
 157           208 
 157           214 
 157           215 
 157           224 
 158           174 
 158           176 
 158           186 
 158           188 
 158           189 
 158           192 
 158           196 
 158           203 
 158           204 
 158           205 
 158           209 
 158           210 
 158           214 
 159           180 
 159           183 
 159           187 
 159           196 
 159           197 
 159           198 
 159           205 
 159           206 
 159           208 
 159           209 
 159           210 
 160           181 
 160           192 
 160           199 
 160           201 
 160           203 
 160           204 
 160           207 
 160           208 
 160           210 
 160           212 
 160           220 
 161           202 
 161           206 
 161           208 
 161           209 
 161           210 
 161           211 
 161           213 
 161           214 
 161           215 
 161           218 
 161           219 
 161           221 
 161           224 
 161           229 
 161           233 
 161           234 
 161           241 
 162           193 
 162           199 
 162           204 
 162           208 
 162           219 
 162           221 
 162           222 
 162           230 
 162           241 
 163           182 
 163           188 
 163           196 
 163           197 
 163           199 
 163           200 
 163           202 
 163           205 
 163           208 
 163           211 
 163           212 
 163           214 
 163           215 
 163           224 
 164           174 
 164           182 
 164           186 
 164           191 
 164           196 
 164           199 
 164           201 
 164           203 
 164           208 
 164           214 
 164           215 
 164           223 
 164           224 
 165           175 
 165           180 
 165           185 
 165           189 
 165           190 
 165           192 
 165           200 
 165           205 
 165           206 
 165           207 
 165           209 
 166           182 
 166           198 
 166           201 
 166           208 
 166           212 
 166           213 
 166           214 
 166           216 
 166           217 
 166           218 
 166           225 
 166           226 
 166           229 
 166           232 
 167           199 
 167           204 
 167           210 
 167           213 
 167           216 
 167           221 
 167           225 
 167           228 
 167           230 
 167           232 
 167           236 
 167           238 
 168           180 
 168           184 
 168           187 
 168           188 
 168           190 
 168           193 
 168           199 
 168           204 
 168           205 
 168           207 
 168           209 
 168           210 
 168           212 
 168           221 
 169           186 
 169           188 
 169           193 
 169           199 
 169           200 
 169           205 
 169           206 
 169           210 
 169           212 
 169           214 
 169           215 
 169           219 
 169           220 
 169           222 
 169           224 
 170           188 
 170           197 
 170           202 
 170           207 
 170           211 
 170           215 
 170           217 
 170           218 
 170           219 
 170           223 
 170           224 
 170           233 
 170           241 
 170           248 
 171           196 
 171           198 
 171           202 
 171           203 
 171           206 
 171           207 
 171           210 
 171           211 
 171           212 
 171           213 
 171           215 
 171           216 
 171           217 
 171           218 
 171           224 
 171           229 
 172           193 
 172           198 
 172           199 
 172           201 
 172           205 
 172           206 
 172           207 
 172           210 
 172           211 
 172           214 
 172           220 
 172           221 
 173           198 
 173           202 
 173           209 
 173           210 
 173           214 
 173           216 
 173           217 
 173           219 
 173           221 
 173           224 
 173           225 
 173           229 
 173           235 
 174           202 
 174           207 
 174           211 
 174           212 
 174           216 
 174           218 
 174           219 
 174           221 
 174           225 
 174           227 
 174           231 
 174           233 
 174           234 
 174           236 
 174           241 
 174           248 
 175           188 
 175           193 
 175           199 
 175           208 
 175           210 
 175           219 
 175           220 
 175           222 
 175           238 
 176           200 
 176           213 
 176           215 
 176           216 
 176           217 
 176           222 
 176           227 
 176           230 
 176           231 
 176           233 
 176           234 
 176           235 
 176           238 
 176           248 
 176           254 
 177           205 
 177           210 
 177           219 
 177           228 
 177           230 
 177           233 
 177           234 
 177           235 
 177           236 
 177           241 
 177           243 
 177           253 
 177           255 
 178           201 
 178           204 
 178           211 
 178           216 
 178           218 
 178           219 
 178           226 
 178           228 
 178           235 
 178           248 
 179           214 
 179           218 
 179           221 
 179           223 
 179           230 
 179           231 
 179           232 
 179           234 
 179           235 
 179           241 
 179           243 
 179           245 
 179           246 
 179           249 
 179           252 
 179           253 
 179           255 
 179           256 
 179           262 
 180           203 
 180           211 
 180           214 
 180           215 
 180           217 
 180           220 
 180           223 
 180           226 
 180           227 
 180           229 
 180           230 
 180           231 
 180           234 
 180           236 
 180           241 
 180           255 
 181           196 
 181           202 
 181           213 
 181           215 
 181           216 
 181           221 
 181           222 
 181           224 
 181           225 
 181           231 
 181           236 
 181           237 
 181           238 
 181           241 
 181           255 
 182           219 
 182           220 
 182           230 
 182           235 
 182           236 
 182           238 
 182           244 
 182           245 
 182           246 
 182           247 
 182           249 
 182           250 
 182           254 
 182           257 
 182           260 
 182           264 
 182           266 
 183           207 
 183           217 
 183           218 
 183           222 
 183           224 
 183           225 
 183           227 
 183           234 
 183           235 
 183           239 
 183           241 
 183           247 
 183           248 
 183           252 
 183           253 
 183           254 
 184           223 
 184           226 
 184           227 
 184           228 
 184           231 
 184           238 
 184           242 
 184           244 
 184           245 
 184           247 
 184           252 
 184           255 
 184           258 
 184           260 
 184           261 
 185           204 
 185           213 
 185           216 
 185           218 
 185           225 
 185           228 
 185           231 
 185           236 
 185           238 
 186           217 
 186           221 
 186           228 
 186           234 
 186           236 
 186           238 
 186           239 
 186           240 
 186           241 
 186           242 
 186           243 
 186           244 
 186           246 
 186           248 
 186           249 
 186           251 
 186           252 
 186           253 
 186           258 
 187           222 
 187           225 
 187           232 
 187           234 
 187           235 
 187           237 
 187           239 
 187           240 
 187           242 
 187           247 
 187           248 
 187           250 
 187           251 
 187           253 
 187           254 
 187           258 
 187           266 
 188           213 
 188           225 
 188           227 
 188           228 
 188           230 
 188           231 
 188           235 
 188           239 
 188           243 
 188           245 
 188           252 
 188           254 
 188           260 
 188           261 
 188           276 
 189           217 
 189           222 
 189           223 
 189           224 
 189           225 
 189           228 
 189           231 
 189           232 
 189           235 
 189           236 
 189           238 
 189           240 
 189           241 
 189           242 
 189           243 
 189           249 
 189           251 
 189           252 
 189           258 
 190           228 
 190           234 
 190           237 
 190           238 
 190           241 
 190           244 
 190           250 
 190           251 
 190           252 
 190           253 
 190           254 
 190           255 
 190           257 
 190           258 
 190           260 
 190           264 
 190           266 
 190           269 
 190           283 
 191           212 
 191           213 
 191           222 
 191           229 
 191           231 
 191           234 
 191           236 
 191           238 
 191           249 
 191           251 
 191           254 
 191           255 
 191           256 
 191           261 
 192           216 
 192           218 
 192           221 
 192           223 
 192           227 
 192           228 
 192           229 
 192           230 
 192           234 
 192           236 
 192           243 
 192           245 
 192           253 
 192           255 
 192           261 
 193           213 
 193           216 
 193           217 
 193           218 
 193           225 
 193           226 
 193           228 
 193           232 
 193           233 
 193           234 
 193           235 
 193           236 
 193           237 
 193           243 
 193           245 
 193           248 
 193           254 
 193           255 
 193           261 
 194           206 
 194           218 
 194           220 
 194           228 
 194           229 
 194           230 
 194           233 
 194           234 
 194           238 
 194           240 
 194           241 
 194           244 
 194           245 
 194           246 
 194           255 
 194           256 
 194           260 
 195           218 
 195           225 
 195           226 
 195           228 
 195           230 
 195           234 
 195           237 
 195           239 
 195           240 
 195           245 
 195           246 
 195           247 
 195           252 
 195           255 
 195           260 
 196           219 
 196           227 
 196           228 
 196           234 
 196           235 
 196           247 
 196           248 
 196           252 
 196           257 
 196           258 
 196           261 
 196           269 
 197           216 
 197           221 
 197           228 
 197           229 
 197           230 
 197           234 
 197           236 
 197           238 
 197           245 
 197           250 
 197           251 
 197           255 
 197           261 
 198           204 
 198           228 
 198           230 
 198           231 
 198           236 
 198           238 
 198           241 
 198           242 
 198           252 
 199           217 
 199           226 
 199           227 
 199           229 
 199           231 
 199           233 
 199           248 
 199           255 
 199           258 
 199           261 
 200           226 
 200           239 
 200           241 
 200           246 
 200           247 
 200           253 
 200           255 
 200           256 
 200           258 
 200           262 
 200           264 
 200           265 
 200           273 
 200           274 
 201           237 
 201           238 
 201           240 
 201           241 
 201           244 
 201           246 
 201           249 
 201           250 
 201           252 
 201           257 
 201           259 
 201           265 
 201           266 
 201           269 
 201           275 
 201           282 
 202           226 
 202           228 
 202           232 
 202           244 
 202           249 
 202           250 
 202           251 
 202           253 
 202           254 
 202           258 
 202           265 
 202           283 
 203           225 
 203           233 
 203           245 
 203           246 
 203           250 
 203           252 
 203           254 
 203           258 
 203           263 
 203           265 
 203           269 
 203           273 
 204           223 
 204           227 
 204           233 
 204           234 
 204           243 
 204           244 
 204           245 
 204           247 
 204           253 
 204           255 
 204           258 
 204           260 
 204           261 
 204           269 
 205           218 
 205           223 
 205           226 
 205           227 
 205           245 
 205           247 
 205           252 
 206           237 
 206           248 
 206           258 
 206           259 
 206           262 
 206           264 
 206           265 
 206           267 
 206           274 
 206           278 
 206           282 
 206           283 
 206           284 
 206           288 
 207           226 
 207           232 
 207           243 
 207           250 
 207           255 
 207           283 
 208           243 
 208           247 
 208           251 
 208           253 
 208           258 
 208           259 
 208           262 
 208           266 
 208           267 
 208           274 
 208           275 
 208           276 
 208           277 
 208           283 
 209           220 
 209           228 
 209           230 
 209           238 
 209           239 
 209           240 
 209           245 
 209           247 
 209           249 
 209           250 
 209           255 
 209           260 
 209           264 
 209           265 
 209           266 
 209           267 
 209           269 
 210           223 
 210           231 
 210           237 
 210           244 
 210           246 
 210           250 
 210           258 
 210           260 
 210           262 
 210           264 
 210           265 
 210           266 
 211           222 
 211           237 
 211           243 
 211           247 
 211           256 
 211           257 
 211           258 
 211           266 
 211           283 
 212           228 
 212           240 
 212           246 
 212           250 
 212           258 
 212           264 
 212           265 
 212           266 
 212           282 
 213           247 
 213           250 
 213           253 
 213           257 
 213           258 
 213           264 
 213           266 
 213           270 
 213           273 
 213           274 
 213           275 
 213           283 
 214           237 
 214           238 
 214           244 
 214           248 
 214           250 
 214           259 
 214           260 
 214           261 
 214           265 
 214           266 
 214           283 
 214           287 
 215           228 
 215           240 
 215           242 
 215           249 
 215           250 
 215           252 
 215           256 
 215           258 
 215           261 
 215           264 
 215           265 
 215           266 
 215           268 
 215           270 
 215           276 
 216           239 
 216           240 
 216           242 
 216           246 
 216           249 
 216           252 
 216           256 
 216           258 
 216           265 
 216           266 
 216           268 
 216           270 
 216           276 
 216           282 
 217           250 
 217           262 
 217           264 
 217           265 
 217           266 
 217           268 
 217           270 
 217           272 
 217           273 
 217           274 
 217           275 
 217           278 
 217           282 
 217           283 
 217           287 
 217           288 
 217           289 
 217           292 
 218           250 
 218           251 
 218           258 
 218           264 
 218           265 
 218           269 
 218           270 
 218           274 
 218           275 
 218           276 
 218           279 
 218           283 
 219           265 
 219           267 
 219           270 
 219           271 
 219           272 
 219           273 
 219           274 
 219           275 
 219           276 
 219           277 
 219           278 
 219           279 
 219           280 
 219           281 
 219           286 
 219           287 
 219           288 
 219           292 
 220           237 
 220           251 
 220           253 
 220           258 
 220           274 
 220           280 
 220           283 
 221           247 
 221           254 
 221           260 
 221           264 
 221           265 
 221           266 
 221           269 
 221           272 
 221           273 
 221           280 
 221           283 
 221           292 
 222           245 
 222           260 
 222           268 
 222           269 
 222           270 
 222           272 
 222           273 
 222           280 
 222           281 
 222           284 
 222           287 
 222           292 
 223           239 
 223           254 
 223           259 
 223           263 
 223           268 
 223           270 
 223           271 
 223           273 
 223           274 
 223           276 
 223           278 
 223           282 
 223           292 
 224           245 
 224           246 
 224           257 
 224           262 
 224           263 
 224           264 
 224           266 
 224           273 
 224           274 
 224           277 
 224           278 
 224           292 
 225           267 
 225           268 
 225           270 
 225           272 
 225           275 
 225           279 
 225           281 
 225           282 
 225           283 
 225           284 
 225           286 
 225           290 
 225           291 
 225           293 
 225           295 
 225           297 
 226           266 
 226           267 
 226           268 
 226           270 
 226           272 
 226           278 
 226           279 
 226           280 
 226           281 
 226           282 
 226           289 
 226           295 
 227           240 
 227           246 
 227           249 
 227           250 
 227           251 
 227           256 
 227           264 
 227           265 
 227           266 
 227           267 
 227           268 
 227           270 
 227           275 
 227           282 
 227           292 
 228           259 
 228           262 
 228           272 
 228           274 
 228           275 
 228           277 
 228           278 
 228           280 
 228           281 
 228           284 
 228           285 
 228           286 
 228           288 
 228           289 
 229           239 
 229           247 
 229           252 
 229           259 
 229           262 
 229           263 
 229           269 
 229           270 
 229           271 
 229           276 
 229           277 
 229           278 
 229           282 
 229           287 
 229           292 
 230           258 
 230           259 
 230           263 
 230           271 
 230           273 
 230           274 
 230           275 
 230           280 
 230           284 
 231           259 
 231           267 
 231           269 
 231           272 
 231           273 
 231           278 
 231           280 
 231           285 
 231           290 
 231           298 
 232           257 
 232           260 
 232           263 
 232           268 
 232           271 
 232           284 
 232           292 
 233           266 
 233           274 
 233           275 
 233           276 
 233           277 
 233           278 
 233           279 
 233           280 
 233           281 
 233           288 
 233           289 
 233           295 
 234           259 
 234           265 
 234           268 
 234           280 
 234           281 
 234           284 
 234           285 
 234           286 
 234           290 
 234           293 
 234           294 
 234           295 
 235           263 
 235           268 
 235           281 
 235           284 
 235           286 
 235           287 
 235           290 
 235           291 
 235           294 
 235           297 
 235           298 
 236           259 
 236           267 
 236           269 
 236           281 
 236           286 
 236           287 
 236           288 
 236           289 
 236           290 
 236           292 
 236           293 
 236           295 
 236           298 
 236           299 
 237           263 
 237           268 
 237           270 
 237           271 
 237           273 
 237           276 
 237           286 
 237           294 
 237           297 
 237           298 
 238           263 
 238           268 
 238           271 
 238           278 
 238           279 
 238           281 
 238           284 
 238           286 
 238           288 
 238           289 
 238           294 
 238           297 
 238           298 
 239           257 
 239           275 
 239           279 
 239           283 
 239           284 
 239           289 
 239           290 
 239           294 
 239           295 
 240           262 
 240           263 
 240           271 
 240           273 
 240           274 
 240           278 
 240           280 
 240           281 
 240           284 
 240           286 
 240           287 
 240           288 
 240           289 
 240           297 
 241           261 
 241           281 
 241           286 
 241           287 
 241           288 
 241           289 
 241           290 
 241           292 
 241           295 
 242           269 
 242           272 
 242           283 
 242           285 
 242           286 
 242           287 
 242           288 
 242           289 
 242           290 
 242           292 
 242           294 
 242           295 
 242           299 
 242           300 
 243           271 
 243           272 
 243           273 
 243           278 
 243           280 
 243           281 
 243           284 
 243           286 
 243           287 
 243           292 
 243           294 
 243           298 
 244           267 
 244           273 
 244           277 
 244           281 
 244           286 
 244           290 
 244           292 
 244           297 
 244           298 
 244           299 
 245           275 
 245           285 
 245           286 
 245           288 
 245           289 
 245           290 
 245           291 
 245           298 
 246           271 
 246           279 
 246           280 
 246           281 
 246           283 
 246           284 
 246           294 
 246           295 
 246           297 
 246           299 
 247           279 
 247           281 
 247           284 
 247           286 
 247           291 
 247           295 
 247           296 
 247           297 
 247           298 
 247           299 
 247           300 
 247           301 
 248           275 
 248           276 
 248           279 
 248           280 
 248           281 
 248           285 
 248           286 
 248           289 
 248           290 
 248           292 
 248           295 
 248           297 
 248           298 
 249           271 
 249           272 
 249           280 
 249           281 
 249           289 
 249           294 
 249           295 
 249           297 
 250           277 
 250           281 
 250           284 
 250           286 
 250           293 
 250           299 
 251           263 
 251           271 
 251           281 
 251           284 
 251           288 
 251           289 
 251           294 
 251           297 
 251           298 
 251           299 
 252           274 
 252           285 
 252           289 
 252           290 
 252           291 
 252           293 
 252           295 
 252           298 
 252           299 
 253           263 
 253           278 
 253           279 
 253           281 
 253           282 
 253           286 
 253           287 
 253           288 
 253           289 
 253           290 
 253           291 
 253           292 
 253           294 
 253           297 
 253           298 
 254           286 
 254           287 
 254           298 
 255           275 
 255           284 
 255           293 
 255           297 
 255           298 
 256           285 
 256           298 
 256           299 
 256           300 
 256           301 
 257           272 
 257           280 
 257           281 
 257           286 
 257           288 
 257           296 
 257           297 
 257           298 
 257           300 
 258           272 
 258           281 
 258           286 
 258           287 
 258           289 
 258           290 
 258           291 
 258           292 
 258           293 
 258           294 
 258           297 
 258           298 
 259           296 
 259           297 
 259           301 
 260           274 
 260           275 
 260           279 
 260           282 
 260           285 
 260           286 
 260           289 
 260           291 
 260           297 
 260           298 
 261           280 
 261           293 
 261           297 
 261           298 
 261           299 
 262           279 
 262           298 
 262           299 
 262           300 
 263           272 
 263           293 
 263           295 
 263           296 
 263           301 
 264           295 
 264           300 
 265           296 
 265           297 
 265           298 
 266           271 
 266           284 
 266           286 
 266           297 
 266           298 
 267           294 
 267           296 
 268           277 
 268           299 
 268           301 
 269           291 
 269           297 
 270           285 
 270           300 
 271           285 
 271           290 
 271           291 
 271           293 
 271           296 
 272           302 
 273           295 
 273           300 
 273           301 
 274           294 
 275           299 
 275           300 
 275           301 
 276           302 
 277           302 
 278           296 
 278           299 
 279           302 
 280           291 
 280           301 
 281           302 
 282           301 
 283           298 
 284           302 
 285           302 
 286           302 
 287           302 
 288           302 
 289           296 
 290           301 
 291           302 
 292           302 
 293           300 
 294           302 
 295           302 
 296           302 
 297           302 
 298           302 
 299           302 
 300           302 
 301           302 
