 1             2 
 1             3 
 1             4 
 1             5 
 1             6 
 1             7 
 1             8 
 1             9 
 1             10 
 1             11 
 1             12 
 1             13 
 1             14 
 1             15 
 1             16 
 1             18 
 1             19 
 1             20 
 1             21 
 1             24 
 1             26 
 1             31 
 2             17 
 2             29 
 2             32 
 2             35 
 2             39 
 2             54 
 3             47 
 3             48 
 3             52 
 3             55 
 3             56 
 3             58 
 3             61 
 3             62 
 3             63 
 3             64 
 3             65 
 3             66 
 3             67 
 3             69 
 3             71 
 3             72 
 3             74 
 3             82 
 4             25 
 4             33 
 4             35 
 4             36 
 4             38 
 4             40 
 4             44 
 4             46 
 4             51 
 4             56 
 4             57 
 4             64 
 4             70 
 5             22 
 5             25 
 5             28 
 5             32 
 5             35 
 5             37 
 5             39 
 5             40 
 5             46 
 6             28 
 6             33 
 6             35 
 6             38 
 6             46 
 6             48 
 6             50 
 6             52 
 6             54 
 6             63 
 6             64 
 6             70 
 7             17 
 7             23 
 7             35 
 7             39 
 7             44 
 8             29 
 8             34 
 8             35 
 8             36 
 8             38 
 8             39 
 8             41 
 8             46 
 8             49 
 8             54 
 8             56 
 8             63 
 8             64 
 8             70 
 9             36 
 9             39 
 9             40 
 9             48 
 9             49 
 9             50 
 9             51 
 9             52 
 9             53 
 9             54 
 9             55 
 9             57 
 9             60 
 9             64 
 9             65 
 9             69 
 10            33 
 10            37 
 10            41 
 10            47 
 10            48 
 10            50 
 10            51 
 10            52 
 10            54 
 10            55 
 10            56 
 10            57 
 10            59 
 10            63 
 10            64 
 11            25 
 11            33 
 11            37 
 11            40 
 11            42 
 11            46 
 11            47 
 11            51 
 11            53 
 11            55 
 11            56 
 11            57 
 11            60 
 11            64 
 12            22 
 12            30 
 12            35 
 12            44 
 12            54 
 12            56 
 12            57 
 12            59 
 13            23 
 13            27 
 13            30 
 13            36 
 13            39 
 13            40 
 13            43 
 13            45 
 13            50 
 13            52 
 13            54 
 13            57 
 13            60 
 13            65 
 13            70 
 14            36 
 14            43 
 14            45 
 14            48 
 14            52 
 14            53 
 14            55 
 14            56 
 14            57 
 14            60 
 14            62 
 14            65 
 14            67 
 14            71 
 14            74 
 15            34 
 15            37 
 15            46 
 15            48 
 15            50 
 15            51 
 15            52 
 15            53 
 15            54 
 15            56 
 15            58 
 15            65 
 15            72 
 15            79 
 16            33 
 16            37 
 16            38 
 16            42 
 16            44 
 16            51 
 16            52 
 16            54 
 16            56 
 16            59 
 16            63 
 16            64 
 17            22 
 17            37 
 17            40 
 17            42 
 17            45 
 17            46 
 17            56 
 17            57 
 17            59 
 18            38 
 18            41 
 18            51 
 18            55 
 18            57 
 18            62 
 18            64 
 18            66 
 18            69 
 18            70 
 18            74 
 19            40 
 19            44 
 19            47 
 19            52 
 19            57 
 19            61 
 19            62 
 19            64 
 19            65 
 19            67 
 19            69 
 19            74 
 19            77 
 20            45 
 20            49 
 20            66 
 20            69 
 20            71 
 20            72 
 20            73 
 20            74 
 20            75 
 20            76 
 20            77 
 20            83 
 20            86 
 20            88 
 20            94 
 20            102 
 20            104 
 21            53 
 21            56 
 21            57 
 21            58 
 21            59 
 21            60 
 21            61 
 21            62 
 21            63 
 21            64 
 21            65 
 21            67 
 21            69 
 21            71 
 21            72 
 21            74 
 21            77 
 21            79 
 21            82 
 21            99 
 22            33 
 22            38 
 22            48 
 22            50 
 22            51 
 22            52 
 22            55 
 22            63 
 22            64 
 22            70 
 23            61 
 23            62 
 23            66 
 23            67 
 23            77 
 23            82 
 23            86 
 23            90 
 23            97 
 23            99 
 23            102 
 24            40 
 24            52 
 24            58 
 24            64 
 24            69 
 24            72 
 24            73 
 24            74 
 24            76 
 24            96 
 25            48 
 25            50 
 25            52 
 25            54 
 25            58 
 25            59 
 25            65 
 25            67 
 25            72 
 25            73 
 25            79 
 25            82 
 26            43 
 26            56 
 26            58 
 26            62 
 26            68 
 26            72 
 26            73 
 26            74 
 26            82 
 26            84 
 26            89 
 26            96 
 27            59 
 27            64 
 27            66 
 27            69 
 27            71 
 27            73 
 27            74 
 27            75 
 27            81 
 27            83 
 27            87 
 27            88 
 27            89 
 27            91 
 27            94 
 27            97 
 27            98 
 27            99 
 27            102 
 28            55 
 28            56 
 28            57 
 28            59 
 28            61 
 28            66 
 28            67 
 28            68 
 28            79 
 28            82 
 28            99 
 29            60 
 29            66 
 29            69 
 29            73 
 29            74 
 29            75 
 29            77 
 29            81 
 29            82 
 29            83 
 29            91 
 29            96 
 29            98 
 29            99 
 29            102 
 30            47 
 30            66 
 30            71 
 30            73 
 30            75 
 30            76 
 30            77 
 30            78 
 30            87 
 30            88 
 30            89 
 30            91 
 30            96 
 30            97 
 30            99 
 31            55 
 31            56 
 31            63 
 31            64 
 31            66 
 31            68 
 31            78 
 31            79 
 31            82 
 31            83 
 31            86 
 31            96 
 31            98 
 31            99 
 31            101 
 31            102 
 32            59 
 32            66 
 32            69 
 32            74 
 32            75 
 32            76 
 32            79 
 32            82 
 32            87 
 32            88 
 32            89 
 32            91 
 32            94 
 32            97 
 32            98 
 32            99 
 33            49 
 33            58 
 33            62 
 33            65 
 33            66 
 33            67 
 33            68 
 33            69 
 33            72 
 33            73 
 33            75 
 33            76 
 33            77 
 33            83 
 33            86 
 33            88 
 33            89 
 33            98 
 33            99 
 34            60 
 34            62 
 34            76 
 34            77 
 34            78 
 34            80 
 34            82 
 34            84 
 34            85 
 34            86 
 34            96 
 34            97 
 34            98 
 34            99 
 34            107 
 35            45 
 35            60 
 35            61 
 35            66 
 35            67 
 35            68 
 35            75 
 35            77 
 35            79 
 35            101 
 35            102 
 36            58 
 36            66 
 36            68 
 36            72 
 36            73 
 36            76 
 36            79 
 36            82 
 36            86 
 36            87 
 36            88 
 36            89 
 36            96 
 36            98 
 36            99 
 36            104 
 37            61 
 37            66 
 37            67 
 37            68 
 37            69 
 37            70 
 37            71 
 37            77 
 37            81 
 37            87 
 37            88 
 37            94 
 37            102 
 38            47 
 38            53 
 38            58 
 38            60 
 38            61 
 38            72 
 38            77 
 38            82 
 38            96 
 38            97 
 38            99 
 39            62 
 39            67 
 39            80 
 39            84 
 39            86 
 39            87 
 39            99 
 39            100 
 39            103 
 39            105 
 39            111 
 39            115 
 40            63 
 40            79 
 40            80 
 40            82 
 40            83 
 40            84 
 40            85 
 40            86 
 40            87 
 40            88 
 40            90 
 40            91 
 40            97 
 40            98 
 40            99 
 40            100 
 40            102 
 40            103 
 40            104 
 40            105 
 41            65 
 41            67 
 41            71 
 41            76 
 41            77 
 41            78 
 41            80 
 41            82 
 41            84 
 41            85 
 41            88 
 41            89 
 41            90 
 41            97 
 41            99 
 41            102 
 41            107 
 41            112 
 42            72 
 42            74 
 42            77 
 42            78 
 42            79 
 42            80 
 42            81 
 42            84 
 42            88 
 42            91 
 42            93 
 42            94 
 42            96 
 42            98 
 42            99 
 42            101 
 42            104 
 42            111 
 43            64 
 43            69 
 43            81 
 43            83 
 43            91 
 43            93 
 43            94 
 43            97 
 43            98 
 43            99 
 43            100 
 43            104 
 43            112 
 44            53 
 44            66 
 44            71 
 44            72 
 44            80 
 44            81 
 44            83 
 44            87 
 44            90 
 44            94 
 44            97 
 44            101 
 44            107 
 45            78 
 45            81 
 45            82 
 45            84 
 45            87 
 45            89 
 45            90 
 45            91 
 45            97 
 45            98 
 45            99 
 45            103 
 45            111 
 46            66 
 46            67 
 46            69 
 46            73 
 46            78 
 46            82 
 46            87 
 46            88 
 46            89 
 46            94 
 46            98 
 46            99 
 46            103 
 47            79 
 47            84 
 47            85 
 47            86 
 47            90 
 47            95 
 47            101 
 47            102 
 47            103 
 47            104 
 47            105 
 47            109 
 47            111 
 48            75 
 48            76 
 48            77 
 48            80 
 48            84 
 48            85 
 48            86 
 48            89 
 48            97 
 48            98 
 48            99 
 48            101 
 48            103 
 48            104 
 48            107 
 49            90 
 49            91 
 49            92 
 49            93 
 49            95 
 49            100 
 49            107 
 49            109 
 49            110 
 49            111 
 49            112 
 49            113 
 49            114 
 49            115 
 49            120 
 49            122 
 49            128 
 50            74 
 50            83 
 50            84 
 50            86 
 50            87 
 50            88 
 50            89 
 50            92 
 50            93 
 50            97 
 50            98 
 50            99 
 50            100 
 50            101 
 50            104 
 50            107 
 50            110 
 50            115 
 50            120 
 51            78 
 51            81 
 51            82 
 51            84 
 51            87 
 51            89 
 51            91 
 51            96 
 51            97 
 51            98 
 51            99 
 51            101 
 51            103 
 51            107 
 51            111 
 52            68 
 52            89 
 52            91 
 52            93 
 52            94 
 52            103 
 52            106 
 52            113 
 52            116 
 52            122 
 53            75 
 53            76 
 53            88 
 53            91 
 53            92 
 53            98 
 53            100 
 53            102 
 53            103 
 53            104 
 53            105 
 53            106 
 53            112 
 53            113 
 53            120 
 54            76 
 54            78 
 54            95 
 54            98 
 54            103 
 54            105 
 54            106 
 54            112 
 54            114 
 54            115 
 54            117 
 54            123 
 54            129 
 54            133 
 55            76 
 55            77 
 55            80 
 55            81 
 55            87 
 55            91 
 55            103 
 55            107 
 55            110 
 55            112 
 56            85 
 56            88 
 56            93 
 56            94 
 56            97 
 56            100 
 56            104 
 56            105 
 56            106 
 56            107 
 57            85 
 57            91 
 57            102 
 57            105 
 57            106 
 57            110 
 57            111 
 57            119 
 57            124 
 58            78 
 58            81 
 58            91 
 58            93 
 58            101 
 58            102 
 58            103 
 58            107 
 58            111 
 58            119 
 59            78 
 59            80 
 59            84 
 59            86 
 59            90 
 59            93 
 59            96 
 59            101 
 59            103 
 59            104 
 59            109 
 59            110 
 59            111 
 59            114 
 59            115 
 59            120 
 59            122 
 60            87 
 60            88 
 60            89 
 60            92 
 60            94 
 60            95 
 60            103 
 60            104 
 60            105 
 60            106 
 60            108 
 60            109 
 60            110 
 60            112 
 60            113 
 60            115 
 60            117 
 60            120 
 60            122 
 60            123 
 61            73 
 61            78 
 61            83 
 61            89 
 61            91 
 61            92 
 61            98 
 61            103 
 61            104 
 61            105 
 61            109 
 62            91 
 62            93 
 62            94 
 62            95 
 62            101 
 62            108 
 62            109 
 62            113 
 62            114 
 62            117 
 62            119 
 62            122 
 62            123 
 62            124 
 62            128 
 63            89 
 63            94 
 63            95 
 63            106 
 63            109 
 63            111 
 63            113 
 63            117 
 63            128 
 63            130 
 63            132 
 63            133 
 64            80 
 64            90 
 64            105 
 64            107 
 64            108 
 64            110 
 64            113 
 64            115 
 64            120 
 64            124 
 64            134 
 65            93 
 65            94 
 65            101 
 65            103 
 65            105 
 65            108 
 65            109 
 65            111 
 65            113 
 65            114 
 65            115 
 65            117 
 65            119 
 65            120 
 65            121 
 65            122 
 65            124 
 65            129 
 66            84 
 66            92 
 66            95 
 66            108 
 66            109 
 66            110 
 66            113 
 66            114 
 66            117 
 66            119 
 66            120 
 66            123 
 67            92 
 67            96 
 67            104 
 67            106 
 67            110 
 67            113 
 67            120 
 67            121 
 67            122 
 67            128 
 67            130 
 68            95 
 68            97 
 68            107 
 68            108 
 68            109 
 68            114 
 68            115 
 68            119 
 68            120 
 68            123 
 68            128 
 68            129 
 68            132 
 68            133 
 68            144 
 69            90 
 69            92 
 69            101 
 69            109 
 69            111 
 69            113 
 69            114 
 69            117 
 69            118 
 69            121 
 69            130 
 70            90 
 70            92 
 70            93 
 70            103 
 70            105 
 70            106 
 70            108 
 70            109 
 70            110 
 70            111 
 70            112 
 70            113 
 70            114 
 70            115 
 70            117 
 70            121 
 70            124 
 71            105 
 71            116 
 71            118 
 71            121 
 71            122 
 71            125 
 71            126 
 71            127 
 71            129 
 71            130 
 71            132 
 71            133 
 71            135 
 71            138 
 71            139 
 71            140 
 71            141 
 71            147 
 72            92 
 72            103 
 72            105 
 72            106 
 72            108 
 72            113 
 72            115 
 72            120 
 72            121 
 72            122 
 72            123 
 72            124 
 72            134 
 73            80 
 73            93 
 73            106 
 73            107 
 73            110 
 73            113 
 73            114 
 73            115 
 73            122 
 73            123 
 73            124 
 73            128 
 74            103 
 74            105 
 74            108 
 74            109 
 74            112 
 74            113 
 74            114 
 74            116 
 74            118 
 74            119 
 74            121 
 74            123 
 74            124 
 74            129 
 74            132 
 74            133 
 74            141 
 75            108 
 75            109 
 75            110 
 75            114 
 75            115 
 75            116 
 75            117 
 75            119 
 75            123 
 75            124 
 75            126 
 75            127 
 75            129 
 75            132 
 76            93 
 76            108 
 76            109 
 76            111 
 76            116 
 76            119 
 76            121 
 76            122 
 76            127 
 76            132 
 77            100 
 77            105 
 77            118 
 77            122 
 77            126 
 77            127 
 77            129 
 77            132 
 77            135 
 77            138 
 77            142 
 78            100 
 78            113 
 78            118 
 78            126 
 78            127 
 78            128 
 78            130 
 78            132 
 78            134 
 78            138 
 79            107 
 79            110 
 79            126 
 79            135 
 79            141 
 79            142 
 79            143 
 79            144 
 79            156 
 79            165 
 80            116 
 80            117 
 80            118 
 80            119 
 80            121 
 80            125 
 80            126 
 80            127 
 80            129 
 80            131 
 80            132 
 80            133 
 80            135 
 80            138 
 80            139 
 80            140 
 80            141 
 80            143 
 80            144 
 81            85 
 81            105 
 81            106 
 81            109 
 81            117 
 82            93 
 82            95 
 82            109 
 82            115 
 82            119 
 82            120 
 82            123 
 82            124 
 82            127 
 82            128 
 82            129 
 82            132 
 82            133 
 83            106 
 83            111 
 83            117 
 83            122 
 83            125 
 83            128 
 83            133 
 83            135 
 83            139 
 83            146 
 84            106 
 84            118 
 84            124 
 84            126 
 84            130 
 84            131 
 84            133 
 84            134 
 84            135 
 84            136 
 84            143 
 84            147 
 85            92 
 85            108 
 85            113 
 85            114 
 85            115 
 85            120 
 85            121 
 85            122 
 85            123 
 85            126 
 85            128 
 86            112 
 86            128 
 86            129 
 86            131 
 86            132 
 86            133 
 86            134 
 86            140 
 86            142 
 86            143 
 86            147 
 86            149 
 86            151 
 86            157 
 87            129 
 87            137 
 87            138 
 87            141 
 87            143 
 87            146 
 87            148 
 87            149 
 87            151 
 87            152 
 87            153 
 87            158 
 87            160 
 87            161 
 87            164 
 87            167 
 88            114 
 88            119 
 88            126 
 88            128 
 88            129 
 88            132 
 88            135 
 88            139 
 88            140 
 88            144 
 88            146 
 88            148 
 88            151 
 89            118 
 89            119 
 89            121 
 89            124 
 89            126 
 89            131 
 89            136 
 89            138 
 89            139 
 89            140 
 89            143 
 89            144 
 89            147 
 89            148 
 89            150 
 89            165 
 90            119 
 90            123 
 90            126 
 90            133 
 90            136 
 90            141 
 90            142 
 90            143 
 90            144 
 90            146 
 90            151 
 90            165 
 91            118 
 91            125 
 91            127 
 91            130 
 91            132 
 91            133 
 91            134 
 91            135 
 91            137 
 91            143 
 91            147 
 91            164 
 92            116 
 92            125 
 92            127 
 92            129 
 92            131 
 92            132 
 92            133 
 92            135 
 92            138 
 92            139 
 92            140 
 92            141 
 92            143 
 92            144 
 92            146 
 92            147 
 92            149 
 92            157 
 93            130 
 93            131 
 93            134 
 93            135 
 93            136 
 93            137 
 93            138 
 93            139 
 93            141 
 93            142 
 93            143 
 93            144 
 93            145 
 93            146 
 93            147 
 93            148 
 93            149 
 93            151 
 93            156 
 93            157 
 93            167 
 94            118 
 94            125 
 94            134 
 94            135 
 94            138 
 94            140 
 94            143 
 94            145 
 94            147 
 94            148 
 94            151 
 94            152 
 94            159 
 94            164 
 95            121 
 95            125 
 95            126 
 95            135 
 95            141 
 95            147 
 95            148 
 96            117 
 96            131 
 96            132 
 96            134 
 96            138 
 96            139 
 96            140 
 96            142 
 96            143 
 96            146 
 96            148 
 96            154 
 96            156 
 96            167 
 97            126 
 97            136 
 97            147 
 97            152 
 97            156 
 97            159 
 97            160 
 97            164 
 97            168 
 98            128 
 98            134 
 98            142 
 98            143 
 98            144 
 98            145 
 98            146 
 98            147 
 98            149 
 98            151 
 98            153 
 98            158 
 98            159 
 98            162 
 98            165 
 98            167 
 99            118 
 99            126 
 99            127 
 99            129 
 99            132 
 99            134 
 99            136 
 99            164 
 100           124 
 100           131 
 100           136 
 100           137 
 100           140 
 100           141 
 100           143 
 100           146 
 100           147 
 100           148 
 100           149 
 100           157 
 100           160 
 100           161 
 100           165 
 101           126 
 101           132 
 101           133 
 101           134 
 101           135 
 101           136 
 101           140 
 101           142 
 101           147 
 101           156 
 101           165 
 102           117 
 102           125 
 102           127 
 102           128 
 102           131 
 102           132 
 102           135 
 102           138 
 102           139 
 102           144 
 102           146 
 102           148 
 102           149 
 103           126 
 103           127 
 103           130 
 103           136 
 103           139 
 103           144 
 103           146 
 103           147 
 103           148 
 103           150 
 103           156 
 103           160 
 103           168 
 104           118 
 104           124 
 104           126 
 104           144 
 104           150 
 104           152 
 104           159 
 104           165 
 105           128 
 105           131 
 105           143 
 105           144 
 105           145 
 105           149 
 105           150 
 105           151 
 105           159 
 105           161 
 105           162 
 105           165 
 105           167 
 106           127 
 106           138 
 106           140 
 106           141 
 106           142 
 106           144 
 106           145 
 106           149 
 106           156 
 106           157 
 106           158 
 106           160 
 106           163 
 106           164 
 107           117 
 107           131 
 107           138 
 107           139 
 107           140 
 107           145 
 107           146 
 107           149 
 107           154 
 107           167 
 108           130 
 108           131 
 108           135 
 108           137 
 108           143 
 108           145 
 108           150 
 108           151 
 108           155 
 108           159 
 108           160 
 108           161 
 108           164 
 108           171 
 109           136 
 109           139 
 109           140 
 109           150 
 109           152 
 109           156 
 109           157 
 109           158 
 109           161 
 109           168 
 110           137 
 110           139 
 110           147 
 110           149 
 110           153 
 110           154 
 110           155 
 110           158 
 110           160 
 110           167 
 110           168 
 110           172 
 110           173 
 111           134 
 111           143 
 111           148 
 111           151 
 111           154 
 111           158 
 111           159 
 111           165 
 111           167 
 111           172 
 112           144 
 112           146 
 112           150 
 112           154 
 112           158 
 112           159 
 112           164 
 112           168 
 112           170 
 112           171 
 112           172 
 112           173 
 113           125 
 113           131 
 113           135 
 113           144 
 113           147 
 113           148 
 113           149 
 113           159 
 113           161 
 113           162 
 113           164 
 114           134 
 114           138 
 114           142 
 114           143 
 114           147 
 114           153 
 114           154 
 114           155 
 114           156 
 114           159 
 114           170 
 114           172 
 115           118 
 115           137 
 115           140 
 115           150 
 115           151 
 115           152 
 115           154 
 115           164 
 115           165 
 116           145 
 116           148 
 116           152 
 116           153 
 116           154 
 116           155 
 116           160 
 116           163 
 116           165 
 116           168 
 116           170 
 116           171 
 116           173 
 117           137 
 117           147 
 117           151 
 117           153 
 117           157 
 117           160 
 117           161 
 117           164 
 117           168 
 117           171 
 117           172 
 117           175 
 118           146 
 118           149 
 118           153 
 118           156 
 118           157 
 118           158 
 118           160 
 118           161 
 118           167 
 118           168 
 118           169 
 118           170 
 118           173 
 118           175 
 118           177 
 119           160 
 119           163 
 119           169 
 119           173 
 119           174 
 119           175 
 119           178 
 119           180 
 119           185 
 119           186 
 119           188 
 119           192 
 120           141 
 120           152 
 120           153 
 120           162 
 120           165 
 120           170 
 120           174 
 120           177 
 121           146 
 121           151 
 121           152 
 121           155 
 121           156 
 121           158 
 121           159 
 121           162 
 121           164 
 121           167 
 121           168 
 121           175 
 121           177 
 121           184 
 122           150 
 122           154 
 122           155 
 122           162 
 122           163 
 122           166 
 122           169 
 122           173 
 122           180 
 122           182 
 122           183 
 122           186 
 122           190 
 122           193 
 123           145 
 123           152 
 123           155 
 123           159 
 123           160 
 123           161 
 123           163 
 123           164 
 123           166 
 123           168 
 123           171 
 123           173 
 123           174 
 123           175 
 123           176 
 124           145 
 124           153 
 124           155 
 124           162 
 124           164 
 124           166 
 124           167 
 124           170 
 124           171 
 124           173 
 124           174 
 124           179 
 124           180 
 124           183 
 124           186 
 124           190 
 124           193 
 125           136 
 125           142 
 125           150 
 125           153 
 125           156 
 125           160 
 125           163 
 125           165 
 125           166 
 125           168 
 125           170 
 126           137 
 126           145 
 126           149 
 126           153 
 126           154 
 126           155 
 126           157 
 126           158 
 126           161 
 126           167 
 127           151 
 127           152 
 127           155 
 127           159 
 127           161 
 127           166 
 127           167 
 127           171 
 127           175 
 127           176 
 128           152 
 128           154 
 128           155 
 128           156 
 128           160 
 128           164 
 128           170 
 128           171 
 128           174 
 128           176 
 128           177 
 128           178 
 128           184 
 129           154 
 129           159 
 129           165 
 129           168 
 129           181 
 129           183 
 129           186 
 129           189 
 129           208 
 130           154 
 130           165 
 130           176 
 130           178 
 130           181 
 130           183 
 130           186 
 130           189 
 130           207 
 130           208 
 131           152 
 131           153 
 131           158 
 131           175 
 131           181 
 131           184 
 131           189 
 132           145 
 132           152 
 132           155 
 132           158 
 132           161 
 132           162 
 132           166 
 132           173 
 132           176 
 132           182 
 133           158 
 133           166 
 133           167 
 133           170 
 133           173 
 133           176 
 133           177 
 133           178 
 133           179 
 133           180 
 133           182 
 133           184 
 133           190 
 133           195 
 133           204 
 134           150 
 134           160 
 134           161 
 134           166 
 134           168 
 134           169 
 134           171 
 134           173 
 134           174 
 134           175 
 134           177 
 134           179 
 134           182 
 135           166 
 135           174 
 135           175 
 135           179 
 135           185 
 135           186 
 135           189 
 135           191 
 135           195 
 136           154 
 136           155 
 136           173 
 136           174 
 136           179 
 136           182 
 136           183 
 136           184 
 136           190 
 136           192 
 137           162 
 137           163 
 137           166 
 137           169 
 137           170 
 137           174 
 137           177 
 137           182 
 137           184 
 137           185 
 137           189 
 137           193 
 137           194 
 137           204 
 138           162 
 138           173 
 138           176 
 138           181 
 138           187 
 138           188 
 138           191 
 138           192 
 138           194 
 138           196 
 138           198 
 138           199 
 138           202 
 138           203 
 138           207 
 139           159 
 139           163 
 139           164 
 139           176 
 139           180 
 139           181 
 139           183 
 139           188 
 139           189 
 139           192 
 139           193 
 139           203 
 140           153 
 140           155 
 140           162 
 140           166 
 140           170 
 140           171 
 140           172 
 140           174 
 140           175 
 140           177 
 140           179 
 140           183 
 140           184 
 140           185 
 140           193 
 141           150 
 141           154 
 141           159 
 141           168 
 141           172 
 141           179 
 141           180 
 141           181 
 141           183 
 141           186 
 141           193 
 142           173 
 142           175 
 142           177 
 142           181 
 142           182 
 142           183 
 142           184 
 142           186 
 142           188 
 142           190 
 142           191 
 142           200 
 142           202 
 142           203 
 142           204 
 143           163 
 143           168 
 143           173 
 143           181 
 143           182 
 143           183 
 143           184 
 143           189 
 143           197 
 143           199 
 143           203 
 143           204 
 144           169 
 144           176 
 144           177 
 144           179 
 144           181 
 144           183 
 144           185 
 144           186 
 144           187 
 144           189 
 144           190 
 144           193 
 144           195 
 144           196 
 144           197 
 144           200 
 144           204 
 144           207 
 144           208 
 145           177 
 145           178 
 145           184 
 145           187 
 145           188 
 145           196 
 145           197 
 145           198 
 145           200 
 145           203 
 145           204 
 145           205 
 145           206 
 145           207 
 145           213 
 146           163 
 146           186 
 146           188 
 146           194 
 146           197 
 146           201 
 146           202 
 146           204 
 146           206 
 146           211 
 147           177 
 147           178 
 147           180 
 147           183 
 147           184 
 147           186 
 147           189 
 147           191 
 147           194 
 147           195 
 147           197 
 147           201 
 147           203 
 147           208 
 148           166 
 148           174 
 148           176 
 148           179 
 148           180 
 148           182 
 148           184 
 148           185 
 148           186 
 148           191 
 148           194 
 148           195 
 148           204 
 149           166 
 149           171 
 149           174 
 149           180 
 149           182 
 149           183 
 149           185 
 149           186 
 149           187 
 149           189 
 149           194 
 150           176 
 150           178 
 150           184 
 150           185 
 150           187 
 150           188 
 150           189 
 150           192 
 150           195 
 150           197 
 150           198 
 150           200 
 150           201 
 150           203 
 150           204 
 150           205 
 150           206 
 150           207 
 150           208 
 151           173 
 151           174 
 151           179 
 151           182 
 151           186 
 151           191 
 151           195 
 151           196 
 151           197 
 151           199 
 151           202 
 151           203 
 151           204 
 152           169 
 152           172 
 152           180 
 152           183 
 152           185 
 152           186 
 152           187 
 152           188 
 152           190 
 152           193 
 152           194 
 152           195 
 152           199 
 152           204 
 152           208 
 152           211 
 152           212 
 152           213 
 153           176 
 153           182 
 153           187 
 153           195 
 153           196 
 153           197 
 153           198 
 153           204 
 153           208 
 153           210 
 153           213 
 153           222 
 153           224 
 154           175 
 154           185 
 154           188 
 154           191 
 154           200 
 154           203 
 154           204 
 154           205 
 154           212 
 154           216 
 154           225 
 155           189 
 155           195 
 155           196 
 155           197 
 155           199 
 155           200 
 155           202 
 155           207 
 155           210 
 155           212 
 155           214 
 155           216 
 155           220 
 155           225 
 156           179 
 156           180 
 156           181 
 156           183 
 156           185 
 156           191 
 156           202 
 156           205 
 156           208 
 156           215 
 157           181 
 157           185 
 157           189 
 157           190 
 157           195 
 157           197 
 157           204 
 157           205 
 157           208 
 157           216 
 157           218 
 157           225 
 158           183 
 158           186 
 158           188 
 158           199 
 158           200 
 158           201 
 158           206 
 158           207 
 158           212 
 158           215 
 158           216 
 158           219 
 158           221 
 158           232 
 159           178 
 159           182 
 159           190 
 159           191 
 159           197 
 159           210 
 159           212 
 159           213 
 160           183 
 160           187 
 160           193 
 160           195 
 160           196 
 160           198 
 160           200 
 160           203 
 160           204 
 160           205 
 160           209 
 160           210 
 160           215 
 160           216 
 161           178 
 161           184 
 161           188 
 161           195 
 161           197 
 161           198 
 161           203 
 161           205 
 161           207 
 161           212 
 161           234 
 161           244 
 162           200 
 162           201 
 162           209 
 162           213 
 162           215 
 162           217 
 162           218 
 162           219 
 162           220 
 162           221 
 162           222 
 162           225 
 162           226 
 162           228 
 162           229 
 162           230 
 162           235 
 162           238 
 162           241 
 162           243 
 163           179 
 163           187 
 163           191 
 163           195 
 163           196 
 163           200 
 163           208 
 163           209 
 163           213 
 163           215 
 163           223 
 163           225 
 163           226 
 163           235 
 164           182 
 164           185 
 164           194 
 164           198 
 164           199 
 164           202 
 164           205 
 164           206 
 164           209 
 164           211 
 164           214 
 164           224 
 164           227 
 165           179 
 165           190 
 165           195 
 165           196 
 165           198 
 165           199 
 165           200 
 165           202 
 165           203 
 165           205 
 165           209 
 165           210 
 165           213 
 165           215 
 165           223 
 165           225 
 165           234 
 166           181 
 166           188 
 166           192 
 166           196 
 166           198 
 166           199 
 166           202 
 166           203 
 166           205 
 166           207 
 166           208 
 166           209 
 166           210 
 166           215 
 166           225 
 167           185 
 167           191 
 167           192 
 167           194 
 167           197 
 167           199 
 167           205 
 167           208 
 167           211 
 167           212 
 167           218 
 167           219 
 167           229 
 168           188 
 168           190 
 168           191 
 168           192 
 168           195 
 168           198 
 168           202 
 168           205 
 168           209 
 168           213 
 168           215 
 168           222 
 168           223 
 168           234 
 168           236 
 169           191 
 169           198 
 169           201 
 169           202 
 169           203 
 169           205 
 169           215 
 169           216 
 169           222 
 169           223 
 169           224 
 169           225 
 169           231 
 169           232 
 169           240 
 169           241 
 170           188 
 170           197 
 170           205 
 170           207 
 170           212 
 170           214 
 170           216 
 170           219 
 170           234 
 170           244 
 171           191 
 171           197 
 171           207 
 171           217 
 171           219 
 171           222 
 171           229 
 171           239 
 171           244 
 172           191 
 172           192 
 172           196 
 172           201 
 172           210 
 172           215 
 172           217 
 172           219 
 172           220 
 172           222 
 172           234 
 173           208 
 173           210 
 173           212 
 173           214 
 173           215 
 173           218 
 173           224 
 173           227 
 173           236 
 173           243 
 173           256 
 174           181 
 174           200 
 174           205 
 174           208 
 174           209 
 174           212 
 174           216 
 174           219 
 174           221 
 174           222 
 174           223 
 174           225 
 174           229 
 174           243 
 175           187 
 175           194 
 175           196 
 175           197 
 175           198 
 175           201 
 175           210 
 175           224 
 175           227 
 175           236 
 175           241 
 175           243 
 176           209 
 176           212 
 176           214 
 176           215 
 176           216 
 176           218 
 176           219 
 176           220 
 176           221 
 176           223 
 176           226 
 176           228 
 176           229 
 176           230 
 176           236 
 176           240 
 176           243 
 176           256 
 177           221 
 177           222 
 177           223 
 177           225 
 177           228 
 177           233 
 177           236 
 177           239 
 177           240 
 177           243 
 177           244 
 177           245 
 177           247 
 177           249 
 177           255 
 177           257 
 177           261 
 178           199 
 178           202 
 178           209 
 178           211 
 178           216 
 178           219 
 178           220 
 178           221 
 178           223 
 178           224 
 178           225 
 178           226 
 178           227 
 178           231 
 178           238 
 178           239 
 178           243 
 178           250 
 179           212 
 179           214 
 179           216 
 179           219 
 179           222 
 179           224 
 179           228 
 179           229 
 179           230 
 179           236 
 179           240 
 179           243 
 179           256 
 180           196 
 180           200 
 180           206 
 180           207 
 180           209 
 180           216 
 180           219 
 180           220 
 180           221 
 180           227 
 180           230 
 180           231 
 180           233 
 180           235 
 180           245 
 181           201 
 181           206 
 181           211 
 181           213 
 181           224 
 181           226 
 181           228 
 181           231 
 181           232 
 181           234 
 181           235 
 181           236 
 181           248 
 182           207 
 182           220 
 182           221 
 182           223 
 182           225 
 182           229 
 182           233 
 182           234 
 182           239 
 182           240 
 182           243 
 183           214 
 183           218 
 183           220 
 183           222 
 183           223 
 183           224 
 183           225 
 183           227 
 183           228 
 183           229 
 183           230 
 183           231 
 183           234 
 183           236 
 183           237 
 183           239 
 183           244 
 183           248 
 183           251 
 183           253 
 183           256 
 184           214 
 184           215 
 184           216 
 184           217 
 184           220 
 184           221 
 184           223 
 184           224 
 184           225 
 184           230 
 184           231 
 184           232 
 184           235 
 184           240 
 184           241 
 184           243 
 184           248 
 184           249 
 184           253 
 184           256 
 185           210 
 185           220 
 185           223 
 185           228 
 185           230 
 185           233 
 185           234 
 185           236 
 185           243 
 185           244 
 185           245 
 185           248 
 185           255 
 185           256 
 186           205 
 186           210 
 186           222 
 186           229 
 186           233 
 186           236 
 186           237 
 186           242 
 186           244 
 186           248 
 186           259 
 187           220 
 187           228 
 187           238 
 187           247 
 187           250 
 187           253 
 187           254 
 187           255 
 187           257 
 187           262 
 188           217 
 188           218 
 188           224 
 188           226 
 188           228 
 188           229 
 188           235 
 188           237 
 188           243 
 188           245 
 188           253 
 188           254 
 188           255 
 189           209 
 189           217 
 189           219 
 189           222 
 189           223 
 189           224 
 189           226 
 189           227 
 189           228 
 189           229 
 189           230 
 189           235 
 189           238 
 189           239 
 189           240 
 189           241 
 189           243 
 189           254 
 189           255 
 189           256 
 190           201 
 190           220 
 190           221 
 190           226 
 190           227 
 190           228 
 190           229 
 190           231 
 190           232 
 190           243 
 190           248 
 191           214 
 191           221 
 191           246 
 191           248 
 191           250 
 191           252 
 191           253 
 191           259 
 191           260 
 191           261 
 192           216 
 192           221 
 192           224 
 192           226 
 192           227 
 192           228 
 192           230 
 192           232 
 192           233 
 192           235 
 192           240 
 192           241 
 192           242 
 192           244 
 192           245 
 192           247 
 192           248 
 192           253 
 192           255 
 192           256 
 192           259 
 193           221 
 193           232 
 193           234 
 193           235 
 193           236 
 193           238 
 193           240 
 193           246 
 193           247 
 193           248 
 193           252 
 193           255 
 193           260 
 194           221 
 194           231 
 194           234 
 194           239 
 194           240 
 194           242 
 194           246 
 194           247 
 194           248 
 194           249 
 194           250 
 194           253 
 194           256 
 194           257 
 194           261 
 195           217 
 195           228 
 195           231 
 195           232 
 195           237 
 195           238 
 195           239 
 195           240 
 195           241 
 195           243 
 195           245 
 195           249 
 195           254 
 195           255 
 195           256 
 195           262 
 196           218 
 196           229 
 196           232 
 196           238 
 196           239 
 196           240 
 196           247 
 196           248 
 196           252 
 196           253 
 196           255 
 196           257 
 196           260 
 196           262 
 197           209 
 197           215 
 197           221 
 197           223 
 197           230 
 197           231 
 197           233 
 197           235 
 197           240 
 197           247 
 197           250 
 197           255 
 198           217 
 198           219 
 198           228 
 198           229 
 198           230 
 198           233 
 198           239 
 198           248 
 198           249 
 198           255 
 198           256 
 198           261 
 198           262 
 199           222 
 199           228 
 199           235 
 199           237 
 199           241 
 199           253 
 199           255 
 199           256 
 199           258 
 199           259 
 199           261 
 199           262 
 200           236 
 200           237 
 200           240 
 200           244 
 200           248 
 200           252 
 200           253 
 200           256 
 200           260 
 200           262 
 201           214 
 201           237 
 201           239 
 201           244 
 201           246 
 201           249 
 201           250 
 201           251 
 201           253 
 201           256 
 201           259 
 201           260 
 201           261 
 202           233 
 202           242 
 202           247 
 202           248 
 202           260 
 202           261 
 202           265 
 202           274 
 202           275 
 202           286 
 203           228 
 203           238 
 203           243 
 203           245 
 203           247 
 203           248 
 203           249 
 203           251 
 203           253 
 203           254 
 203           257 
 203           273 
 203           274 
 204           233 
 204           237 
 204           246 
 204           251 
 204           252 
 204           253 
 204           255 
 204           258 
 204           259 
 204           261 
 204           262 
 204           263 
 204           266 
 204           272 
 204           275 
 205           220 
 205           228 
 205           247 
 205           251 
 205           253 
 205           254 
 205           255 
 205           256 
 205           257 
 206           247 
 206           253 
 206           259 
 206           260 
 206           262 
 206           264 
 206           265 
 206           268 
 206           269 
 206           274 
 206           275 
 206           276 
 207           218 
 207           226 
 207           228 
 207           236 
 207           238 
 207           247 
 207           253 
 207           255 
 207           256 
 207           257 
 208           234 
 208           239 
 208           244 
 208           245 
 208           247 
 208           252 
 208           261 
 208           262 
 208           266 
 208           274 
 208           286 
 209           232 
 209           248 
 209           249 
 209           252 
 209           253 
 209           258 
 209           261 
 209           262 
 209           264 
 209           272 
 209           275 
 210           226 
 210           238 
 210           239 
 210           240 
 210           247 
 210           252 
 210           253 
 211           230 
 211           240 
 211           253 
 211           255 
 211           256 
 211           258 
 211           260 
 211           261 
 211           267 
 212           217 
 212           233 
 212           238 
 212           239 
 212           241 
 212           245 
 212           246 
 212           248 
 212           249 
 212           252 
 212           255 
 212           260 
 212           261 
 212           262 
 212           286 
 213           227 
 213           240 
 213           256 
 213           260 
 213           263 
 213           267 
 213           275 
 214           233 
 214           242 
 214           245 
 214           247 
 214           255 
 214           262 
 214           263 
 214           266 
 214           268 
 214           275 
 214           286 
 215           252 
 215           263 
 215           264 
 215           265 
 215           270 
 215           271 
 215           273 
 215           274 
 215           275 
 215           276 
 215           277 
 215           279 
 215           281 
 215           283 
 215           288 
 215           291 
 215           292 
 215           295 
 216           246 
 216           251 
 216           252 
 216           254 
 216           258 
 216           260 
 216           263 
 216           264 
 216           266 
 216           269 
 216           275 
 216           279 
 217           247 
 217           250 
 217           251 
 217           257 
 217           259 
 217           264 
 217           274 
 217           276 
 218           249 
 218           259 
 218           261 
 218           265 
 218           269 
 218           270 
 218           271 
 218           272 
 218           273 
 218           274 
 218           276 
 218           279 
 218           280 
 218           281 
 218           282 
 218           283 
 218           286 
 218           287 
 218           295 
 218           300 
 219           237 
 219           246 
 219           252 
 219           253 
 219           259 
 219           264 
 219           270 
 219           273 
 219           275 
 219           279 
 219           288 
 220           260 
 220           261 
 220           267 
 220           269 
 220           270 
 220           271 
 220           273 
 220           274 
 220           275 
 220           276 
 220           279 
 220           280 
 220           281 
 220           282 
 220           286 
 220           290 
 220           291 
 220           292 
 220           295 
 221           237 
 221           251 
 221           262 
 221           263 
 221           264 
 221           266 
 221           267 
 221           269 
 221           271 
 221           275 
 221           277 
 221           286 
 222           264 
 222           265 
 222           268 
 222           269 
 222           270 
 222           274 
 222           275 
 222           276 
 222           278 
 222           279 
 222           280 
 222           281 
 222           284 
 222           286 
 222           287 
 222           288 
 222           289 
 222           290 
 222           291 
 222           295 
 222           300 
 223           246 
 223           263 
 223           266 
 223           269 
 223           270 
 223           273 
 223           280 
 223           281 
 223           282 
 223           286 
 223           297 
 223           301 
 224           252 
 224           263 
 224           264 
 224           266 
 224           270 
 224           271 
 224           272 
 224           273 
 224           274 
 224           276 
 224           279 
 224           281 
 224           286 
 224           288 
 224           291 
 224           292 
 224           295 
 225           262 
 225           265 
 225           271 
 225           272 
 225           277 
 225           283 
 225           284 
 225           286 
 225           288 
 225           291 
 225           292 
 225           300 
 226           262 
 226           263 
 226           264 
 226           266 
 226           267 
 226           269 
 226           272 
 226           276 
 226           277 
 226           282 
 226           283 
 226           284 
 226           286 
 226           288 
 226           291 
 226           292 
 226           293 
 227           257 
 227           261 
 227           264 
 227           271 
 227           274 
 227           278 
 227           283 
 227           286 
 227           290 
 227           291 
 228           246 
 228           252 
 228           260 
 228           263 
 228           264 
 228           265 
 228           266 
 228           269 
 228           270 
 228           279 
 228           286 
 229           267 
 229           270 
 229           271 
 229           272 
 229           273 
 229           275 
 229           276 
 229           278 
 229           279 
 229           280 
 229           281 
 229           284 
 229           285 
 229           286 
 229           287 
 229           288 
 229           290 
 229           291 
 229           292 
 229           295 
 229           296 
 229           300 
 230           257 
 230           263 
 230           264 
 230           268 
 230           272 
 230           273 
 230           275 
 230           278 
 230           282 
 230           283 
 230           284 
 230           286 
 230           290 
 231           258 
 231           269 
 231           271 
 231           272 
 231           278 
 231           279 
 231           282 
 231           283 
 231           284 
 231           288 
 231           291 
 231           293 
 231           295 
 232           251 
 232           263 
 232           268 
 232           269 
 232           273 
 232           276 
 232           277 
 232           278 
 232           279 
 232           286 
 232           288 
 232           292 
 233           254 
 233           264 
 233           267 
 233           269 
 233           277 
 233           278 
 233           279 
 233           280 
 233           281 
 233           282 
 233           287 
 233           290 
 233           291 
 233           295 
 234           263 
 234           265 
 234           268 
 234           269 
 234           272 
 234           277 
 234           278 
 234           280 
 234           281 
 234           282 
 234           283 
 234           284 
 234           291 
 234           292 
 235           257 
 235           264 
 235           268 
 235           271 
 235           273 
 235           280 
 235           282 
 235           283 
 235           284 
 235           285 
 235           286 
 235           289 
 235           291 
 236           250 
 236           264 
 236           265 
 236           270 
 236           276 
 236           279 
 236           283 
 236           286 
 236           295 
 237           268 
 237           274 
 237           281 
 237           282 
 237           284 
 237           285 
 237           289 
 237           292 
 237           294 
 237           295 
 237           296 
 237           297 
 237           300 
 238           265 
 238           269 
 238           270 
 238           272 
 238           279 
 238           280 
 238           283 
 238           285 
 239           258 
 239           264 
 239           268 
 239           270 
 239           271 
 239           272 
 239           273 
 239           275 
 239           276 
 239           277 
 239           279 
 239           282 
 239           283 
 239           284 
 239           288 
 239           291 
 239           295 
 240           251 
 240           264 
 240           266 
 240           268 
 240           269 
 240           271 
 240           273 
 240           274 
 240           276 
 240           279 
 240           286 
 240           287 
 240           292 
 241           268 
 241           269 
 241           270 
 241           271 
 241           273 
 241           275 
 241           279 
 241           281 
 241           282 
 241           284 
 241           285 
 241           289 
 241           290 
 241           291 
 241           292 
 241           295 
 241           297 
 241           298 
 241           300 
 242           267 
 242           276 
 242           280 
 242           285 
 242           290 
 242           296 
 242           298 
 242           300 
 242           301 
 243           259 
 243           275 
 243           281 
 243           282 
 243           285 
 243           294 
 244           269 
 244           273 
 244           279 
 244           282 
 244           287 
 244           291 
 244           293 
 244           295 
 244           297 
 244           300 
 244           301 
 245           258 
 245           271 
 245           276 
 245           277 
 245           279 
 245           282 
 245           284 
 245           289 
 245           290 
 245           291 
 245           293 
 246           268 
 246           271 
 246           283 
 246           284 
 246           287 
 246           290 
 246           291 
 246           292 
 246           295 
 246           296 
 246           298 
 246           299 
 247           258 
 247           270 
 247           271 
 247           272 
 247           277 
 247           279 
 247           282 
 247           283 
 247           284 
 247           291 
 247           293 
 247           295 
 248           269 
 248           271 
 248           281 
 248           292 
 248           293 
 248           295 
 248           301 
 249           266 
 249           277 
 249           284 
 249           290 
 249           291 
 249           292 
 249           294 
 249           296 
 249           297 
 250           263 
 250           267 
 250           268 
 250           271 
 250           275 
 250           278 
 250           280 
 250           281 
 250           282 
 250           284 
 250           287 
 250           290 
 250           291 
 250           292 
 250           296 
 250           298 
 250           301 
 251           265 
 251           270 
 251           280 
 251           281 
 251           282 
 251           283 
 251           284 
 251           285 
 251           289 
 251           290 
 251           291 
 251           294 
 251           295 
 251           300 
 252           267 
 252           268 
 252           278 
 252           280 
 252           282 
 252           284 
 252           287 
 252           289 
 252           290 
 252           296 
 252           300 
 253           278 
 253           281 
 253           286 
 253           289 
 253           290 
 253           292 
 253           299 
 254           271 
 254           276 
 254           285 
 254           288 
 254           289 
 254           292 
 254           293 
 254           300 
 255           280 
 255           294 
 255           295 
 255           301 
 256           272 
 256           281 
 256           282 
 256           284 
 256           286 
 256           287 
 256           291 
 256           293 
 256           295 
 256           300 
 257           269 
 257           270 
 257           279 
 257           281 
 257           287 
 257           288 
 257           292 
 257           294 
 257           295 
 257           297 
 257           298 
 257           300 
 257           301 
 258           280 
 258           281 
 258           285 
 258           287 
 258           292 
 258           296 
 258           298 
 258           300 
 258           301 
 259           284 
 259           290 
 259           291 
 259           292 
 259           297 
 259           298 
 259           299 
 259           301 
 260           272 
 260           277 
 260           278 
 260           283 
 260           284 
 260           285 
 260           287 
 260           288 
 260           293 
 260           300 
 261           289 
 261           293 
 261           296 
 261           299 
 262           270 
 262           273 
 262           279 
 262           280 
 262           281 
 262           285 
 262           287 
 262           289 
 262           290 
 262           295 
 262           296 
 262           297 
 263           285 
 263           299 
 263           300 
 264           294 
 264           298 
 265           293 
 265           298 
 266           278 
 267           302 
 268           293 
 269           296 
 270           299 
 271           294 
 272           289 
 272           297 
 272           298 
 273           299 
 274           298 
 274           299 
 275           293 
 276           297 
 277           302 
 278           302 
 279           302 
 280           299 
 281           302 
 282           302 
 283           302 
 284           302 
 285           302 
 286           302 
 287           302 
 288           302 
 289           301 
 290           302 
 291           302 
 292           302 
 293           302 
 294           302 
 295           302 
 296           302 
 297           302 
 298           302 
 299           302 
 300           302 
 301           302 
