 1             2 
 1             3 
 1             4 
 1             5 
 1             6 
 1             7 
 1             8 
 1             9 
 1             10 
 1             11 
 1             12 
 1             13 
 1             14 
 1             15 
 1             16 
 1             17 
 1             18 
 1             19 
 1             20 
 1             21 
 1             24 
 1             26 
 1             33 
 2             22 
 2             27 
 2             30 
 2             34 
 2             42 
 2             44 
 2             46 
 2             53 
 2             54 
 2             57 
 2             59 
 3             22 
 3             31 
 3             34 
 3             39 
 3             40 
 3             46 
 3             48 
 3             53 
 3             54 
 3             57 
 3             67 
 3             75 
 4             28 
 4             32 
 4             36 
 4             39 
 4             40 
 4             43 
 4             45 
 4             46 
 4             49 
 4             52 
 4             54 
 4             55 
 4             57 
 4             68 
 5             27 
 5             34 
 5             35 
 5             36 
 5             40 
 5             43 
 5             47 
 5             50 
 5             52 
 5             54 
 5             60 
 6             25 
 6             28 
 6             34 
 6             45 
 6             46 
 6             48 
 6             51 
 6             52 
 6             53 
 6             55 
 6             60 
 6             61 
 7             23 
 7             27 
 7             29 
 7             35 
 7             36 
 7             38 
 7             40 
 7             41 
 7             43 
 7             46 
 7             50 
 7             52 
 7             54 
 8             32 
 8             44 
 8             47 
 8             48 
 8             49 
 8             54 
 8             58 
 8             59 
 8             61 
 8             67 
 9             27 
 9             30 
 9             37 
 9             38 
 9             43 
 9             45 
 9             46 
 9             49 
 9             50 
 9             52 
 9             53 
 9             54 
 9             58 
 9             60 
 9             68 
 9             71 
 10            34 
 10            38 
 10            44 
 10            48 
 10            50 
 10            53 
 10            54 
 10            55 
 10            56 
 10            67 
 10            68 
 10            75 
 11            28 
 11            34 
 11            35 
 11            38 
 11            43 
 11            46 
 11            48 
 11            52 
 11            60 
 11            74 
 12            23 
 12            35 
 12            40 
 12            43 
 12            44 
 12            46 
 12            50 
 12            53 
 12            54 
 12            62 
 13            43 
 13            46 
 13            49 
 13            54 
 13            57 
 13            58 
 13            59 
 13            61 
 13            65 
 13            67 
 13            69 
 13            71 
 13            72 
 13            75 
 14            34 
 14            44 
 14            47 
 14            48 
 14            49 
 14            53 
 14            55 
 14            56 
 14            57 
 14            60 
 14            61 
 14            67 
 15            35 
 15            46 
 15            58 
 15            62 
 15            63 
 15            72 
 15            75 
 15            76 
 15            77 
 15            83 
 15            84 
 16            57 
 16            62 
 16            64 
 16            65 
 16            66 
 16            70 
 16            73 
 16            74 
 16            75 
 16            76 
 16            77 
 16            78 
 16            79 
 16            81 
 16            83 
 16            84 
 16            85 
 16            88 
 17            47 
 17            49 
 17            53 
 17            55 
 17            56 
 17            57 
 17            58 
 17            59 
 17            62 
 17            64 
 17            65 
 17            66 
 17            67 
 17            68 
 17            69 
 17            71 
 17            76 
 17            78 
 18            43 
 18            48 
 18            51 
 18            59 
 18            67 
 18            71 
 18            74 
 18            75 
 18            81 
 18            84 
 19            38 
 19            39 
 19            47 
 19            48 
 19            49 
 19            52 
 19            53 
 19            55 
 19            58 
 20            46 
 20            48 
 20            50 
 20            53 
 20            54 
 20            55 
 20            56 
 20            60 
 20            61 
 20            63 
 20            65 
 20            70 
 20            74 
 20            75 
 20            77 
 21            49 
 21            56 
 21            60 
 21            61 
 21            62 
 21            64 
 21            65 
 21            67 
 21            69 
 21            70 
 21            72 
 21            78 
 21            81 
 21            88 
 21            92 
 22            45 
 22            49 
 22            50 
 22            51 
 22            52 
 22            55 
 22            56 
 22            58 
 22            61 
 22            64 
 22            65 
 22            66 
 22            68 
 22            69 
 22            71 
 22            78 
 23            45 
 23            49 
 23            51 
 23            55 
 23            56 
 23            58 
 23            61 
 23            65 
 23            67 
 23            68 
 23            69 
 23            70 
 23            71 
 23            75 
 23            78 
 24            50 
 24            57 
 24            60 
 24            62 
 24            64 
 24            65 
 24            69 
 24            70 
 24            73 
 24            76 
 24            77 
 24            78 
 24            80 
 24            82 
 24            83 
 24            85 
 24            92 
 25            35 
 25            47 
 25            50 
 25            56 
 25            59 
 25            67 
 25            74 
 25            76 
 25            82 
 26            48 
 26            51 
 26            53 
 26            57 
 26            58 
 26            60 
 26            61 
 26            63 
 26            64 
 26            70 
 26            74 
 26            77 
 26            81 
 26            82 
 27            55 
 27            56 
 27            61 
 27            62 
 27            65 
 27            66 
 27            69 
 27            70 
 27            72 
 27            73 
 27            74 
 27            75 
 27            77 
 27            78 
 27            81 
 27            82 
 27            88 
 28            50 
 28            62 
 28            64 
 28            67 
 28            69 
 28            70 
 28            71 
 28            75 
 28            76 
 28            77 
 28            79 
 28            80 
 28            81 
 28            82 
 28            83 
 28            87 
 28            92 
 29            55 
 29            62 
 29            65 
 29            68 
 29            72 
 29            73 
 29            74 
 29            75 
 29            76 
 29            77 
 29            78 
 29            79 
 29            82 
 29            87 
 29            88 
 30            48 
 30            61 
 30            65 
 30            67 
 30            74 
 30            77 
 31            45 
 31            58 
 31            61 
 31            66 
 31            69 
 31            73 
 31            77 
 31            78 
 31            85 
 31            86 
 31            91 
 32            51 
 32            63 
 32            65 
 32            69 
 32            70 
 32            73 
 32            76 
 32            78 
 32            79 
 32            82 
 32            87 
 32            91 
 32            95 
 32            98 
 33            59 
 33            69 
 33            72 
 33            73 
 33            76 
 33            78 
 33            79 
 33            80 
 33            82 
 33            86 
 33            87 
 33            95 
 33            97 
 34            58 
 34            64 
 34            65 
 34            69 
 34            70 
 34            78 
 34            82 
 34            85 
 34            87 
 34            88 
 34            91 
 34            92 
 34            94 
 34            96 
 35            57 
 35            65 
 35            66 
 35            68 
 35            69 
 35            73 
 35            78 
 35            81 
 35            85 
 35            88 
 36            44 
 36            48 
 36            53 
 36            64 
 36            74 
 36            75 
 36            76 
 36            77 
 37            63 
 37            69 
 37            77 
 37            84 
 37            86 
 37            88 
 37            91 
 37            95 
 37            96 
 37            97 
 37            98 
 37            99 
 37            108 
 38            57 
 38            59 
 38            65 
 38            80 
 38            81 
 38            82 
 38            90 
 38            95 
 39            56 
 39            60 
 39            61 
 39            64 
 39            70 
 39            73 
 39            74 
 39            77 
 39            78 
 39            80 
 39            82 
 39            88 
 39            92 
 39            97 
 40            59 
 40            71 
 40            74 
 40            76 
 40            80 
 40            82 
 40            84 
 40            87 
 40            95 
 40            97 
 41            64 
 41            70 
 41            72 
 41            78 
 41            84 
 41            85 
 41            86 
 41            87 
 41            89 
 41            90 
 41            91 
 41            100 
 41            104 
 41            112 
 41            116 
 42            66 
 42            73 
 42            74 
 42            77 
 42            78 
 42            79 
 42            82 
 42            88 
 42            89 
 42            91 
 42            94 
 42            101 
 43            56 
 43            76 
 43            77 
 43            78 
 43            82 
 43            87 
 43            89 
 43            92 
 43            98 
 43            108 
 44            70 
 44            79 
 44            85 
 44            86 
 44            87 
 44            88 
 44            91 
 44            93 
 44            94 
 44            96 
 44            97 
 44            98 
 44            100 
 44            101 
 44            102 
 44            104 
 44            105 
 44            108 
 44            112 
 44            113 
 45            76 
 45            81 
 45            84 
 45            88 
 45            92 
 45            95 
 45            97 
 45            99 
 45            101 
 45            102 
 45            104 
 45            112 
 45            113 
 46            64 
 46            79 
 46            82 
 46            88 
 46            90 
 46            92 
 46            93 
 46            95 
 46            97 
 46            100 
 46            113 
 47            63 
 47            70 
 47            73 
 47            75 
 47            77 
 47            81 
 47            84 
 47            85 
 47            86 
 47            88 
 47            97 
 47            98 
 47            100 
 47            102 
 47            108 
 47            113 
 48            62 
 48            66 
 48            69 
 48            72 
 48            78 
 48            83 
 48            85 
 48            87 
 49            73 
 49            74 
 49            77 
 49            80 
 49            82 
 49            86 
 49            91 
 49            93 
 49            95 
 49            99 
 49            102 
 49            105 
 49            107 
 49            109 
 49            113 
 49            119 
 50            72 
 50            88 
 50            90 
 50            91 
 50            94 
 50            97 
 50            98 
 50            101 
 50            102 
 50            104 
 50            106 
 50            109 
 50            112 
 50            113 
 50            117 
 51            72 
 51            85 
 51            86 
 51            88 
 51            89 
 51            90 
 51            97 
 51            99 
 51            100 
 51            101 
 51            104 
 51            106 
 51            109 
 51            112 
 51            113 
 52            87 
 52            88 
 52            90 
 52            93 
 52            96 
 52            99 
 52            100 
 52            101 
 52            104 
 52            109 
 52            113 
 52            115 
 52            126 
 52            127 
 53            72 
 53            73 
 53            85 
 53            90 
 53            91 
 53            92 
 53            98 
 53            109 
 53            113 
 53            114 
 53            116 
 53            118 
 54            73 
 54            76 
 54            79 
 54            80 
 54            81 
 54            84 
 54            88 
 54            91 
 54            99 
 54            101 
 54            113 
 55            80 
 55            84 
 55            85 
 55            94 
 55            96 
 55            97 
 55            99 
 55            101 
 55            104 
 55            105 
 55            112 
 55            118 
 56            79 
 56            85 
 56            86 
 56            91 
 56            95 
 56            99 
 56            101 
 56            104 
 56            105 
 56            106 
 56            112 
 56            113 
 56            121 
 57            86 
 57            87 
 57            89 
 57            93 
 57            96 
 57            98 
 57            99 
 57            102 
 57            104 
 57            105 
 57            108 
 57            109 
 57            112 
 57            113 
 57            114 
 57            116 
 57            118 
 57            124 
 57            126 
 57            127 
 58            80 
 58            89 
 58            93 
 58            95 
 58            99 
 58            102 
 58            104 
 58            107 
 58            112 
 58            113 
 58            119 
 58            127 
 59            63 
 59            70 
 59            77 
 59            83 
 59            85 
 59            88 
 59            91 
 59            93 
 59            94 
 59            96 
 59            98 
 59            99 
 59            102 
 59            109 
 59            113 
 60            79 
 60            84 
 60            86 
 60            96 
 60            98 
 60            101 
 60            102 
 60            105 
 60            112 
 60            113 
 60            126 
 61            76 
 61            79 
 61            83 
 61            84 
 61            87 
 61            90 
 61            98 
 61            99 
 61            101 
 61            102 
 61            104 
 61            108 
 61            112 
 61            113 
 62            86 
 62            89 
 62            90 
 62            91 
 62            93 
 62            95 
 62            98 
 62            99 
 62            100 
 62            102 
 62            107 
 62            109 
 62            112 
 62            113 
 62            116 
 62            118 
 62            119 
 62            124 
 62            127 
 63            89 
 63            92 
 63            101 
 63            104 
 63            106 
 63            107 
 63            112 
 63            116 
 63            118 
 63            119 
 63            122 
 63            125 
 63            127 
 63            128 
 63            132 
 64            98 
 64            103 
 64            105 
 64            106 
 64            108 
 64            109 
 64            111 
 64            114 
 64            118 
 64            120 
 64            123 
 64            126 
 64            128 
 65            93 
 65            97 
 65            101 
 65            102 
 65            108 
 65            109 
 65            110 
 65            112 
 65            113 
 65            116 
 65            119 
 65            122 
 65            124 
 65            127 
 66            80 
 66            90 
 66            92 
 66            95 
 66            99 
 66            102 
 66            107 
 66            113 
 66            118 
 66            119 
 66            120 
 66            127 
 67            89 
 67            98 
 67            103 
 67            105 
 67            106 
 67            107 
 67            108 
 67            111 
 67            113 
 67            116 
 67            118 
 67            119 
 67            120 
 67            122 
 67            124 
 67            126 
 67            127 
 67            128 
 67            132 
 68            110 
 68            112 
 68            116 
 68            118 
 68            120 
 68            123 
 68            128 
 68            129 
 68            130 
 68            132 
 68            133 
 68            134 
 68            138 
 68            140 
 68            146 
 68            148 
 69            102 
 69            109 
 69            114 
 69            120 
 69            121 
 69            123 
 69            127 
 69            130 
 69            133 
 69            140 
 69            148 
 69            150 
 70            110 
 70            114 
 70            115 
 70            118 
 70            121 
 70            122 
 70            123 
 70            125 
 70            132 
 70            133 
 70            134 
 70            138 
 70            141 
 70            143 
 70            148 
 70            150 
 71            91 
 71            113 
 71            114 
 71            115 
 71            118 
 71            119 
 71            121 
 71            125 
 71            130 
 71            131 
 71            132 
 71            148 
 72            96 
 72            103 
 72            108 
 72            111 
 72            115 
 72            119 
 72            122 
 72            124 
 72            127 
 72            128 
 72            131 
 72            133 
 72            135 
 73            103 
 73            104 
 73            106 
 73            112 
 73            115 
 73            120 
 73            123 
 73            124 
 73            127 
 73            128 
 73            131 
 73            132 
 73            133 
 73            134 
 74            108 
 74            110 
 74            115 
 74            122 
 74            123 
 74            126 
 74            128 
 74            130 
 74            133 
 74            136 
 74            139 
 74            140 
 74            146 
 74            147 
 74            148 
 75            93 
 75            109 
 75            119 
 75            122 
 75            123 
 75            124 
 75            131 
 75            134 
 75            135 
 75            140 
 76            94 
 76            96 
 76            105 
 76            115 
 76            118 
 76            120 
 76            123 
 76            127 
 76            133 
 77            104 
 77            106 
 77            110 
 77            111 
 77            115 
 77            120 
 77            122 
 77            123 
 77            124 
 77            127 
 77            132 
 77            135 
 77            140 
 77            147 
 78            102 
 78            103 
 78            113 
 78            115 
 78            121 
 78            122 
 78            128 
 78            131 
 78            132 
 78            135 
 78            140 
 79            107 
 79            109 
 79            111 
 79            115 
 79            116 
 79            117 
 79            119 
 79            122 
 79            125 
 79            127 
 79            128 
 79            131 
 79            133 
 79            135 
 79            137 
 79            140 
 79            146 
 80            98 
 80            100 
 80            106 
 80            108 
 80            110 
 80            116 
 80            117 
 80            124 
 80            126 
 80            130 
 80            132 
 80            134 
 80            137 
 81            103 
 81            106 
 81            114 
 81            115 
 81            117 
 81            119 
 81            127 
 81            131 
 81            132 
 81            133 
 81            134 
 81            137 
 81            140 
 81            146 
 82            110 
 82            112 
 82            114 
 82            117 
 82            121 
 82            123 
 82            124 
 82            128 
 82            129 
 82            130 
 82            132 
 82            133 
 82            134 
 82            138 
 82            139 
 82            140 
 82            144 
 83            110 
 83            115 
 83            117 
 83            120 
 83            129 
 83            130 
 83            132 
 83            137 
 83            140 
 83            146 
 83            149 
 84            93 
 84            109 
 84            115 
 84            121 
 84            124 
 84            127 
 84            131 
 84            135 
 85            119 
 85            125 
 85            131 
 85            132 
 85            138 
 85            139 
 85            140 
 85            141 
 85            143 
 85            145 
 85            147 
 85            149 
 85            150 
 85            155 
 85            157 
 86            129 
 86            130 
 86            132 
 86            135 
 86            136 
 86            137 
 86            138 
 86            140 
 86            141 
 86            144 
 86            145 
 86            146 
 86            149 
 86            150 
 86            157 
 86            158 
 86            159 
 86            165 
 87            110 
 87            119 
 87            120 
 87            121 
 87            123 
 87            125 
 87            130 
 87            132 
 87            139 
 87            146 
 87            149 
 87            150 
 88            116 
 88            122 
 88            123 
 88            128 
 88            130 
 88            131 
 88            132 
 88            135 
 88            136 
 88            138 
 88            141 
 88            142 
 88            144 
 88            146 
 88            147 
 88            149 
 88            152 
 89            115 
 89            123 
 89            129 
 89            130 
 89            133 
 89            134 
 89            135 
 89            136 
 89            139 
 89            141 
 89            147 
 89            148 
 89            151 
 89            157 
 90            105 
 90            123 
 90            130 
 90            132 
 90            141 
 90            146 
 90            159 
 91            123 
 91            126 
 91            128 
 91            129 
 91            133 
 91            135 
 91            136 
 91            140 
 91            143 
 91            144 
 91            145 
 91            146 
 91            147 
 91            149 
 91            151 
 92            105 
 92            117 
 92            123 
 92            130 
 92            133 
 92            135 
 92            136 
 92            140 
 92            141 
 92            146 
 93            103 
 93            106 
 93            111 
 93            117 
 93            120 
 93            128 
 93            133 
 93            137 
 93            146 
 94            124 
 94            125 
 94            128 
 94            130 
 94            132 
 94            134 
 94            135 
 94            138 
 94            139 
 94            141 
 94            145 
 94            146 
 94            147 
 94            149 
 94            155 
 94            157 
 94            162 
 95            114 
 95            123 
 95            128 
 95            129 
 95            132 
 95            144 
 95            145 
 95            146 
 95            148 
 95            149 
 95            159 
 96            107 
 96            129 
 96            130 
 96            137 
 96            138 
 96            140 
 96            146 
 97            115 
 97            120 
 97            123 
 97            126 
 97            129 
 97            132 
 97            134 
 97            135 
 97            139 
 97            140 
 97            147 
 97            149 
 97            150 
 97            159 
 98            115 
 98            121 
 98            129 
 98            133 
 98            139 
 98            140 
 98            141 
 98            146 
 98            147 
 98            150 
 98            151 
 98            153 
 98            154 
 98            155 
 98            157 
 98            164 
 99            117 
 99            122 
 99            123 
 99            129 
 99            131 
 99            138 
 99            141 
 99            143 
 99            146 
 99            147 
 99            149 
 99            153 
 99            157 
 99            165 
 100           114 
 100           141 
 100           143 
 100           144 
 100           149 
 100           151 
 100           157 
 100           164 
 101           114 
 101           129 
 101           131 
 101           134 
 101           141 
 101           143 
 101           144 
 101           148 
 101           151 
 101           159 
 102           125 
 102           136 
 102           141 
 102           143 
 102           145 
 102           146 
 102           147 
 102           149 
 102           151 
 102           157 
 102           158 
 102           165 
 103           125 
 103           130 
 103           136 
 103           138 
 103           139 
 103           141 
 103           147 
 103           148 
 103           149 
 103           150 
 103           151 
 103           157 
 103           158 
 103           162 
 103           165 
 104           138 
 104           141 
 104           145 
 104           146 
 104           150 
 104           151 
 104           154 
 104           155 
 104           158 
 104           160 
 104           165 
 104           170 
 104           171 
 104           172 
 105           110 
 105           129 
 105           137 
 105           138 
 105           139 
 105           144 
 105           145 
 105           147 
 105           148 
 105           149 
 105           150 
 105           151 
 105           155 
 105           158 
 106           143 
 106           151 
 106           153 
 106           155 
 106           156 
 106           158 
 106           159 
 106           162 
 106           163 
 106           164 
 106           165 
 106           166 
 106           169 
 106           170 
 106           173 
 106           174 
 106           175 
 106           179 
 106           181 
 107           136 
 107           139 
 107           141 
 107           145 
 107           147 
 107           148 
 107           149 
 107           150 
 107           151 
 107           158 
 107           162 
 107           164 
 107           165 
 108           121 
 108           129 
 108           138 
 108           141 
 108           143 
 108           144 
 108           150 
 108           151 
 108           153 
 108           154 
 108           157 
 108           158 
 108           165 
 109           132 
 109           138 
 109           139 
 109           141 
 109           145 
 109           153 
 109           154 
 109           155 
 109           158 
 109           159 
 109           160 
 109           162 
 109           165 
 109           170 
 109           171 
 110           131 
 110           153 
 110           154 
 110           157 
 110           160 
 110           161 
 110           165 
 110           166 
 110           167 
 110           171 
 110           172 
 110           175 
 110           176 
 110           177 
 110           180 
 110           181 
 110           183 
 111           129 
 111           139 
 111           144 
 111           149 
 111           154 
 111           157 
 111           159 
 111           164 
 111           165 
 111           167 
 111           180 
 112           136 
 112           141 
 112           145 
 112           149 
 112           150 
 112           156 
 112           158 
 112           160 
 112           162 
 112           164 
 112           165 
 112           168 
 112           169 
 112           172 
 112           175 
 113           123 
 113           138 
 113           142 
 113           144 
 113           147 
 113           149 
 113           150 
 113           151 
 113           152 
 113           155 
 113           161 
 113           172 
 114           135 
 114           136 
 114           142 
 114           147 
 114           152 
 114           154 
 114           158 
 114           160 
 114           162 
 114           165 
 114           168 
 114           172 
 114           177 
 115           142 
 115           144 
 115           145 
 115           156 
 115           158 
 115           160 
 115           163 
 115           166 
 115           167 
 115           168 
 115           172 
 115           176 
 115           177 
 115           180 
 115           181 
 116           145 
 116           151 
 116           154 
 116           155 
 116           157 
 116           158 
 116           161 
 116           163 
 116           166 
 116           171 
 116           180 
 116           181 
 117           148 
 117           150 
 117           151 
 117           155 
 117           156 
 117           159 
 117           161 
 117           171 
 117           172 
 117           173 
 117           175 
 117           177 
 117           179 
 117           180 
 117           181 
 117           182 
 117           183 
 118           139 
 118           144 
 118           145 
 118           147 
 118           149 
 118           151 
 118           154 
 118           155 
 118           157 
 118           159 
 118           160 
 118           166 
 118           177 
 118           180 
 118           181 
 119           151 
 119           152 
 119           153 
 119           154 
 119           159 
 119           160 
 119           161 
 119           163 
 119           164 
 119           165 
 119           166 
 119           172 
 119           175 
 119           177 
 119           180 
 119           181 
 119           183 
 120           136 
 120           141 
 120           143 
 120           145 
 120           151 
 120           154 
 120           158 
 120           164 
 120           175 
 121           161 
 121           162 
 121           166 
 121           167 
 121           170 
 121           172 
 121           173 
 121           174 
 121           175 
 121           176 
 121           177 
 121           179 
 121           180 
 121           181 
 121           182 
 121           183 
 121           184 
 121           189 
 122           156 
 122           158 
 122           159 
 122           162 
 122           164 
 122           166 
 122           167 
 122           168 
 122           169 
 122           170 
 122           173 
 122           174 
 122           175 
 122           176 
 122           177 
 122           179 
 122           182 
 122           183 
 122           186 
 123           137 
 123           160 
 123           162 
 123           163 
 123           167 
 123           168 
 123           169 
 123           170 
 123           171 
 123           177 
 123           180 
 123           181 
 123           186 
 124           148 
 124           151 
 124           160 
 124           161 
 124           165 
 124           169 
 124           175 
 124           177 
 124           179 
 124           180 
 124           181 
 124           188 
 125           129 
 125           144 
 125           153 
 125           154 
 125           159 
 125           164 
 125           168 
 125           172 
 126           138 
 126           141 
 126           142 
 126           152 
 126           153 
 126           155 
 126           157 
 126           158 
 126           160 
 126           162 
 126           163 
 126           165 
 126           166 
 126           167 
 126           170 
 126           171 
 126           176 
 127           143 
 127           153 
 127           157 
 127           158 
 127           164 
 127           169 
 127           170 
 127           174 
 127           175 
 127           179 
 127           180 
 127           181 
 127           188 
 127           199 
 128           150 
 128           154 
 128           158 
 128           160 
 128           161 
 128           165 
 128           168 
 128           170 
 128           175 
 128           176 
 128           177 
 128           180 
 128           181 
 128           183 
 129           142 
 129           152 
 129           156 
 129           160 
 129           163 
 129           171 
 129           176 
 129           177 
 129           181 
 130           143 
 130           154 
 130           160 
 130           163 
 130           166 
 130           167 
 130           170 
 130           175 
 130           184 
 131           162 
 131           164 
 131           170 
 131           178 
 131           179 
 131           186 
 131           188 
 131           190 
 131           191 
 131           192 
 131           196 
 131           197 
 131           200 
 132           151 
 132           164 
 132           166 
 132           172 
 132           174 
 132           175 
 132           177 
 132           181 
 132           182 
 132           183 
 132           186 
 132           192 
 132           194 
 132           195 
 132           202 
 133           159 
 133           161 
 133           163 
 133           165 
 133           168 
 133           170 
 133           172 
 133           174 
 133           175 
 133           176 
 133           179 
 133           180 
 133           181 
 133           183 
 133           187 
 133           189 
 133           195 
 134           158 
 134           161 
 134           163 
 134           164 
 134           170 
 134           171 
 134           174 
 134           175 
 134           176 
 134           179 
 134           180 
 134           181 
 134           187 
 134           188 
 134           194 
 135           169 
 135           175 
 135           180 
 135           182 
 135           183 
 135           186 
 135           187 
 135           189 
 135           190 
 135           192 
 135           199 
 135           200 
 135           201 
 135           207 
 135           209 
 136           153 
 136           155 
 136           161 
 136           163 
 136           166 
 136           170 
 136           171 
 136           173 
 136           174 
 136           176 
 136           179 
 136           180 
 136           181 
 136           183 
 136           184 
 136           187 
 137           156 
 137           166 
 137           175 
 137           176 
 137           178 
 137           179 
 137           182 
 137           184 
 137           185 
 137           189 
 137           192 
 137           193 
 137           195 
 138           168 
 138           174 
 138           175 
 138           177 
 138           178 
 138           181 
 138           183 
 138           184 
 138           185 
 138           187 
 138           190 
 138           192 
 138           193 
 138           195 
 138           196 
 138           197 
 138           199 
 138           201 
 138           202 
 138           206 
 139           156 
 139           161 
 139           163 
 139           174 
 139           175 
 139           176 
 139           183 
 139           188 
 139           189 
 139           195 
 139           198 
 140           162 
 140           177 
 140           178 
 140           179 
 140           184 
 140           190 
 140           192 
 140           196 
 140           197 
 140           203 
 140           204 
 140           207 
 140           208 
 140           209 
 141           161 
 141           177 
 141           180 
 141           189 
 141           193 
 141           194 
 141           198 
 141           202 
 141           205 
 141           209 
 141           221 
 142           173 
 142           179 
 142           182 
 142           186 
 142           189 
 142           192 
 142           195 
 142           197 
 142           198 
 142           199 
 142           207 
 143           168 
 143           171 
 143           172 
 143           176 
 143           177 
 143           178 
 143           182 
 143           183 
 143           185 
 143           186 
 143           187 
 143           189 
 143           192 
 143           195 
 143           197 
 143           203 
 143           207 
 144           170 
 144           171 
 144           175 
 144           178 
 144           179 
 144           182 
 144           183 
 144           184 
 144           185 
 144           189 
 144           190 
 144           194 
 144           195 
 144           199 
 144           200 
 144           202 
 144           209 
 145           179 
 145           184 
 145           190 
 145           199 
 145           204 
 145           207 
 145           208 
 145           214 
 145           216 
 145           218 
 145           219 
 145           226 
 146           174 
 146           178 
 146           184 
 146           190 
 146           191 
 146           192 
 146           193 
 146           195 
 146           196 
 146           201 
 146           202 
 146           204 
 146           205 
 146           206 
 146           207 
 146           208 
 146           209 
 147           156 
 147           167 
 147           169 
 147           170 
 147           173 
 147           174 
 147           175 
 147           178 
 147           183 
 147           186 
 147           190 
 147           192 
 147           196 
 147           199 
 148           170 
 148           184 
 148           190 
 148           191 
 148           193 
 148           200 
 148           202 
 148           203 
 148           205 
 148           206 
 148           209 
 148           219 
 149           185 
 149           190 
 149           192 
 149           193 
 149           196 
 149           198 
 149           201 
 149           202 
 149           203 
 149           205 
 149           206 
 149           207 
 149           208 
 149           213 
 150           166 
 150           167 
 150           174 
 150           178 
 150           184 
 150           190 
 150           191 
 150           194 
 150           196 
 150           199 
 150           200 
 150           202 
 151           167 
 151           168 
 151           176 
 151           178 
 151           185 
 151           189 
 151           190 
 151           196 
 151           199 
 151           206 
 151           207 
 152           182 
 152           186 
 152           200 
 152           207 
 152           210 
 152           211 
 152           213 
 152           221 
 153           178 
 153           189 
 153           190 
 153           191 
 153           192 
 153           194 
 153           200 
 153           201 
 153           203 
 153           205 
 153           206 
 153           207 
 153           209 
 153           211 
 153           221 
 154           156 
 154           169 
 154           173 
 154           174 
 154           178 
 154           179 
 154           182 
 154           189 
 154           190 
 154           192 
 154           199 
 154           207 
 155           190 
 155           194 
 155           195 
 155           198 
 155           201 
 155           203 
 155           204 
 155           205 
 155           206 
 155           207 
 155           209 
 155           210 
 155           211 
 155           212 
 155           214 
 155           216 
 155           219 
 155           221 
 156           187 
 156           191 
 156           197 
 156           200 
 156           201 
 156           202 
 156           204 
 156           206 
 156           208 
 156           209 
 156           210 
 156           211 
 156           213 
 157           168 
 157           190 
 157           191 
 157           192 
 157           196 
 157           204 
 157           208 
 157           213 
 157           219 
 157           221 
 157           222 
 158           178 
 158           193 
 158           195 
 158           196 
 158           198 
 158           202 
 158           203 
 158           204 
 158           206 
 158           208 
 158           209 
 158           214 
 158           220 
 158           221 
 158           222 
 158           224 
 158           225 
 159           178 
 159           188 
 159           190 
 159           192 
 159           193 
 159           196 
 159           197 
 159           200 
 159           202 
 159           203 
 159           204 
 159           205 
 159           207 
 159           208 
 159           209 
 159           211 
 159           213 
 159           214 
 159           222 
 160           178 
 160           185 
 160           194 
 160           195 
 160           196 
 160           198 
 160           201 
 160           203 
 160           205 
 160           206 
 160           208 
 160           209 
 160           210 
 160           211 
 160           221 
 160           225 
 161           178 
 161           186 
 161           192 
 161           199 
 161           203 
 161           204 
 161           207 
 161           220 
 161           222 
 161           224 
 161           229 
 161           234 
 161           235 
 162           195 
 162           198 
 162           202 
 162           211 
 162           212 
 162           214 
 162           217 
 162           218 
 162           220 
 162           221 
 162           222 
 162           224 
 162           225 
 162           237 
 162           239 
 163           182 
 163           185 
 163           190 
 163           193 
 163           197 
 163           200 
 163           202 
 163           206 
 163           207 
 163           213 
 164           184 
 164           185 
 164           189 
 164           193 
 164           203 
 164           206 
 164           207 
 164           209 
 164           216 
 164           218 
 164           219 
 164           220 
 164           222 
 164           225 
 165           191 
 165           197 
 165           198 
 165           206 
 165           207 
 165           208 
 165           210 
 165           211 
 165           216 
 165           219 
 165           220 
 165           222 
 165           224 
 165           237 
 166           198 
 166           205 
 166           206 
 166           207 
 166           209 
 166           210 
 166           212 
 166           213 
 166           214 
 166           216 
 166           219 
 166           221 
 166           222 
 166           226 
 166           227 
 166           237 
 166           239 
 167           187 
 167           197 
 167           201 
 167           203 
 167           204 
 167           208 
 167           209 
 167           210 
 167           211 
 167           213 
 167           217 
 167           218 
 167           226 
 168           198 
 168           200 
 168           205 
 168           209 
 168           211 
 168           216 
 168           224 
 168           229 
 168           230 
 168           231 
 168           238 
 168           239 
 168           243 
 169           193 
 169           194 
 169           195 
 169           198 
 169           205 
 169           206 
 169           208 
 169           212 
 169           214 
 169           216 
 169           219 
 169           221 
 169           225 
 169           237 
 170           201 
 170           207 
 170           208 
 170           210 
 170           211 
 170           212 
 170           213 
 170           215 
 170           217 
 170           226 
 170           227 
 170           235 
 170           237 
 170           242 
 171           191 
 171           211 
 171           215 
 171           216 
 171           222 
 171           230 
 171           232 
 171           235 
 171           239 
 172           190 
 172           191 
 172           200 
 172           201 
 172           204 
 172           205 
 172           206 
 172           209 
 172           211 
 172           213 
 172           216 
 173           185 
 173           188 
 173           193 
 173           194 
 173           200 
 173           201 
 173           206 
 173           209 
 173           211 
 173           213 
 173           216 
 173           219 
 173           220 
 174           203 
 174           211 
 174           212 
 174           215 
 174           216 
 174           217 
 174           219 
 174           220 
 174           222 
 174           226 
 174           228 
 174           230 
 174           234 
 174           237 
 174           238 
 174           239 
 174           240 
 174           241 
 174           243 
 175           203 
 175           210 
 175           211 
 175           212 
 175           215 
 175           216 
 175           218 
 175           219 
 175           220 
 175           225 
 175           228 
 175           234 
 175           235 
 175           237 
 175           239 
 175           240 
 175           242 
 175           243 
 176           208 
 176           210 
 176           212 
 176           216 
 176           220 
 176           222 
 176           225 
 176           226 
 176           227 
 176           229 
 176           234 
 176           235 
 176           237 
 176           242 
 176           252 
 177           210 
 177           211 
 177           212 
 177           215 
 177           217 
 177           226 
 177           227 
 177           228 
 177           229 
 177           235 
 177           243 
 177           244 
 177           252 
 177           265 
 178           212 
 178           216 
 178           219 
 178           223 
 178           228 
 178           232 
 178           233 
 178           237 
 178           238 
 178           239 
 178           240 
 178           241 
 178           246 
 178           248 
 178           250 
 178           252 
 179           201 
 179           205 
 179           206 
 179           211 
 179           212 
 179           213 
 179           223 
 179           225 
 179           227 
 179           230 
 179           235 
 179           239 
 180           204 
 180           208 
 180           214 
 180           215 
 180           216 
 180           217 
 180           218 
 180           228 
 180           244 
 180           252 
 181           204 
 181           208 
 181           210 
 181           211 
 181           215 
 181           216 
 181           218 
 181           220 
 181           226 
 181           227 
 181           228 
 181           229 
 181           234 
 181           235 
 181           242 
 181           252 
 182           196 
 182           205 
 182           215 
 182           216 
 182           218 
 182           222 
 182           224 
 182           225 
 182           226 
 182           227 
 182           229 
 182           231 
 182           237 
 182           239 
 182           242 
 183           217 
 183           220 
 183           223 
 183           225 
 183           226 
 183           227 
 183           228 
 183           234 
 183           235 
 183           238 
 183           240 
 183           243 
 183           248 
 183           250 
 183           252 
 183           255 
 183           261 
 183           265 
 184           198 
 184           212 
 184           213 
 184           221 
 184           227 
 184           230 
 184           231 
 184           237 
 184           239 
 184           243 
 184           244 
 185           204 
 185           212 
 185           214 
 185           217 
 185           223 
 185           224 
 185           226 
 185           228 
 185           234 
 185           236 
 185           238 
 185           240 
 185           252 
 186           208 
 186           214 
 186           215 
 186           216 
 186           217 
 186           225 
 186           227 
 186           228 
 186           244 
 186           252 
 187           205 
 187           219 
 187           228 
 187           233 
 187           235 
 187           237 
 187           240 
 187           241 
 187           242 
 187           246 
 187           247 
 187           250 
 188           217 
 188           227 
 188           232 
 188           233 
 188           235 
 188           236 
 188           237 
 188           238 
 188           241 
 188           242 
 188           245 
 188           246 
 188           248 
 188           249 
 188           261 
 188           265 
 189           213 
 189           227 
 189           229 
 189           233 
 189           239 
 189           241 
 189           243 
 189           244 
 189           247 
 189           248 
 189           252 
 189           253 
 189           258 
 189           265 
 190           223 
 190           224 
 190           225 
 190           229 
 190           230 
 190           237 
 190           240 
 190           241 
 190           244 
 190           248 
 190           250 
 190           252 
 190           261 
 190           265 
 191           212 
 191           214 
 191           218 
 191           225 
 191           226 
 191           227 
 191           228 
 191           234 
 191           236 
 191           242 
 191           244 
 191           245 
 191           247 
 191           248 
 191           252 
 192           210 
 192           215 
 192           217 
 192           218 
 192           226 
 192           227 
 192           228 
 192           232 
 192           237 
 192           240 
 192           244 
 192           248 
 192           252 
 193           210 
 193           217 
 193           223 
 193           226 
 193           227 
 193           234 
 193           235 
 193           238 
 193           242 
 193           244 
 193           246 
 193           252 
 193           265 
 194           218 
 194           226 
 194           227 
 194           228 
 194           230 
 194           235 
 194           242 
 194           247 
 194           249 
 194           251 
 194           255 
 194           261 
 195           213 
 195           229 
 195           251 
 195           252 
 195           253 
 195           255 
 195           258 
 195           261 
 195           265 
 196           217 
 196           228 
 196           230 
 196           234 
 196           235 
 196           246 
 196           251 
 196           252 
 196           253 
 196           255 
 196           258 
 196           260 
 196           261 
 197           221 
 197           228 
 197           232 
 197           234 
 197           238 
 197           241 
 197           244 
 197           245 
 197           248 
 197           249 
 197           250 
 197           251 
 197           252 
 197           253 
 197           257 
 197           258 
 197           261 
 197           262 
 198           215 
 198           232 
 198           234 
 198           235 
 198           236 
 198           241 
 198           242 
 198           245 
 198           248 
 198           249 
 198           252 
 198           253 
 198           257 
 198           260 
 198           265 
 199           211 
 199           215 
 199           227 
 199           231 
 199           238 
 199           242 
 199           248 
 199           252 
 199           265 
 200           225 
 200           227 
 200           235 
 200           237 
 200           240 
 200           241 
 200           245 
 200           247 
 200           260 
 201           222 
 201           224 
 201           228 
 201           229 
 201           232 
 201           233 
 201           234 
 201           238 
 201           240 
 201           241 
 201           243 
 201           245 
 201           248 
 202           215 
 202           216 
 202           226 
 202           227 
 202           228 
 202           229 
 202           230 
 202           234 
 202           236 
 202           238 
 202           243 
 202           248 
 202           252 
 202           253 
 203           227 
 203           236 
 203           244 
 203           247 
 203           248 
 203           250 
 203           252 
 203           253 
 203           259 
 203           261 
 203           268 
 203           272 
 204           230 
 204           232 
 204           239 
 204           243 
 204           253 
 204           255 
 204           257 
 204           258 
 204           259 
 204           260 
 204           261 
 204           265 
 205           220 
 205           234 
 205           236 
 205           248 
 205           251 
 205           252 
 205           254 
 205           255 
 205           260 
 205           261 
 205           262 
 205           265 
 206           217 
 206           229 
 206           234 
 206           242 
 206           244 
 206           246 
 206           252 
 206           265 
 207           236 
 207           245 
 207           251 
 207           252 
 207           254 
 207           256 
 207           258 
 207           259 
 207           261 
 207           262 
 207           265 
 207           267 
 207           268 
 208           223 
 208           232 
 208           238 
 208           239 
 208           240 
 208           241 
 208           246 
 208           248 
 208           249 
 208           250 
 208           253 
 208           257 
 208           261 
 208           262 
 208           265 
 209           246 
 209           247 
 209           250 
 209           255 
 209           257 
 209           258 
 209           259 
 209           262 
 209           263 
 209           265 
 209           269 
 210           230 
 210           231 
 210           236 
 210           250 
 210           251 
 210           253 
 210           256 
 210           258 
 210           261 
 211           247 
 211           249 
 211           253 
 211           254 
 211           256 
 211           258 
 211           259 
 211           262 
 211           267 
 211           268 
 211           270 
 211           271 
 211           272 
 211           277 
 212           249 
 212           257 
 212           259 
 212           260 
 212           262 
 212           264 
 212           267 
 212           271 
 212           273 
 212           274 
 212           279 
 212           281 
 212           289 
 212           292 
 213           228 
 213           238 
 213           240 
 213           256 
 213           257 
 213           271 
 213           274 
 214           231 
 214           243 
 214           246 
 214           250 
 214           251 
 214           256 
 214           259 
 214           261 
 214           262 
 214           268 
 215           223 
 215           233 
 215           246 
 215           250 
 215           256 
 215           258 
 215           261 
 215           263 
 215           270 
 215           293 
 216           245 
 216           254 
 216           255 
 216           258 
 216           259 
 216           263 
 216           265 
 216           267 
 216           271 
 216           282 
 216           293 
 217           247 
 217           254 
 217           257 
 217           259 
 217           264 
 217           266 
 217           267 
 217           268 
 217           271 
 217           277 
 217           279 
 217           282 
 217           293 
 218           238 
 218           253 
 218           257 
 218           263 
 218           265 
 218           271 
 218           276 
 218           278 
 218           279 
 218           281 
 218           282 
 218           291 
 219           257 
 219           266 
 219           267 
 219           274 
 219           275 
 219           277 
 219           279 
 219           281 
 219           282 
 219           283 
 219           284 
 219           286 
 219           288 
 219           290 
 219           291 
 219           296 
 219           297 
 219           301 
 220           232 
 220           244 
 220           245 
 220           249 
 220           253 
 220           258 
 220           259 
 220           268 
 220           269 
 220           277 
 221           247 
 221           256 
 221           263 
 221           264 
 221           265 
 221           267 
 221           271 
 221           277 
 221           278 
 221           279 
 221           282 
 221           284 
 221           285 
 221           288 
 221           293 
 221           296 
 222           244 
 222           251 
 222           253 
 222           254 
 222           255 
 222           258 
 222           259 
 222           260 
 222           261 
 222           265 
 222           268 
 222           271 
 222           274 
 222           282 
 222           293 
 223           247 
 223           254 
 223           259 
 223           264 
 223           266 
 223           267 
 223           268 
 223           271 
 223           272 
 223           277 
 223           282 
 224           262 
 224           264 
 224           267 
 224           271 
 224           272 
 224           276 
 224           281 
 224           284 
 224           286 
 224           288 
 225           233 
 225           257 
 225           263 
 225           264 
 225           268 
 225           271 
 225           274 
 225           276 
 225           278 
 225           279 
 225           286 
 226           267 
 226           270 
 226           271 
 226           273 
 226           275 
 226           278 
 226           281 
 226           282 
 226           283 
 226           286 
 226           287 
 226           288 
 226           296 
 226           297 
 227           254 
 227           256 
 227           262 
 227           266 
 227           267 
 227           274 
 227           276 
 227           284 
 227           299 
 228           254 
 228           259 
 228           263 
 228           264 
 228           266 
 228           276 
 228           277 
 228           279 
 228           282 
 228           286 
 228           291 
 228           299 
 229           249 
 229           254 
 229           257 
 229           262 
 229           264 
 229           271 
 229           272 
 229           277 
 229           279 
 230           245 
 230           262 
 230           263 
 230           268 
 230           269 
 230           271 
 230           277 
 231           241 
 231           263 
 231           267 
 231           279 
 232           256 
 232           263 
 232           267 
 232           272 
 232           279 
 232           284 
 232           288 
 232           289 
 232           294 
 232           296 
 232           298 
 232           299 
 233           251 
 233           273 
 233           275 
 233           277 
 233           282 
 233           288 
 233           291 
 233           297 
 233           301 
 234           256 
 234           267 
 234           269 
 234           273 
 234           282 
 234           285 
 234           287 
 234           289 
 234           290 
 234           293 
 234           294 
 234           296 
 234           298 
 234           299 
 235           259 
 235           266 
 235           267 
 235           272 
 235           273 
 235           274 
 235           277 
 235           278 
 235           281 
 235           282 
 235           283 
 235           285 
 235           288 
 235           291 
 235           294 
 235           299 
 236           263 
 236           264 
 236           266 
 236           271 
 236           274 
 236           276 
 236           277 
 236           284 
 236           285 
 236           288 
 236           289 
 236           291 
 236           296 
 237           253 
 237           254 
 237           256 
 237           267 
 237           272 
 237           277 
 237           282 
 238           260 
 238           267 
 238           268 
 238           272 
 238           273 
 238           284 
 238           285 
 238           286 
 238           287 
 238           289 
 238           290 
 239           266 
 239           273 
 239           275 
 239           283 
 239           286 
 239           288 
 239           290 
 239           296 
 239           297 
 239           299 
 239           301 
 240           267 
 240           269 
 240           273 
 240           284 
 240           285 
 240           287 
 240           289 
 240           292 
 240           296 
 240           298 
 240           301 
 241           255 
 241           266 
 241           269 
 241           270 
 241           272 
 241           273 
 241           274 
 241           282 
 241           283 
 241           285 
 241           293 
 241           296 
 242           258 
 242           262 
 242           276 
 242           277 
 242           280 
 242           281 
 242           283 
 242           284 
 242           286 
 242           287 
 242           291 
 242           292 
 242           296 
 242           297 
 243           264 
 243           270 
 243           275 
 243           280 
 243           281 
 243           283 
 243           284 
 243           285 
 243           291 
 243           296 
 243           298 
 244           270 
 244           273 
 244           275 
 244           276 
 244           280 
 244           283 
 244           284 
 244           286 
 244           288 
 244           297 
 244           298 
 244           299 
 244           300 
 244           301 
 245           264 
 245           270 
 245           273 
 245           274 
 245           276 
 245           280 
 245           283 
 245           284 
 245           286 
 245           291 
 245           292 
 245           296 
 246           266 
 246           267 
 246           274 
 246           276 
 246           278 
 246           281 
 246           282 
 246           283 
 246           284 
 246           288 
 246           290 
 246           291 
 246           292 
 246           296 
 246           297 
 246           299 
 246           301 
 247           273 
 247           274 
 247           275 
 247           276 
 247           280 
 247           281 
 247           283 
 247           286 
 247           289 
 247           298 
 248           273 
 248           275 
 248           280 
 248           282 
 248           285 
 248           291 
 248           294 
 248           297 
 248           298 
 248           301 
 249           276 
 249           278 
 249           280 
 249           282 
 249           283 
 249           284 
 249           285 
 249           286 
 249           287 
 249           288 
 249           290 
 249           291 
 249           293 
 249           295 
 249           296 
 249           297 
 249           298 
 249           299 
 250           273 
 250           284 
 250           285 
 250           291 
 250           298 
 251           280 
 251           281 
 251           284 
 251           287 
 251           289 
 251           294 
 251           298 
 251           299 
 251           300 
 252           279 
 252           280 
 252           282 
 252           284 
 252           286 
 252           287 
 252           292 
 252           295 
 252           298 
 253           280 
 253           290 
 253           294 
 253           298 
 253           299 
 253           300 
 254           269 
 254           280 
 254           285 
 254           288 
 254           289 
 254           290 
 254           295 
 254           296 
 254           298 
 255           264 
 255           277 
 255           284 
 255           286 
 255           288 
 255           291 
 255           292 
 255           294 
 255           298 
 255           299 
 255           300 
 256           286 
 256           291 
 256           292 
 256           295 
 256           300 
 256           301 
 257           270 
 257           285 
 257           294 
 257           298 
 257           299 
 257           300 
 258           266 
 258           279 
 258           288 
 258           294 
 258           295 
 258           299 
 258           300 
 258           301 
 259           284 
 259           300 
 260           283 
 260           297 
 261           295 
 261           298 
 261           299 
 262           278 
 262           282 
 262           285 
 262           290 
 262           293 
 262           300 
 263           273 
 263           275 
 263           283 
 263           290 
 263           297 
 263           301 
 264           287 
 264           290 
 264           295 
 264           297 
 264           301 
 265           290 
 265           292 
 266           298 
 267           280 
 267           295 
 268           288 
 268           292 
 268           296 
 268           299 
 269           278 
 269           281 
 269           297 
 270           302 
 271           294 
 271           298 
 271           299 
 271           300 
 272           292 
 272           301 
 273           302 
 274           287 
 275           292 
 275           295 
 276           294 
 277           302 
 278           302 
 279           302 
 280           302 
 281           302 
 282           302 
 283           302 
 284           302 
 285           302 
 286           302 
 287           302 
 288           302 
 289           302 
 290           302 
 291           302 
 292           302 
 293           302 
 294           302 
 295           302 
 296           302 
 297           302 
 298           302 
 299           302 
 300           302 
 301           302 
