 1             2 
 1             3 
 1             4 
 1             5 
 1             6 
 1             7 
 1             8 
 1             9 
 1             10 
 1             11 
 1             13 
 1             14 
 1             16 
 1             17 
 1             19 
 1             21 
 1             22 
 1             26 
 2             20 
 2             36 
 2             37 
 2             43 
 2             44 
 2             46 
 2             47 
 2             53 
 2             55 
 2             59 
 2             69 
 3             12 
 3             15 
 3             25 
 3             30 
 3             33 
 3             35 
 3             40 
 3             50 
 4             25 
 4             27 
 4             28 
 4             33 
 4             35 
 4             36 
 4             39 
 4             40 
 4             52 
 4             53 
 4             56 
 4             57 
 4             69 
 5             24 
 5             28 
 5             29 
 5             30 
 5             38 
 5             40 
 5             46 
 5             49 
 5             52 
 5             55 
 5             56 
 5             57 
 6             24 
 6             34 
 6             37 
 6             38 
 6             42 
 6             43 
 6             48 
 6             49 
 6             51 
 6             53 
 6             55 
 6             56 
 6             59 
 6             61 
 6             62 
 7             25 
 7             27 
 7             34 
 7             35 
 7             36 
 7             37 
 7             41 
 7             42 
 7             49 
 7             52 
 7             62 
 7             68 
 7             69 
 7             71 
 8             31 
 8             36 
 8             37 
 8             43 
 8             46 
 8             48 
 8             49 
 8             50 
 8             51 
 8             52 
 8             53 
 8             54 
 8             55 
 8             56 
 8             57 
 8             58 
 8             59 
 8             60 
 8             61 
 8             62 
 8             68 
 8             71 
 9             37 
 9             48 
 9             54 
 9             55 
 9             61 
 9             62 
 9             63 
 9             67 
 9             68 
 9             69 
 9             73 
 9             80 
 10            15 
 10            31 
 10            32 
 10            35 
 10            37 
 10            38 
 10            42 
 10            45 
 10            47 
 10            48 
 10            50 
 10            52 
 10            55 
 10            60 
 10            61 
 11            18 
 11            23 
 11            44 
 11            46 
 11            49 
 11            58 
 11            61 
 11            62 
 12            36 
 12            41 
 12            43 
 12            44 
 12            46 
 12            47 
 12            48 
 12            51 
 12            52 
 12            53 
 12            54 
 12            55 
 12            56 
 12            57 
 12            60 
 12            61 
 12            64 
 12            68 
 12            71 
 12            86 
 13            35 
 13            36 
 13            38 
 13            46 
 13            47 
 13            50 
 13            52 
 13            53 
 13            55 
 13            56 
 13            58 
 13            60 
 13            61 
 13            62 
 13            64 
 13            66 
 13            69 
 13            71 
 13            73 
 14            30 
 14            38 
 14            39 
 14            41 
 14            43 
 14            48 
 14            50 
 14            51 
 14            52 
 14            55 
 14            56 
 14            59 
 14            82 
 15            29 
 15            34 
 15            41 
 15            44 
 15            46 
 15            51 
 15            53 
 15            56 
 15            59 
 15            62 
 15            65 
 15            66 
 15            68 
 15            71 
 15            73 
 15            80 
 16            29 
 16            44 
 16            46 
 16            47 
 16            48 
 16            50 
 16            53 
 16            56 
 16            57 
 16            59 
 16            61 
 16            62 
 16            65 
 16            71 
 16            73 
 16            80 
 17            32 
 17            42 
 17            58 
 17            61 
 17            65 
 17            66 
 17            67 
 17            68 
 17            69 
 17            70 
 17            72 
 17            73 
 17            77 
 17            80 
 17            83 
 17            89 
 18            35 
 18            37 
 18            48 
 18            51 
 18            53 
 18            55 
 18            56 
 18            57 
 18            65 
 18            67 
 18            68 
 18            69 
 18            71 
 18            73 
 18            86 
 19            43 
 19            44 
 19            54 
 19            56 
 19            60 
 19            63 
 19            64 
 19            65 
 19            68 
 19            69 
 19            71 
 19            74 
 19            78 
 19            79 
 19            86 
 19            89 
 20            48 
 20            52 
 20            54 
 20            56 
 20            57 
 20            58 
 20            60 
 20            62 
 20            65 
 20            68 
 20            70 
 20            71 
 20            73 
 20            74 
 20            80 
 20            81 
 20            83 
 20            89 
 21            46 
 21            49 
 21            53 
 21            54 
 21            59 
 21            60 
 21            61 
 21            65 
 21            67 
 21            69 
 21            71 
 21            73 
 21            74 
 21            75 
 21            77 
 21            79 
 21            80 
 21            82 
 22            35 
 22            44 
 22            46 
 22            47 
 22            50 
 22            55 
 22            56 
 22            58 
 22            61 
 22            65 
 22            68 
 22            69 
 22            71 
 22            72 
 22            78 
 22            82 
 23            52 
 23            55 
 23            69 
 23            70 
 23            71 
 23            75 
 23            78 
 23            82 
 23            85 
 23            89 
 23            94 
 24            41 
 24            47 
 24            54 
 24            60 
 24            63 
 24            67 
 24            69 
 24            73 
 24            76 
 24            80 
 24            86 
 24            88 
 24            89 
 24            90 
 25            46 
 25            47 
 25            51 
 25            55 
 25            59 
 25            60 
 25            67 
 25            73 
 25            76 
 25            78 
 25            82 
 25            89 
 25            90 
 25            94 
 25            110 
 26            48 
 26            53 
 26            55 
 26            59 
 26            60 
 26            61 
 26            63 
 26            69 
 26            73 
 26            77 
 26            80 
 26            81 
 26            82 
 26            86 
 26            88 
 26            90 
 27            43 
 27            58 
 27            61 
 27            64 
 27            67 
 27            72 
 27            74 
 27            76 
 27            82 
 27            85 
 27            88 
 27            89 
 27            91 
 27            92 
 28            48 
 28            60 
 28            65 
 28            67 
 28            71 
 28            73 
 28            82 
 28            83 
 28            84 
 28            86 
 28            88 
 29            58 
 29            64 
 29            67 
 29            69 
 29            74 
 29            75 
 29            76 
 29            78 
 29            79 
 29            83 
 29            84 
 29            87 
 29            88 
 29            91 
 29            97 
 29            107 
 30            61 
 30            65 
 30            67 
 30            69 
 30            70 
 30            71 
 30            74 
 30            78 
 30            79 
 30            80 
 30            81 
 30            83 
 30            84 
 30            85 
 30            88 
 30            91 
 30            92 
 31            64 
 31            69 
 31            72 
 31            74 
 31            75 
 31            77 
 31            79 
 31            83 
 31            84 
 31            85 
 31            87 
 31            88 
 31            89 
 31            92 
 31            93 
 31            94 
 31            97 
 31            107 
 31            113 
 32            54 
 32            59 
 32            63 
 32            71 
 32            74 
 32            75 
 32            79 
 32            81 
 32            87 
 32            88 
 32            90 
 32            91 
 32            93 
 32            94 
 32            95 
 33            63 
 33            72 
 33            73 
 33            76 
 33            77 
 33            78 
 33            80 
 33            81 
 33            85 
 33            87 
 33            88 
 33            90 
 33            96 
 33            97 
 33            98 
 33            109 
 34            57 
 34            58 
 34            64 
 34            70 
 34            72 
 34            75 
 34            76 
 34            78 
 34            79 
 34            83 
 34            84 
 34            85 
 34            89 
 34            92 
 34            94 
 34            97 
 34            99 
 34            107 
 35            54 
 35            59 
 35            63 
 35            70 
 35            74 
 35            75 
 35            76 
 35            79 
 35            80 
 35            81 
 35            84 
 35            87 
 35            88 
 35            89 
 35            93 
 36            65 
 36            70 
 36            72 
 36            75 
 36            76 
 36            77 
 36            78 
 36            79 
 36            80 
 36            82 
 36            83 
 36            85 
 36            88 
 36            89 
 36            91 
 36            92 
 36            113 
 37            64 
 37            74 
 37            75 
 37            76 
 37            78 
 37            84 
 37            85 
 37            89 
 37            91 
 37            92 
 37            94 
 37            97 
 37            99 
 37            107 
 37            113 
 38            67 
 38            68 
 38            78 
 38            85 
 38            88 
 38            91 
 38            96 
 38            98 
 38            102 
 38            103 
 38            104 
 38            107 
 38            110 
 38            111 
 38            113 
 39            58 
 39            60 
 39            62 
 39            65 
 39            68 
 39            76 
 39            77 
 39            78 
 39            79 
 39            81 
 39            83 
 39            84 
 39            89 
 39            91 
 40            62 
 40            79 
 40            90 
 40            113 
 40            117 
 40            118 
 41            74 
 41            81 
 41            85 
 41            91 
 41            92 
 41            94 
 41            96 
 41            97 
 41            99 
 41            100 
 41            103 
 41            104 
 41            110 
 42            76 
 42            81 
 42            84 
 42            86 
 42            88 
 42            90 
 42            92 
 42            96 
 42            97 
 42            98 
 42            106 
 42            109 
 43            73 
 43            75 
 43            80 
 43            81 
 43            83 
 43            84 
 43            87 
 43            93 
 43            96 
 43            97 
 43            100 
 43            101 
 43            105 
 43            109 
 43            111 
 44            67 
 44            90 
 44            91 
 44            98 
 44            99 
 44            100 
 44            102 
 44            104 
 44            105 
 44            107 
 44            109 
 44            110 
 44            111 
 44            113 
 44            114 
 45            77 
 45            81 
 45            83 
 45            86 
 45            87 
 45            90 
 45            94 
 45            95 
 45            96 
 45            97 
 45            98 
 45            99 
 45            101 
 45            104 
 45            106 
 45            107 
 45            108 
 45            109 
 45            113 
 45            114 
 46            63 
 46            81 
 46            85 
 46            88 
 46            91 
 46            93 
 46            96 
 46            98 
 46            100 
 46            103 
 46            104 
 46            107 
 46            111 
 47            79 
 47            83 
 47            84 
 47            87 
 47            92 
 47            93 
 47            105 
 47            108 
 47            112 
 47            118 
 47            125 
 48            66 
 48            72 
 48            75 
 48            76 
 48            78 
 48            79 
 48            91 
 48            92 
 48            93 
 48            102 
 48            105 
 48            108 
 48            109 
 48            110 
 49            66 
 49            76 
 49            83 
 49            89 
 49            92 
 49            101 
 49            102 
 49            103 
 49            106 
 49            108 
 49            110 
 49            112 
 49            113 
 50            83 
 50            87 
 50            89 
 50            91 
 50            92 
 50            95 
 50            98 
 50            99 
 50            100 
 50            104 
 50            105 
 50            106 
 50            111 
 50            114 
 51            85 
 51            87 
 51            92 
 51            93 
 51            98 
 51            99 
 51            102 
 51            103 
 51            104 
 51            108 
 51            112 
 51            113 
 51            117 
 51            118 
 51            124 
 51            125 
 52            67 
 52            84 
 52            88 
 52            91 
 52            92 
 52            93 
 52            96 
 52            98 
 52            102 
 52            103 
 52            105 
 52            107 
 52            111 
 53            83 
 53            84 
 53            92 
 53            93 
 53            94 
 53            96 
 53            99 
 53            100 
 53            101 
 53            105 
 53            107 
 53            109 
 53            110 
 53            111 
 53            116 
 54            92 
 54            98 
 54            99 
 54            101 
 54            104 
 54            105 
 54            111 
 54            112 
 54            114 
 54            116 
 54            117 
 54            118 
 54            121 
 54            124 
 54            125 
 54            130 
 54            132 
 55            74 
 55            83 
 55            91 
 55            95 
 55            100 
 55            101 
 55            103 
 55            104 
 55            105 
 55            106 
 55            107 
 55            108 
 55            114 
 55            120 
 55            124 
 56            77 
 56            87 
 56            88 
 56            90 
 56            93 
 56            108 
 56            109 
 56            110 
 56            112 
 56            113 
 56            114 
 56            118 
 57            82 
 57            87 
 57            96 
 57            103 
 57            106 
 57            109 
 57            110 
 57            111 
 57            112 
 57            114 
 57            115 
 57            118 
 57            119 
 57            123 
 57            124 
 58            86 
 58            93 
 58            95 
 58            96 
 58            98 
 58            105 
 58            108 
 58            109 
 58            113 
 58            114 
 58            118 
 58            124 
 59            85 
 59            92 
 59            96 
 59            97 
 59            102 
 59            107 
 59            112 
 59            116 
 59            117 
 60            72 
 60            85 
 60            92 
 60            98 
 60            100 
 60            102 
 60            112 
 60            113 
 60            116 
 60            117 
 60            118 
 60            124 
 60            130 
 61            99 
 61            102 
 61            104 
 61            105 
 61            107 
 61            108 
 61            110 
 61            111 
 61            120 
 61            124 
 61            126 
 61            127 
 61            128 
 61            132 
 61            133 
 61            139 
 62            87 
 62            88 
 62            92 
 62            102 
 62            103 
 62            105 
 62            106 
 62            110 
 62            112 
 62            123 
 63            92 
 63            105 
 63            108 
 63            112 
 63            114 
 63            121 
 63            123 
 63            124 
 63            125 
 63            127 
 63            128 
 63            130 
 63            132 
 64            81 
 64            90 
 64            95 
 64            96 
 64            103 
 64            104 
 64            108 
 64            110 
 64            111 
 64            114 
 64            120 
 64            123 
 64            124 
 65            87 
 65            90 
 65            93 
 65            96 
 65            97 
 65            98 
 65            103 
 65            104 
 65            107 
 65            108 
 65            109 
 65            112 
 65            120 
 65            125 
 66            87 
 66            95 
 66            97 
 66            98 
 66            104 
 66            111 
 66            116 
 66            118 
 66            119 
 66            120 
 66            123 
 66            126 
 66            128 
 66            130 
 67            95 
 67            108 
 67            116 
 67            119 
 67            120 
 67            121 
 67            123 
 67            124 
 67            128 
 67            130 
 67            134 
 67            138 
 67            139 
 68            90 
 68            95 
 68            97 
 68            105 
 68            108 
 68            109 
 68            114 
 68            121 
 68            130 
 68            133 
 68            136 
 69            95 
 69            105 
 69            106 
 69            111 
 69            112 
 69            116 
 69            118 
 69            120 
 69            123 
 69            124 
 69            125 
 69            127 
 69            128 
 69            130 
 69            133 
 69            139 
 70            102 
 70            104 
 70            115 
 70            120 
 70            121 
 70            126 
 70            130 
 70            131 
 70            132 
 70            133 
 70            135 
 70            138 
 71            99 
 71            100 
 71            110 
 71            111 
 71            113 
 71            114 
 71            120 
 71            122 
 71            124 
 71            126 
 71            127 
 71            128 
 71            131 
 71            136 
 71            139 
 72            104 
 72            106 
 72            114 
 72            115 
 72            120 
 72            125 
 72            126 
 72            127 
 72            133 
 72            135 
 72            138 
 72            139 
 72            141 
 73            99 
 73            113 
 73            115 
 73            118 
 73            121 
 73            122 
 73            123 
 73            125 
 73            128 
 73            132 
 73            135 
 73            137 
 73            138 
 73            143 
 73            144 
 74            98 
 74            109 
 74            111 
 74            112 
 74            115 
 74            116 
 74            118 
 74            119 
 74            121 
 74            122 
 74            128 
 74            131 
 74            132 
 74            138 
 75            103 
 75            112 
 75            115 
 75            120 
 75            121 
 75            123 
 76            95 
 76            111 
 76            114 
 76            118 
 76            124 
 76            126 
 76            133 
 76            134 
 76            138 
 76            142 
 77            100 
 77            105 
 77            111 
 77            115 
 77            120 
 77            122 
 77            126 
 77            128 
 77            129 
 77            131 
 77            134 
 77            136 
 78            101 
 78            106 
 78            115 
 78            117 
 78            120 
 78            121 
 78            124 
 78            125 
 78            126 
 78            128 
 78            130 
 78            131 
 78            134 
 78            135 
 78            136 
 78            138 
 78            142 
 79            103 
 79            104 
 79            111 
 79            114 
 79            115 
 79            120 
 79            121 
 79            131 
 79            135 
 80            94 
 80            103 
 80            107 
 80            108 
 80            110 
 80            112 
 80            115 
 80            117 
 80            120 
 80            124 
 81            102 
 81            117 
 81            119 
 81            125 
 81            127 
 81            129 
 81            130 
 81            131 
 81            132 
 81            133 
 81            135 
 81            137 
 81            139 
 81            141 
 81            147 
 82            104 
 82            108 
 82            125 
 82            127 
 82            132 
 82            133 
 82            138 
 82            150 
 83            115 
 83            121 
 83            123 
 83            127 
 83            129 
 83            131 
 83            135 
 83            138 
 83            139 
 84            95 
 84            104 
 84            114 
 84            120 
 84            123 
 84            124 
 84            126 
 84            136 
 84            138 
 84            139 
 84            142 
 85            101 
 85            105 
 85            106 
 85            114 
 85            115 
 85            120 
 85            121 
 85            122 
 85            123 
 85            126 
 85            128 
 85            131 
 85            132 
 85            136 
 86            100 
 86            110 
 86            111 
 86            112 
 86            115 
 86            116 
 86            128 
 86            130 
 86            131 
 86            134 
 86            142 
 87            134 
 87            137 
 87            138 
 87            139 
 87            141 
 87            142 
 87            143 
 87            147 
 87            148 
 87            149 
 87            154 
 87            155 
 87            157 
 87            161 
 87            162 
 88            99 
 88            122 
 88            124 
 88            125 
 88            128 
 88            131 
 88            132 
 88            134 
 88            135 
 88            136 
 88            138 
 88            140 
 88            143 
 88            146 
 88            150 
 89            109 
 89            121 
 89            122 
 89            124 
 89            126 
 89            128 
 89            134 
 89            139 
 89            142 
 90            116 
 90            122 
 90            127 
 90            128 
 90            129 
 90            132 
 90            135 
 90            137 
 90            140 
 90            141 
 90            145 
 90            150 
 90            157 
 91            112 
 91            116 
 91            118 
 91            123 
 91            128 
 91            130 
 91            132 
 91            134 
 91            138 
 91            139 
 91            142 
 91            143 
 92            115 
 92            119 
 92            120 
 92            122 
 92            135 
 92            136 
 92            139 
 92            140 
 92            142 
 92            144 
 93            106 
 93            119 
 93            123 
 93            126 
 93            130 
 93            135 
 93            136 
 93            137 
 93            138 
 93            141 
 93            142 
 93            143 
 93            149 
 93            155 
 94            118 
 94            133 
 94            137 
 94            141 
 94            142 
 94            143 
 94            144 
 94            146 
 94            150 
 94            155 
 94            159 
 94            162 
 95            115 
 95            117 
 95            122 
 95            129 
 95            131 
 95            132 
 95            135 
 95            141 
 95            143 
 95            145 
 95            149 
 96            127 
 96            130 
 96            132 
 96            133 
 96            135 
 96            137 
 96            144 
 96            145 
 96            147 
 96            150 
 96            155 
 96            162 
 97            115 
 97            124 
 97            131 
 97            132 
 97            134 
 97            135 
 97            139 
 97            140 
 97            141 
 97            143 
 97            145 
 98            127 
 98            133 
 98            139 
 98            140 
 98            144 
 98            145 
 98            147 
 98            157 
 98            166 
 99            129 
 99            142 
 99            145 
 99            148 
 99            151 
 99            154 
 99            161 
 99            162 
 99            165 
 99            175 
 100           119 
 100           121 
 100           125 
 100           132 
 100           133 
 100           137 
 100           143 
 100           146 
 100           153 
 100           155 
 100           160 
 101           129 
 101           133 
 101           137 
 101           139 
 101           143 
 101           145 
 101           146 
 101           147 
 101           148 
 101           149 
 101           154 
 101           157 
 101           162 
 102           134 
 102           136 
 102           142 
 102           143 
 102           144 
 102           149 
 102           155 
 102           157 
 102           159 
 102           161 
 102           162 
 103           116 
 103           122 
 103           126 
 103           127 
 103           128 
 103           129 
 103           130 
 103           132 
 103           133 
 103           136 
 103           138 
 103           140 
 103           141 
 103           150 
 104           129 
 104           140 
 104           145 
 104           148 
 104           151 
 104           153 
 104           157 
 104           159 
 104           160 
 104           161 
 104           165 
 104           170 
 104           175 
 104           177 
 105           119 
 105           135 
 105           138 
 105           140 
 105           141 
 105           142 
 105           143 
 105           146 
 105           147 
 105           150 
 105           153 
 105           154 
 105           159 
 106           144 
 106           145 
 106           147 
 106           148 
 106           160 
 106           162 
 106           165 
 106           166 
 106           175 
 106           177 
 107           130 
 107           134 
 107           143 
 107           144 
 107           149 
 107           150 
 107           155 
 107           162 
 107           177 
 108           122 
 108           131 
 108           135 
 108           137 
 108           141 
 108           142 
 108           145 
 108           146 
 108           147 
 108           153 
 108           159 
 109           129 
 109           135 
 109           140 
 109           144 
 109           145 
 109           146 
 109           153 
 109           159 
 109           162 
 109           167 
 109           175 
 110           121 
 110           135 
 110           138 
 110           143 
 110           148 
 110           150 
 110           153 
 110           155 
 110           162 
 111           137 
 111           143 
 111           146 
 111           148 
 111           149 
 111           151 
 111           153 
 111           154 
 111           159 
 111           160 
 111           162 
 111           183 
 112           126 
 112           129 
 112           135 
 112           136 
 112           140 
 112           141 
 112           146 
 112           147 
 112           149 
 112           150 
 112           162 
 113           154 
 113           156 
 113           157 
 113           160 
 113           161 
 113           162 
 113           163 
 113           164 
 113           167 
 113           168 
 113           169 
 113           170 
 113           171 
 113           172 
 113           175 
 113           177 
 113           180 
 113           183 
 113           185 
 113           188 
 114           148 
 114           156 
 114           157 
 114           159 
 114           165 
 114           166 
 114           168 
 114           170 
 114           175 
 114           183 
 114           188 
 114           191 
 114           197 
 115           146 
 115           147 
 115           150 
 115           153 
 115           154 
 115           157 
 115           160 
 115           161 
 115           162 
 115           163 
 115           164 
 115           166 
 115           167 
 115           170 
 115           171 
 115           175 
 115           176 
 115           177 
 115           185 
 116           144 
 116           146 
 116           148 
 116           151 
 116           152 
 116           154 
 116           159 
 116           161 
 116           162 
 116           165 
 116           166 
 116           175 
 116           177 
 116           183 
 116           185 
 117           140 
 117           144 
 117           146 
 117           148 
 117           150 
 117           151 
 117           154 
 117           160 
 117           161 
 117           162 
 117           165 
 117           166 
 117           175 
 118           136 
 118           140 
 118           147 
 118           149 
 118           152 
 118           153 
 118           160 
 118           161 
 118           168 
 119           148 
 119           157 
 119           162 
 119           170 
 119           175 
 119           178 
 119           186 
 119           188 
 120           137 
 120           143 
 120           145 
 120           149 
 120           153 
 120           154 
 120           155 
 120           157 
 120           159 
 120           161 
 120           162 
 120           163 
 120           168 
 120           172 
 120           176 
 120           179 
 121           140 
 121           141 
 121           149 
 121           151 
 121           154 
 121           157 
 121           158 
 121           159 
 121           161 
 121           163 
 121           164 
 121           165 
 121           166 
 121           167 
 121           169 
 121           172 
 121           176 
 121           178 
 122           152 
 122           158 
 122           161 
 122           163 
 122           165 
 122           166 
 122           168 
 122           170 
 122           173 
 122           176 
 122           178 
 122           179 
 122           180 
 122           183 
 123           150 
 123           152 
 123           153 
 123           156 
 123           161 
 123           162 
 123           164 
 123           167 
 123           168 
 123           171 
 123           172 
 123           173 
 123           175 
 123           176 
 123           179 
 123           180 
 123           183 
 123           185 
 123           188 
 124           137 
 124           148 
 124           149 
 124           156 
 124           162 
 124           172 
 124           185 
 125           148 
 125           154 
 125           157 
 125           166 
 125           175 
 125           178 
 125           183 
 125           189 
 125           191 
 126           144 
 126           151 
 126           153 
 126           157 
 126           160 
 126           163 
 126           175 
 127           134 
 127           142 
 127           143 
 127           148 
 127           149 
 127           154 
 127           178 
 128           147 
 128           154 
 128           163 
 128           167 
 128           170 
 128           171 
 128           175 
 128           176 
 128           178 
 128           185 
 128           188 
 128           189 
 128           192 
 128           194 
 129           152 
 129           155 
 129           156 
 129           158 
 129           163 
 129           164 
 129           166 
 129           168 
 129           172 
 129           173 
 129           176 
 129           185 
 129           188 
 129           197 
 130           146 
 130           148 
 130           154 
 130           161 
 130           165 
 130           166 
 130           169 
 130           175 
 131           148 
 131           154 
 131           155 
 131           157 
 131           162 
 131           166 
 131           168 
 131           170 
 131           175 
 131           178 
 131           185 
 131           188 
 132           156 
 132           159 
 132           163 
 132           165 
 132           168 
 132           170 
 132           171 
 132           172 
 132           175 
 132           177 
 132           179 
 132           180 
 132           183 
 132           187 
 132           188 
 132           191 
 132           197 
 133           163 
 133           164 
 133           165 
 133           169 
 133           170 
 133           171 
 133           173 
 133           175 
 133           176 
 133           177 
 133           178 
 133           179 
 133           180 
 133           186 
 133           188 
 133           191 
 133           192 
 133           193 
 133           195 
 133           196 
 134           151 
 134           152 
 134           153 
 134           158 
 134           160 
 134           163 
 134           164 
 134           165 
 134           167 
 134           170 
 134           171 
 134           172 
 134           173 
 134           175 
 134           176 
 134           185 
 134           188 
 134           195 
 135           151 
 135           152 
 135           160 
 135           161 
 135           170 
 135           171 
 135           177 
 135           188 
 136           145 
 136           148 
 136           154 
 136           156 
 136           165 
 136           166 
 136           170 
 136           172 
 136           175 
 136           177 
 137           152 
 137           158 
 137           165 
 137           166 
 137           170 
 137           171 
 137           173 
 137           174 
 137           175 
 137           180 
 137           181 
 137           186 
 137           193 
 138           156 
 138           166 
 138           167 
 138           168 
 138           169 
 138           172 
 138           175 
 138           176 
 138           177 
 138           179 
 138           181 
 138           185 
 138           187 
 138           191 
 138           194 
 139           151 
 139           159 
 139           160 
 139           164 
 139           165 
 139           169 
 139           170 
 139           172 
 139           173 
 139           175 
 139           176 
 139           178 
 139           185 
 139           186 
 139           188 
 139           191 
 139           195 
 140           179 
 140           183 
 140           185 
 140           188 
 140           189 
 140           190 
 140           191 
 140           192 
 140           194 
 140           195 
 140           198 
 140           201 
 140           203 
 140           205 
 140           206 
 140           207 
 140           209 
 140           210 
 140           212 
 140           213 
 141           170 
 141           173 
 141           181 
 141           184 
 141           186 
 141           189 
 141           192 
 141           200 
 141           204 
 141           207 
 141           208 
 141           210 
 142           163 
 142           172 
 142           185 
 142           187 
 142           189 
 142           190 
 142           193 
 142           194 
 142           197 
 142           201 
 143           167 
 143           173 
 143           174 
 143           181 
 143           182 
 143           184 
 143           185 
 143           189 
 143           190 
 143           191 
 143           192 
 143           193 
 143           194 
 143           196 
 143           197 
 143           198 
 143           207 
 143           210 
 144           156 
 144           168 
 144           169 
 144           170 
 144           171 
 144           172 
 144           173 
 144           181 
 144           188 
 144           191 
 144           194 
 144           197 
 145           164 
 145           184 
 145           185 
 145           186 
 145           187 
 145           188 
 145           190 
 145           191 
 145           192 
 145           196 
 145           197 
 145           203 
 145           206 
 145           212 
 146           168 
 146           172 
 146           174 
 146           178 
 146           179 
 146           180 
 146           184 
 146           188 
 146           189 
 146           190 
 146           191 
 146           193 
 146           195 
 146           197 
 146           203 
 146           204 
 147           174 
 147           183 
 147           187 
 147           191 
 147           193 
 147           195 
 147           196 
 147           198 
 147           204 
 147           206 
 147           207 
 147           208 
 147           210 
 147           213 
 148           163 
 148           164 
 148           167 
 148           171 
 148           173 
 148           176 
 148           179 
 148           180 
 148           190 
 148           192 
 148           193 
 148           194 
 148           195 
 148           196 
 149           175 
 149           187 
 149           188 
 149           189 
 149           192 
 149           196 
 149           200 
 149           204 
 149           206 
 149           207 
 149           208 
 149           209 
 149           210 
 149           212 
 149           213 
 149           214 
 149           216 
 149           224 
 150           169 
 150           181 
 150           187 
 150           192 
 150           196 
 150           198 
 150           200 
 150           204 
 150           207 
 150           213 
 151           168 
 151           174 
 151           180 
 151           181 
 151           182 
 151           189 
 151           190 
 151           192 
 151           193 
 151           196 
 151           197 
 151           201 
 151           204 
 151           205 
 151           207 
 151           214 
 151           218 
 152           169 
 152           189 
 152           196 
 152           198 
 152           207 
 152           210 
 152           221 
 153           181 
 153           187 
 153           190 
 153           191 
 153           193 
 153           200 
 153           205 
 153           208 
 153           211 
 153           213 
 153           224 
 154           173 
 154           186 
 154           190 
 154           193 
 154           195 
 154           197 
 154           198 
 154           200 
 154           201 
 154           202 
 154           207 
 154           208 
 154           210 
 154           214 
 154           217 
 154           218 
 154           221 
 155           183 
 155           191 
 155           198 
 155           206 
 155           207 
 155           209 
 155           210 
 155           211 
 155           212 
 155           213 
 155           231 
 156           178 
 156           182 
 156           184 
 156           186 
 156           189 
 156           190 
 156           193 
 156           195 
 156           198 
 156           204 
 156           206 
 156           207 
 156           217 
 157           194 
 157           202 
 157           206 
 157           207 
 157           208 
 157           212 
 157           213 
 157           215 
 157           218 
 157           221 
 157           222 
 157           224 
 157           228 
 157           231 
 157           239 
 158           182 
 158           192 
 158           194 
 158           198 
 158           202 
 158           203 
 158           204 
 158           205 
 158           206 
 158           210 
 158           213 
 158           217 
 158           218 
 158           224 
 159           205 
 159           213 
 159           215 
 159           216 
 159           217 
 159           218 
 159           221 
 159           224 
 159           229 
 159           231 
 159           234 
 159           238 
 159           240 
 159           256 
 160           179 
 160           200 
 160           201 
 160           204 
 160           205 
 160           209 
 160           210 
 160           212 
 160           213 
 160           214 
 160           215 
 160           216 
 160           218 
 160           221 
 160           227 
 161           174 
 161           181 
 161           182 
 161           186 
 161           187 
 161           190 
 161           191 
 161           192 
 161           193 
 161           194 
 161           195 
 161           196 
 161           202 
 161           204 
 161           205 
 161           207 
 161           210 
 161           213 
 161           218 
 162           191 
 162           196 
 162           197 
 162           198 
 162           199 
 162           200 
 162           201 
 162           206 
 162           208 
 162           209 
 162           210 
 162           212 
 162           213 
 162           218 
 162           221 
 162           224 
 162           231 
 163           174 
 163           181 
 163           182 
 163           198 
 163           204 
 163           205 
 163           207 
 163           210 
 163           212 
 163           213 
 163           214 
 164           198 
 164           199 
 164           200 
 164           202 
 164           204 
 164           205 
 164           208 
 164           209 
 164           210 
 164           211 
 164           213 
 164           216 
 164           219 
 164           221 
 164           222 
 164           227 
 164           230 
 164           231 
 165           194 
 165           201 
 165           203 
 165           213 
 165           217 
 165           218 
 165           220 
 165           222 
 165           224 
 165           228 
 165           231 
 165           233 
 166           209 
 166           211 
 166           216 
 166           219 
 166           221 
 166           222 
 166           225 
 166           227 
 166           228 
 166           229 
 166           230 
 166           231 
 166           233 
 166           235 
 166           236 
 166           237 
 166           238 
 166           242 
 166           246 
 166           247 
 166           248 
 166           255 
 167           199 
 167           212 
 167           213 
 167           214 
 167           215 
 167           216 
 167           220 
 167           221 
 167           222 
 167           228 
 167           229 
 167           231 
 167           234 
 167           239 
 167           240 
 167           249 
 167           251 
 168           206 
 168           208 
 168           209 
 168           210 
 168           211 
 168           212 
 168           219 
 168           221 
 168           222 
 168           224 
 168           225 
 168           227 
 168           228 
 168           231 
 168           236 
 168           237 
 168           238 
 169           184 
 169           190 
 169           202 
 169           203 
 169           206 
 169           208 
 169           212 
 169           217 
 169           222 
 169           224 
 170           205 
 170           213 
 170           218 
 170           219 
 170           220 
 170           221 
 170           222 
 170           229 
 170           230 
 170           231 
 170           232 
 170           234 
 170           238 
 170           240 
 170           242 
 170           247 
 170           256 
 171           184 
 171           198 
 171           202 
 171           212 
 171           213 
 171           215 
 171           216 
 171           218 
 171           222 
 172           192 
 172           196 
 172           199 
 172           207 
 172           208 
 172           210 
 172           215 
 172           218 
 172           219 
 172           228 
 172           232 
 172           235 
 172           237 
 173           187 
 173           203 
 173           205 
 173           209 
 173           211 
 173           212 
 173           213 
 173           219 
 173           222 
 173           231 
 173           242 
 174           199 
 174           200 
 174           209 
 174           215 
 174           216 
 174           217 
 174           221 
 174           222 
 174           224 
 174           228 
 174           229 
 174           230 
 174           234 
 174           235 
 174           237 
 174           239 
 175           202 
 175           205 
 175           215 
 175           220 
 175           221 
 175           222 
 175           223 
 175           229 
 175           230 
 175           232 
 175           234 
 175           238 
 175           240 
 175           242 
 175           243 
 175           246 
 175           253 
 175           259 
 176           200 
 176           203 
 176           211 
 176           213 
 176           217 
 176           222 
 176           224 
 176           225 
 176           228 
 176           231 
 176           233 
 176           235 
 176           236 
 176           249 
 177           206 
 177           212 
 177           213 
 177           215 
 177           219 
 177           220 
 177           222 
 177           225 
 177           227 
 177           228 
 177           229 
 177           231 
 177           232 
 177           234 
 177           237 
 177           238 
 177           239 
 177           240 
 177           251 
 178           199 
 178           200 
 178           212 
 178           213 
 178           216 
 178           221 
 178           222 
 178           227 
 178           228 
 178           229 
 178           230 
 178           231 
 178           235 
 178           237 
 178           249 
 178           251 
 179           202 
 179           220 
 179           222 
 179           223 
 179           224 
 179           225 
 179           231 
 179           232 
 179           233 
 179           234 
 179           237 
 179           238 
 179           239 
 179           240 
 179           241 
 179           243 
 179           248 
 179           249 
 179           253 
 179           255 
 179           259 
 180           200 
 180           202 
 180           208 
 180           215 
 180           216 
 180           217 
 180           219 
 180           222 
 180           224 
 180           225 
 180           228 
 180           229 
 180           231 
 180           233 
 180           234 
 180           235 
 180           237 
 180           239 
 181           203 
 181           206 
 181           209 
 181           219 
 181           221 
 181           225 
 181           231 
 181           236 
 181           238 
 181           239 
 181           247 
 182           199 
 182           200 
 182           208 
 182           209 
 182           211 
 182           216 
 182           219 
 182           220 
 182           221 
 182           222 
 182           227 
 182           228 
 182           229 
 182           230 
 182           237 
 183           215 
 183           218 
 183           221 
 183           222 
 183           223 
 183           225 
 183           230 
 183           232 
 183           234 
 183           235 
 183           237 
 183           239 
 183           240 
 183           242 
 183           243 
 183           246 
 183           247 
 183           249 
 183           251 
 183           253 
 183           256 
 183           259 
 184           199 
 184           201 
 184           205 
 184           209 
 184           214 
 184           220 
 184           227 
 184           231 
 185           202 
 185           215 
 185           222 
 185           223 
 185           234 
 185           236 
 185           238 
 185           240 
 185           242 
 185           243 
 185           246 
 185           247 
 185           249 
 185           253 
 185           259 
 186           215 
 186           222 
 186           224 
 186           228 
 186           229 
 186           232 
 186           233 
 186           234 
 186           235 
 186           237 
 186           239 
 186           243 
 186           245 
 186           246 
 186           247 
 186           251 
 186           253 
 186           254 
 186           256 
 186           259 
 186           266 
 187           227 
 187           229 
 187           232 
 187           233 
 187           241 
 187           243 
 187           244 
 187           249 
 187           250 
 187           251 
 187           254 
 187           255 
 187           256 
 187           263 
 187           264 
 187           266 
 188           219 
 188           220 
 188           223 
 188           226 
 188           229 
 188           230 
 188           235 
 188           240 
 188           243 
 188           248 
 188           249 
 188           251 
 188           253 
 188           256 
 189           219 
 189           227 
 189           231 
 189           234 
 189           239 
 189           240 
 189           241 
 189           242 
 189           243 
 189           248 
 189           255 
 189           257 
 189           263 
 189           266 
 189           268 
 190           199 
 190           231 
 190           232 
 190           234 
 190           235 
 190           237 
 190           239 
 190           240 
 190           241 
 190           243 
 190           244 
 190           246 
 190           249 
 190           251 
 190           253 
 190           254 
 190           259 
 191           214 
 191           216 
 191           217 
 191           220 
 191           222 
 191           223 
 191           226 
 191           227 
 191           228 
 191           229 
 191           236 
 191           238 
 191           239 
 191           240 
 191           247 
 191           255 
 191           256 
 191           259 
 192           230 
 192           231 
 192           239 
 192           240 
 192           243 
 192           246 
 192           249 
 192           252 
 192           256 
 192           259 
 192           263 
 192           266 
 192           267 
 193           209 
 193           212 
 193           219 
 193           223 
 193           225 
 193           227 
 193           229 
 193           231 
 193           235 
 193           236 
 193           238 
 193           241 
 193           255 
 194           200 
 194           216 
 194           219 
 194           225 
 194           227 
 194           229 
 194           234 
 194           236 
 194           237 
 194           243 
 194           245 
 194           249 
 194           266 
 195           226 
 195           228 
 195           231 
 195           240 
 195           242 
 195           245 
 195           246 
 195           247 
 195           249 
 195           254 
 195           256 
 196           222 
 196           223 
 196           225 
 196           233 
 196           234 
 196           238 
 196           240 
 196           241 
 196           246 
 196           248 
 196           253 
 196           254 
 196           256 
 196           261 
 197           215 
 197           219 
 197           223 
 197           225 
 197           232 
 197           233 
 197           237 
 197           239 
 197           240 
 197           242 
 197           243 
 197           246 
 197           249 
 197           251 
 197           253 
 197           254 
 197           256 
 198           229 
 198           239 
 198           241 
 198           243 
 198           244 
 198           246 
 198           249 
 198           250 
 198           251 
 198           252 
 198           254 
 198           255 
 198           256 
 198           260 
 198           263 
 198           266 
 198           272 
 199           225 
 199           233 
 199           236 
 199           238 
 199           242 
 199           247 
 199           256 
 199           261 
 199           263 
 199           266 
 199           274 
 200           226 
 200           232 
 200           238 
 200           240 
 200           242 
 200           246 
 200           247 
 200           253 
 200           254 
 200           255 
 200           256 
 200           259 
 200           262 
 200           263 
 200           272 
 201           211 
 201           219 
 201           230 
 201           235 
 201           237 
 201           238 
 201           246 
 201           247 
 201           248 
 201           249 
 201           251 
 201           253 
 201           255 
 201           263 
 202           244 
 202           245 
 202           250 
 202           251 
 202           252 
 202           254 
 202           256 
 202           257 
 202           258 
 202           260 
 202           263 
 202           264 
 202           265 
 202           266 
 202           267 
 202           268 
 202           280 
 202           281 
 203           215 
 203           216 
 203           227 
 203           229 
 203           234 
 203           237 
 203           240 
 203           246 
 203           251 
 203           253 
 203           259 
 203           263 
 203           266 
 204           226 
 204           228 
 204           229 
 204           240 
 204           245 
 204           246 
 204           252 
 204           253 
 204           254 
 204           256 
 204           261 
 204           265 
 204           272 
 204           280 
 205           225 
 205           228 
 205           233 
 205           235 
 205           236 
 205           237 
 205           239 
 205           249 
 205           251 
 205           252 
 205           255 
 205           266 
 206           226 
 206           230 
 206           233 
 206           235 
 206           243 
 206           246 
 206           249 
 206           250 
 206           252 
 206           253 
 206           254 
 206           255 
 206           256 
 206           259 
 206           262 
 206           263 
 206           272 
 207           226 
 207           245 
 207           246 
 207           250 
 207           252 
 207           253 
 207           254 
 207           261 
 207           262 
 207           265 
 207           272 
 207           280 
 208           223 
 208           241 
 208           243 
 208           244 
 208           246 
 208           248 
 208           249 
 208           251 
 208           252 
 208           267 
 209           232 
 209           243 
 209           249 
 209           250 
 209           251 
 209           254 
 209           257 
 209           258 
 209           260 
 209           261 
 209           263 
 209           264 
 209           271 
 209           272 
 209           274 
 210           220 
 210           229 
 210           233 
 210           244 
 210           251 
 210           254 
 210           256 
 210           261 
 210           263 
 210           265 
 211           226 
 211           232 
 211           234 
 211           239 
 211           240 
 211           254 
 211           256 
 211           257 
 211           262 
 211           265 
 211           266 
 211           272 
 211           280 
 212           246 
 212           247 
 212           248 
 212           252 
 212           254 
 212           259 
 212           260 
 212           262 
 212           263 
 212           265 
 212           267 
 212           272 
 212           273 
 212           278 
 212           280 
 213           223 
 213           226 
 213           243 
 213           246 
 213           250 
 213           253 
 213           259 
 213           261 
 214           235 
 214           237 
 214           243 
 214           246 
 214           248 
 214           260 
 214           262 
 214           267 
 214           272 
 215           226 
 215           248 
 215           250 
 215           255 
 215           257 
 215           261 
 215           262 
 215           265 
 215           268 
 215           269 
 215           272 
 215           280 
 216           232 
 216           250 
 216           254 
 216           257 
 216           260 
 216           262 
 216           264 
 216           265 
 216           272 
 216           274 
 216           278 
 216           280 
 216           281 
 217           245 
 217           251 
 217           257 
 217           258 
 217           260 
 217           261 
 217           263 
 217           264 
 217           265 
 217           267 
 217           271 
 217           274 
 217           281 
 218           245 
 218           250 
 218           257 
 218           260 
 218           261 
 218           262 
 218           263 
 218           264 
 218           265 
 218           266 
 218           271 
 218           274 
 218           280 
 218           281 
 219           252 
 219           258 
 219           259 
 219           260 
 219           261 
 219           262 
 219           265 
 219           267 
 219           269 
 219           271 
 219           274 
 219           281 
 220           258 
 220           260 
 220           264 
 220           266 
 220           268 
 220           271 
 220           272 
 220           276 
 221           244 
 221           254 
 221           257 
 221           267 
 221           268 
 221           279 
 221           280 
 222           257 
 222           258 
 222           268 
 222           270 
 222           275 
 222           277 
 222           282 
 222           286 
 222           289 
 223           245 
 223           257 
 223           260 
 223           262 
 223           263 
 223           264 
 223           266 
 223           272 
 223           273 
 223           274 
 223           276 
 223           280 
 223           281 
 223           289 
 224           242 
 224           257 
 224           258 
 224           262 
 224           263 
 224           264 
 224           269 
 224           270 
 224           271 
 224           275 
 224           277 
 225           250 
 225           260 
 225           271 
 225           272 
 225           275 
 225           278 
 225           281 
 225           286 
 226           241 
 226           244 
 226           260 
 226           264 
 226           267 
 227           258 
 227           260 
 227           261 
 227           262 
 227           269 
 227           273 
 227           274 
 227           275 
 227           280 
 227           281 
 227           282 
 227           289 
 228           257 
 228           263 
 228           264 
 228           270 
 228           271 
 228           274 
 228           275 
 228           276 
 228           277 
 228           278 
 228           285 
 228           286 
 229           262 
 229           267 
 229           270 
 229           273 
 229           277 
 229           278 
 229           281 
 229           282 
 229           283 
 229           285 
 229           287 
 229           289 
 229           290 
 229           293 
 230           245 
 230           260 
 230           261 
 230           265 
 230           274 
 230           289 
 231           258 
 231           262 
 231           270 
 231           271 
 231           272 
 231           274 
 231           275 
 231           277 
 231           286 
 231           287 
 232           252 
 232           268 
 232           269 
 232           273 
 232           275 
 232           276 
 232           284 
 232           290 
 232           295 
 233           257 
 233           267 
 233           268 
 233           269 
 233           270 
 233           271 
 233           275 
 233           276 
 233           278 
 233           279 
 233           280 
 233           281 
 234           273 
 234           279 
 234           284 
 234           285 
 234           286 
 234           288 
 234           290 
 234           291 
 234           294 
 234           295 
 234           297 
 234           299 
 234           301 
 235           268 
 235           270 
 235           274 
 235           276 
 235           277 
 235           278 
 235           279 
 235           282 
 235           289 
 235           290 
 235           294 
 235           301 
 236           257 
 236           258 
 236           262 
 236           264 
 236           270 
 236           272 
 236           273 
 236           275 
 236           277 
 236           280 
 236           285 
 236           286 
 236           289 
 237           258 
 237           261 
 237           269 
 237           271 
 237           274 
 237           277 
 237           280 
 237           287 
 238           258 
 238           271 
 238           277 
 238           285 
 238           287 
 239           261 
 239           264 
 239           270 
 239           277 
 239           287 
 239           289 
 239           291 
 239           293 
 239           294 
 240           250 
 240           270 
 240           275 
 240           278 
 240           287 
 240           290 
 241           258 
 241           273 
 241           281 
 241           282 
 241           285 
 241           287 
 241           289 
 241           290 
 242           265 
 242           267 
 242           273 
 242           276 
 242           279 
 242           280 
 242           282 
 242           283 
 242           284 
 242           285 
 242           288 
 242           290 
 242           292 
 242           293 
 242           295 
 243           265 
 243           276 
 243           279 
 243           280 
 243           283 
 243           284 
 243           286 
 243           288 
 243           292 
 243           293 
 243           295 
 243           299 
 244           270 
 244           271 
 244           274 
 244           276 
 244           278 
 244           285 
 244           287 
 245           270 
 245           275 
 245           277 
 245           278 
 245           279 
 245           282 
 245           283 
 245           285 
 245           286 
 245           287 
 245           290 
 245           291 
 245           293 
 246           257 
 246           268 
 246           269 
 246           274 
 246           275 
 246           276 
 246           277 
 246           279 
 246           282 
 246           289 
 246           300 
 247           287 
 247           288 
 247           290 
 247           295 
 247           297 
 247           299 
 247           300 
 247           301 
 248           281 
 248           282 
 248           286 
 248           287 
 248           288 
 248           291 
 248           294 
 248           295 
 248           301 
 249           265 
 249           268 
 249           273 
 249           276 
 249           280 
 249           281 
 249           289 
 249           292 
 249           294 
 249           295 
 249           299 
 250           273 
 250           276 
 250           279 
 250           282 
 250           284 
 250           288 
 250           289 
 250           291 
 250           292 
 250           293 
 250           294 
 250           295 
 250           298 
 251           273 
 251           282 
 251           286 
 251           287 
 251           292 
 251           294 
 251           297 
 251           301 
 252           285 
 252           286 
 252           288 
 252           289 
 252           293 
 252           294 
 252           296 
 252           299 
 252           301 
 253           275 
 253           277 
 253           279 
 253           282 
 253           286 
 253           287 
 253           291 
 253           293 
 253           295 
 254           275 
 254           283 
 254           291 
 254           295 
 254           299 
 255           275 
 255           279 
 255           295 
 255           296 
 255           298 
 255           299 
 256           271 
 256           277 
 256           278 
 256           286 
 256           287 
 256           288 
 257           283 
 257           284 
 257           287 
 257           288 
 257           290 
 257           291 
 257           292 
 257           295 
 257           297 
 257           299 
 258           278 
 258           279 
 258           283 
 258           288 
 258           292 
 258           293 
 258           295 
 258           299 
 259           275 
 259           279 
 259           284 
 259           295 
 259           296 
 259           299 
 260           270 
 260           277 
 260           279 
 260           283 
 260           285 
 260           287 
 260           290 
 260           291 
 260           297 
 260           299 
 261           285 
 261           286 
 261           290 
 261           292 
 261           295 
 261           296 
 262           279 
 262           295 
 262           296 
 262           297 
 262           298 
 262           300 
 263           293 
 263           295 
 263           297 
 263           298 
 264           282 
 264           288 
 264           295 
 264           297 
 264           301 
 265           296 
 265           301 
 266           279 
 266           283 
 266           284 
 266           286 
 266           287 
 266           288 
 266           291 
 266           292 
 266           295 
 267           286 
 267           296 
 267           297 
 268           285 
 268           287 
 268           291 
 268           293 
 268           297 
 269           299 
 270           284 
 270           288 
 270           295 
 270           296 
 270           298 
 270           300 
 271           273 
 271           282 
 271           284 
 271           289 
 271           291 
 271           294 
 271           295 
 272           297 
 272           299 
 272           300 
 272           301 
 273           296 
 273           300 
 274           296 
 275           288 
 275           292 
 275           294 
 275           297 
 275           301 
 276           297 
 277           292 
 277           298 
 278           297 
 279           302 
 280           302 
 281           297 
 282           299 
 283           294 
 283           296 
 283           298 
 283           301 
 284           302 
 285           302 
 286           298 
 286           300 
 287           296 
 287           298 
 288           302 
 289           297 
 290           302 
 291           302 
 292           302 
 293           302 
 294           302 
 295           302 
 296           302 
 297           302 
 298           302 
 299           302 
 300           302 
 301           302 
