 1             2 
 1             3 
 1             4 
 1             5 
 1             6 
 1             7 
 1             8 
 1             9 
 1             10 
 1             11 
 1             12 
 1             13 
 1             14 
 1             15 
 1             16 
 1             18 
 1             19 
 1             22 
 1             23 
 1             24 
 1             25 
 1             26 
 1             27 
 1             28 
 1             33 
 1             34 
 2             21 
 2             29 
 2             31 
 2             32 
 2             40 
 2             41 
 2             42 
 2             47 
 2             48 
 2             49 
 2             53 
 2             59 
 3             50 
 3             51 
 3             60 
 3             61 
 3             62 
 3             66 
 3             67 
 3             68 
 3             69 
 3             73 
 3             74 
 3             75 
 3             76 
 3             78 
 3             79 
 3             82 
 3             83 
 4             30 
 4             42 
 4             44 
 4             53 
 4             54 
 4             57 
 4             58 
 4             64 
 4             67 
 4             68 
 4             69 
 4             73 
 4             78 
 5             45 
 5             46 
 5             49 
 5             51 
 5             52 
 5             53 
 5             56 
 5             57 
 5             61 
 5             68 
 5             69 
 5             73 
 5             86 
 6             20 
 6             38 
 6             41 
 6             44 
 6             56 
 6             62 
 6             72 
 6             75 
 7             31 
 7             38 
 7             39 
 7             43 
 7             46 
 7             54 
 7             62 
 7             63 
 7             67 
 7             69 
 7             72 
 7             79 
 8             37 
 8             48 
 8             52 
 8             53 
 8             55 
 8             57 
 8             58 
 8             59 
 8             61 
 8             62 
 8             63 
 8             64 
 8             66 
 8             68 
 8             74 
 9             43 
 9             46 
 9             53 
 9             61 
 9             62 
 9             64 
 9             65 
 9             67 
 10            32 
 10            39 
 10            43 
 10            47 
 10            50 
 10            51 
 10            55 
 10            56 
 10            57 
 10            58 
 10            59 
 10            62 
 10            68 
 10            74 
 10            76 
 11            35 
 11            50 
 11            53 
 11            54 
 11            57 
 11            62 
 11            68 
 11            69 
 11            70 
 11            73 
 11            74 
 11            80 
 11            82 
 11            83 
 12            36 
 12            42 
 12            43 
 12            46 
 12            50 
 12            54 
 12            55 
 12            57 
 12            58 
 12            59 
 12            60 
 12            61 
 12            63 
 12            64 
 12            75 
 12            76 
 13            38 
 13            55 
 13            57 
 13            58 
 13            61 
 13            63 
 13            64 
 13            66 
 13            67 
 13            71 
 13            78 
 14            17 
 14            42 
 14            43 
 14            48 
 14            49 
 14            57 
 14            58 
 14            59 
 14            60 
 14            65 
 14            67 
 15            42 
 15            52 
 15            57 
 15            59 
 15            61 
 15            63 
 15            65 
 15            75 
 15            81 
 15            83 
 15            85 
 16            38 
 16            47 
 16            49 
 16            57 
 16            58 
 16            59 
 16            62 
 16            66 
 16            67 
 16            68 
 16            72 
 16            75 
 17            46 
 17            54 
 17            55 
 17            56 
 17            61 
 17            62 
 17            63 
 17            66 
 17            68 
 17            73 
 17            75 
 17            76 
 17            80 
 17            81 
 18            35 
 18            36 
 18            38 
 18            46 
 18            48 
 18            54 
 18            55 
 18            57 
 18            58 
 18            62 
 18            63 
 18            66 
 18            68 
 19            53 
 19            57 
 19            61 
 19            69 
 19            73 
 19            76 
 19            79 
 19            83 
 19            84 
 19            86 
 20            31 
 20            47 
 20            49 
 20            54 
 20            55 
 20            57 
 20            58 
 20            65 
 20            67 
 20            68 
 20            71 
 21            44 
 21            52 
 21            61 
 21            62 
 21            66 
 21            68 
 21            74 
 21            76 
 21            78 
 21            79 
 21            86 
 22            39 
 22            53 
 22            56 
 22            58 
 22            60 
 22            62 
 22            63 
 22            67 
 22            68 
 22            72 
 22            73 
 22            74 
 22            76 
 22            80 
 22            82 
 22            83 
 22            86 
 23            36 
 23            52 
 23            53 
 23            57 
 23            61 
 23            64 
 23            65 
 23            66 
 23            70 
 23            73 
 23            78 
 23            79 
 23            80 
 23            82 
 23            83 
 24            41 
 24            53 
 24            56 
 24            57 
 24            61 
 24            63 
 24            68 
 24            73 
 24            80 
 24            82 
 24            84 
 24            86 
 25            47 
 25            57 
 25            60 
 25            65 
 25            67 
 25            71 
 25            74 
 25            75 
 25            78 
 25            79 
 25            80 
 25            82 
 25            87 
 25            94 
 26            45 
 26            60 
 26            64 
 26            69 
 26            70 
 26            72 
 26            74 
 26            83 
 26            86 
 26            97 
 26            98 
 27            56 
 27            65 
 27            72 
 27            74 
 27            91 
 27            94 
 28            50 
 28            62 
 28            66 
 28            67 
 28            69 
 28            73 
 28            75 
 28            76 
 28            78 
 28            80 
 28            81 
 28            82 
 28            83 
 28            85 
 28            87 
 28            99 
 29            46 
 29            57 
 29            60 
 29            64 
 29            69 
 29            71 
 29            75 
 29            77 
 29            88 
 29            98 
 30            46 
 30            60 
 30            63 
 30            65 
 30            72 
 30            75 
 30            79 
 30            80 
 30            84 
 30            87 
 31            64 
 31            66 
 31            70 
 31            73 
 31            80 
 31            85 
 31            90 
 31            91 
 31            97 
 31            98 
 32            54 
 32            66 
 32            71 
 32            73 
 32            75 
 32            79 
 32            80 
 32            81 
 32            82 
 32            83 
 32            85 
 32            90 
 32            96 
 32            103 
 33            46 
 33            69 
 33            72 
 33            78 
 33            80 
 33            85 
 33            86 
 33            87 
 33            89 
 33            91 
 33            95 
 34            58 
 34            62 
 34            67 
 34            69 
 34            70 
 34            73 
 34            74 
 34            76 
 34            77 
 34            80 
 34            83 
 34            85 
 34            86 
 34            87 
 34            90 
 34            99 
 35            56 
 35            64 
 35            65 
 35            67 
 35            71 
 35            72 
 35            75 
 35            81 
 35            84 
 35            85 
 36            67 
 36            84 
 36            88 
 36            89 
 36            91 
 36            92 
 36            93 
 36            96 
 36            97 
 36            99 
 36            100 
 36            102 
 36            103 
 36            104 
 36            108 
 36            109 
 36            111 
 36            113 
 36            120 
 37            71 
 37            72 
 37            73 
 37            75 
 37            76 
 37            80 
 37            81 
 37            83 
 37            84 
 37            87 
 37            89 
 37            90 
 37            92 
 37            95 
 37            99 
 37            101 
 38            60 
 38            70 
 38            73 
 38            74 
 38            76 
 38            77 
 38            80 
 38            86 
 38            90 
 38            92 
 38            95 
 38            97 
 38            98 
 38            103 
 39            75 
 39            78 
 39            88 
 39            89 
 39            94 
 39            95 
 39            99 
 39            100 
 39            106 
 39            108 
 39            109 
 39            110 
 39            121 
 40            70 
 40            77 
 40            79 
 40            81 
 40            84 
 40            86 
 40            88 
 40            90 
 40            91 
 40            93 
 40            94 
 40            97 
 40            99 
 40            103 
 40            104 
 40            108 
 40            109 
 40            112 
 41            67 
 41            74 
 41            76 
 41            77 
 41            85 
 41            89 
 41            91 
 41            92 
 41            93 
 41            95 
 41            96 
 41            97 
 41            98 
 41            103 
 41            104 
 41            112 
 42            62 
 42            79 
 42            80 
 42            87 
 42            97 
 42            99 
 43            66 
 43            70 
 43            73 
 43            77 
 43            78 
 43            82 
 43            83 
 43            85 
 43            87 
 43            90 
 43            92 
 43            97 
 43            99 
 43            102 
 43            103 
 43            105 
 44            70 
 44            77 
 44            82 
 44            83 
 44            85 
 44            87 
 44            90 
 44            91 
 44            92 
 44            97 
 44            99 
 44            102 
 44            103 
 44            104 
 44            105 
 45            62 
 45            78 
 45            80 
 45            90 
 45            99 
 46            74 
 46            82 
 46            83 
 46            90 
 46            92 
 46            94 
 46            97 
 46            99 
 46            104 
 46            105 
 46            108 
 46            110 
 46            120 
 46            122 
 47            63 
 47            83 
 47            85 
 47            86 
 47            89 
 47            90 
 47            92 
 47            95 
 47            102 
 47            104 
 48            71 
 48            79 
 48            83 
 48            93 
 48            95 
 48            96 
 48            97 
 48            98 
 48            101 
 48            102 
 48            103 
 48            104 
 48            108 
 48            114 
 49            81 
 49            82 
 49            87 
 49            92 
 49            94 
 49            95 
 49            96 
 49            97 
 49            98 
 49            99 
 49            100 
 49            102 
 49            103 
 49            108 
 49            109 
 49            110 
 50            72 
 50            86 
 50            90 
 50            93 
 50            97 
 50            98 
 50            100 
 50            104 
 50            105 
 50            113 
 51            64 
 51            70 
 51            80 
 51            84 
 51            88 
 51            92 
 51            97 
 51            104 
 52            67 
 52            84 
 52            88 
 52            90 
 52            91 
 52            92 
 52            93 
 52            94 
 52            96 
 52            99 
 52            100 
 52            102 
 52            103 
 52            108 
 52            112 
 52            120 
 53            71 
 53            75 
 53            77 
 53            81 
 53            85 
 53            88 
 53            90 
 53            92 
 53            94 
 53            95 
 53            97 
 53            99 
 53            101 
 53            102 
 53            103 
 53            104 
 53            112 
 54            77 
 54            84 
 54            89 
 54            91 
 54            93 
 54            94 
 54            99 
 54            100 
 54            101 
 54            102 
 54            109 
 54            110 
 54            112 
 55            69 
 55            77 
 55            79 
 55            84 
 55            85 
 55            89 
 55            90 
 55            91 
 55            93 
 55            94 
 55            95 
 55            97 
 55            99 
 55            102 
 55            103 
 55            104 
 55            112 
 56            78 
 56            79 
 56            88 
 56            95 
 56            98 
 56            100 
 56            101 
 56            106 
 56            108 
 56            109 
 56            112 
 56            113 
 56            122 
 57            89 
 57            93 
 57            96 
 57            100 
 57            102 
 57            107 
 57            110 
 57            111 
 57            113 
 57            117 
 57            119 
 57            120 
 57            122 
 57            123 
 57            135 
 58            81 
 58            88 
 58            89 
 58            92 
 58            93 
 58            96 
 58            97 
 58            98 
 58            100 
 58            101 
 58            104 
 58            105 
 58            106 
 58            107 
 58            108 
 58            109 
 58            110 
 58            111 
 58            112 
 58            113 
 58            119 
 59            70 
 59            78 
 59            84 
 59            86 
 59            90 
 59            92 
 59            95 
 59            97 
 59            98 
 59            103 
 59            104 
 59            105 
 59            108 
 59            112 
 59            122 
 60            81 
 60            85 
 60            89 
 60            91 
 60            99 
 60            100 
 60            101 
 60            102 
 60            104 
 60            105 
 60            111 
 60            112 
 60            116 
 60            117 
 61            72 
 61            87 
 61            97 
 61            98 
 61            101 
 61            104 
 61            108 
 61            110 
 62            71 
 62            84 
 62            89 
 62            92 
 62            93 
 62            94 
 62            95 
 62            96 
 62            101 
 62            102 
 62            103 
 62            104 
 62            105 
 62            108 
 62            109 
 62            112 
 62            120 
 63            70 
 63            77 
 63            93 
 63            97 
 63            98 
 63            99 
 63            103 
 63            105 
 63            108 
 63            112 
 63            114 
 63            122 
 63            126 
 64            87 
 64            89 
 64            94 
 64            95 
 64            96 
 64            99 
 64            102 
 64            103 
 64            105 
 64            106 
 64            111 
 64            112 
 64            115 
 64            116 
 64            119 
 64            120 
 64            121 
 64            122 
 65            76 
 65            86 
 65            88 
 65            90 
 65            95 
 65            96 
 65            97 
 65            99 
 65            102 
 65            104 
 65            105 
 65            108 
 65            109 
 65            111 
 65            112 
 65            114 
 66            88 
 66            95 
 66            101 
 66            104 
 66            106 
 66            108 
 66            109 
 66            110 
 66            111 
 66            114 
 66            118 
 66            120 
 66            126 
 66            127 
 66            133 
 67            101 
 67            105 
 67            107 
 67            110 
 67            114 
 67            117 
 67            121 
 67            122 
 67            123 
 67            126 
 67            128 
 67            133 
 67            139 
 68            92 
 68            94 
 68            101 
 68            105 
 68            106 
 68            108 
 68            112 
 68            116 
 68            119 
 68            120 
 68            122 
 68            123 
 68            125 
 68            126 
 68            127 
 68            141 
 69            92 
 69            96 
 69            101 
 69            113 
 69            117 
 69            118 
 69            122 
 69            123 
 69            126 
 69            127 
 69            128 
 69            141 
 69            154 
 70            96 
 70            100 
 70            101 
 70            106 
 70            107 
 70            110 
 70            111 
 70            113 
 70            116 
 70            117 
 70            118 
 70            119 
 70            120 
 70            121 
 70            123 
 70            133 
 71            91 
 71            100 
 71            110 
 71            111 
 71            113 
 71            116 
 71            117 
 71            123 
 71            128 
 71            133 
 72            77 
 72            88 
 72            96 
 72            102 
 72            103 
 72            106 
 72            107 
 72            112 
 72            114 
 72            115 
 72            116 
 72            119 
 72            121 
 72            122 
 72            133 
 73            93 
 73            94 
 73            100 
 73            107 
 73            108 
 73            110 
 73            111 
 73            112 
 73            119 
 73            122 
 73            123 
 73            126 
 73            133 
 73            135 
 74            100 
 74            113 
 74            117 
 74            123 
 74            124 
 74            126 
 74            128 
 74            136 
 74            141 
 74            145 
 75            105 
 75            117 
 75            118 
 75            120 
 75            122 
 75            123 
 75            126 
 75            130 
 75            131 
 75            132 
 75            133 
 75            135 
 75            138 
 75            139 
 75            140 
 75            141 
 75            145 
 75            154 
 76            119 
 76            120 
 76            122 
 76            124 
 76            125 
 76            126 
 76            127 
 76            128 
 76            129 
 76            130 
 76            131 
 76            133 
 76            134 
 76            135 
 76            136 
 76            137 
 76            140 
 76            141 
 76            145 
 76            146 
 76            154 
 77            111 
 77            118 
 77            120 
 77            123 
 77            125 
 77            128 
 77            129 
 77            130 
 77            132 
 77            135 
 77            138 
 77            139 
 77            140 
 77            141 
 77            145 
 77            146 
 77            154 
 78            93 
 78            114 
 78            115 
 78            118 
 78            119 
 78            123 
 78            126 
 78            127 
 78            129 
 78            131 
 78            135 
 78            139 
 78            140 
 78            141 
 79            92 
 79            105 
 79            110 
 79            120 
 79            123 
 79            124 
 79            125 
 79            126 
 79            127 
 79            128 
 79            130 
 79            131 
 79            133 
 79            141 
 79            145 
 80            93 
 80            106 
 80            107 
 80            108 
 80            109 
 80            114 
 80            115 
 80            118 
 80            121 
 80            123 
 80            126 
 80            131 
 80            133 
 80            135 
 81            118 
 81            120 
 81            121 
 81            122 
 81            123 
 81            126 
 81            127 
 81            128 
 81            129 
 81            130 
 81            133 
 81            139 
 81            141 
 81            145 
 81            146 
 82            101 
 82            107 
 82            112 
 82            114 
 82            116 
 82            119 
 82            121 
 82            123 
 82            126 
 82            128 
 82            133 
 83            100 
 83            112 
 83            116 
 83            118 
 83            126 
 83            133 
 83            136 
 83            141 
 83            142 
 83            145 
 84            106 
 84            116 
 84            119 
 84            123 
 84            126 
 84            134 
 84            135 
 84            137 
 84            138 
 84            139 
 84            140 
 84            141 
 84            146 
 85            108 
 85            109 
 85            110 
 85            114 
 85            115 
 85            120 
 85            124 
 85            125 
 85            126 
 85            127 
 85            136 
 85            138 
 85            141 
 86            101 
 86            110 
 86            116 
 86            117 
 86            118 
 86            120 
 86            126 
 86            127 
 86            128 
 86            133 
 86            136 
 86            138 
 86            141 
 87            117 
 87            124 
 87            127 
 87            128 
 87            130 
 87            131 
 87            135 
 87            136 
 87            137 
 87            138 
 87            141 
 87            145 
 87            146 
 87            148 
 88            117 
 88            124 
 88            132 
 88            135 
 88            137 
 88            138 
 88            141 
 88            142 
 88            143 
 88            145 
 88            148 
 88            150 
 88            154 
 88            160 
 89            114 
 89            118 
 89            129 
 89            130 
 89            131 
 89            132 
 89            133 
 89            136 
 89            138 
 89            139 
 89            151 
 90            106 
 90            121 
 90            123 
 90            124 
 90            125 
 90            128 
 90            129 
 90            131 
 90            132 
 90            134 
 90            135 
 90            137 
 90            140 
 90            141 
 90            146 
 91            106 
 91            107 
 91            119 
 91            121 
 91            122 
 91            125 
 91            126 
 91            131 
 91            134 
 91            135 
 91            137 
 91            139 
 92            121 
 92            146 
 92            147 
 92            152 
 92            156 
 92            157 
 92            158 
 92            160 
 92            165 
 92            177 
 93            116 
 93            125 
 93            130 
 93            134 
 93            136 
 93            138 
 93            142 
 93            145 
 93            146 
 93            150 
 93            162 
 94            113 
 94            117 
 94            118 
 94            124 
 94            128 
 94            136 
 95            123 
 95            125 
 95            129 
 95            135 
 95            136 
 95            138 
 95            142 
 95            143 
 95            146 
 95            152 
 96            124 
 96            130 
 96            136 
 96            138 
 96            142 
 96            147 
 96            148 
 96            152 
 96            156 
 96            158 
 96            161 
 96            163 
 96            164 
 97            121 
 97            123 
 97            127 
 97            130 
 97            133 
 97            137 
 97            140 
 97            141 
 97            145 
 97            146 
 97            148 
 97            154 
 97            158 
 97            165 
 98            115 
 98            121 
 98            130 
 98            132 
 98            134 
 98            139 
 98            140 
 98            145 
 98            146 
 98            147 
 98            148 
 98            154 
 99            129 
 99            141 
 99            143 
 99            144 
 99            152 
 99            153 
 99            156 
 99            157 
 99            158 
 99            164 
 99            176 
 100           115 
 100           125 
 100           127 
 100           131 
 100           132 
 100           138 
 100           140 
 100           144 
 100           146 
 100           148 
 100           154 
 100           159 
 101           115 
 101           129 
 101           130 
 101           131 
 101           134 
 101           135 
 101           140 
 101           145 
 101           146 
 101           148 
 102           118 
 102           126 
 102           129 
 102           131 
 102           132 
 102           140 
 102           141 
 102           143 
 102           144 
 102           145 
 102           146 
 102           151 
 102           154 
 103           123 
 103           136 
 103           138 
 103           140 
 103           143 
 103           147 
 103           149 
 103           151 
 103           152 
 103           158 
 103           163 
 103           165 
 104           129 
 104           137 
 104           138 
 104           142 
 104           143 
 104           148 
 104           149 
 104           151 
 104           152 
 104           155 
 104           158 
 104           161 
 104           166 
 105           142 
 105           143 
 105           148 
 105           149 
 105           152 
 105           155 
 105           156 
 105           157 
 105           159 
 105           160 
 105           162 
 105           163 
 105           164 
 105           165 
 105           166 
 105           167 
 105           170 
 105           172 
 106           136 
 106           142 
 106           143 
 106           144 
 106           145 
 106           147 
 106           148 
 106           149 
 106           152 
 106           155 
 106           157 
 106           158 
 106           159 
 106           161 
 106           163 
 106           164 
 106           165 
 106           170 
 107           124 
 107           127 
 107           129 
 107           132 
 107           136 
 107           140 
 107           141 
 107           146 
 107           148 
 107           150 
 107           151 
 107           152 
 107           156 
 107           160 
 107           170 
 108           128 
 108           134 
 108           137 
 108           143 
 108           148 
 108           149 
 108           152 
 108           155 
 108           156 
 108           159 
 108           161 
 108           162 
 108           168 
 109           139 
 109           142 
 109           143 
 109           144 
 109           150 
 109           151 
 109           153 
 109           157 
 109           158 
 109           160 
 109           162 
 109           164 
 109           165 
 109           171 
 109           173 
 110           132 
 110           134 
 110           137 
 110           151 
 110           152 
 110           153 
 110           156 
 110           159 
 110           163 
 110           165 
 110           166 
 110           168 
 110           169 
 110           177 
 111           134 
 111           144 
 111           147 
 111           148 
 111           151 
 111           152 
 111           155 
 111           156 
 111           159 
 111           161 
 111           162 
 111           168 
 111           169 
 111           172 
 111           177 
 112           130 
 112           138 
 112           139 
 112           146 
 112           147 
 112           148 
 112           152 
 112           157 
 112           158 
 112           161 
 112           162 
 112           163 
 113           129 
 113           130 
 113           132 
 113           134 
 113           137 
 113           139 
 113           140 
 113           142 
 113           146 
 113           147 
 113           148 
 113           149 
 113           150 
 113           151 
 113           152 
 114           146 
 114           148 
 114           149 
 114           150 
 114           154 
 114           156 
 114           159 
 114           161 
 114           162 
 114           168 
 114           170 
 114           172 
 114           173 
 114           177 
 114           180 
 114           186 
 115           137 
 115           143 
 115           149 
 115           150 
 115           151 
 115           152 
 115           155 
 115           156 
 115           158 
 115           160 
 115           161 
 115           162 
 115           163 
 115           165 
 115           166 
 115           167 
 115           169 
 115           176 
 116           124 
 116           132 
 116           148 
 116           152 
 116           154 
 116           156 
 116           158 
 116           160 
 116           161 
 116           164 
 116           166 
 116           169 
 116           172 
 117           129 
 117           134 
 117           144 
 117           151 
 117           152 
 117           155 
 117           156 
 117           161 
 117           163 
 117           164 
 117           174 
 117           176 
 117           177 
 117           181 
 118           137 
 118           147 
 118           149 
 118           150 
 118           152 
 118           153 
 118           156 
 118           158 
 118           160 
 118           161 
 118           163 
 118           166 
 118           168 
 118           170 
 118           177 
 118           182 
 119           144 
 119           147 
 119           150 
 119           153 
 119           155 
 119           157 
 119           158 
 119           159 
 119           160 
 119           161 
 119           168 
 119           169 
 119           170 
 119           171 
 119           172 
 119           177 
 120           148 
 120           158 
 120           161 
 120           171 
 120           172 
 120           178 
 120           186 
 120           187 
 120           191 
 121           136 
 121           138 
 121           142 
 121           144 
 121           150 
 121           151 
 121           155 
 121           161 
 121           162 
 121           163 
 121           171 
 121           172 
 122           143 
 122           144 
 122           149 
 122           153 
 122           155 
 122           157 
 122           158 
 122           159 
 122           161 
 122           163 
 122           168 
 122           169 
 122           171 
 122           172 
 122           173 
 122           176 
 123           144 
 123           153 
 123           155 
 123           157 
 123           159 
 123           160 
 123           161 
 123           162 
 123           168 
 123           169 
 123           171 
 123           172 
 123           173 
 123           176 
 124           157 
 124           165 
 124           167 
 124           173 
 124           174 
 124           175 
 124           177 
 124           179 
 124           180 
 124           183 
 124           185 
 124           189 
 125           149 
 125           155 
 125           157 
 125           160 
 125           161 
 125           163 
 125           167 
 125           171 
 125           172 
 125           175 
 125           178 
 126           147 
 126           148 
 126           158 
 126           161 
 126           169 
 126           170 
 126           171 
 126           172 
 126           173 
 126           177 
 126           178 
 126           186 
 127           153 
 127           157 
 127           161 
 127           162 
 127           164 
 127           166 
 127           167 
 127           168 
 127           171 
 127           172 
 127           173 
 127           175 
 127           176 
 127           177 
 127           180 
 127           182 
 127           185 
 128           142 
 128           144 
 128           147 
 128           150 
 128           153 
 128           158 
 128           163 
 128           165 
 128           170 
 128           171 
 128           173 
 128           177 
 129           159 
 129           162 
 129           165 
 129           167 
 129           168 
 129           169 
 129           171 
 129           172 
 129           175 
 129           180 
 129           186 
 129           189 
 129           190 
 129           191 
 130           143 
 130           144 
 130           153 
 130           155 
 130           159 
 130           160 
 130           169 
 130           171 
 130           172 
 130           173 
 130           176 
 131           149 
 131           153 
 131           156 
 131           162 
 131           166 
 131           171 
 131           173 
 131           175 
 131           176 
 131           180 
 131           182 
 131           185 
 131           186 
 131           190 
 131           191 
 131           197 
 132           155 
 132           167 
 132           173 
 132           174 
 132           176 
 132           178 
 132           181 
 132           183 
 132           190 
 133           152 
 133           159 
 133           168 
 133           172 
 133           174 
 133           177 
 133           179 
 133           180 
 133           181 
 133           184 
 133           189 
 133           191 
 134           158 
 134           170 
 134           175 
 134           178 
 134           179 
 134           180 
 134           182 
 134           187 
 134           189 
 134           191 
 134           195 
 134           201 
 135           147 
 135           149 
 135           151 
 135           155 
 135           159 
 135           161 
 135           162 
 135           165 
 135           166 
 135           168 
 135           170 
 135           172 
 135           177 
 135           186 
 136           168 
 136           173 
 136           176 
 136           178 
 136           179 
 136           181 
 136           182 
 136           183 
 136           184 
 136           185 
 136           186 
 136           189 
 136           190 
 136           195 
 137           157 
 137           164 
 137           171 
 137           172 
 137           174 
 137           179 
 137           180 
 137           185 
 137           189 
 137           196 
 137           201 
 137           205 
 138           170 
 138           174 
 138           175 
 138           179 
 138           181 
 138           182 
 138           183 
 138           185 
 138           187 
 138           189 
 138           190 
 138           191 
 138           193 
 138           194 
 138           195 
 138           196 
 138           197 
 138           201 
 138           205 
 139           156 
 139           172 
 139           175 
 139           178 
 139           180 
 139           182 
 139           185 
 139           186 
 139           191 
 139           194 
 139           196 
 139           197 
 139           198 
 140           164 
 140           169 
 140           172 
 140           173 
 140           174 
 140           179 
 140           180 
 140           181 
 140           182 
 140           185 
 140           186 
 140           190 
 140           191 
 140           193 
 140           194 
 141           149 
 141           161 
 141           163 
 141           173 
 141           177 
 141           181 
 141           182 
 141           189 
 141           195 
 141           197 
 142           169 
 142           176 
 142           180 
 142           181 
 142           185 
 142           187 
 142           193 
 142           194 
 142           195 
 142           196 
 142           198 
 143           175 
 143           177 
 143           181 
 143           183 
 143           185 
 143           190 
 143           195 
 143           196 
 143           204 
 143           205 
 143           207 
 144           166 
 144           167 
 144           175 
 144           178 
 144           179 
 144           182 
 144           183 
 144           185 
 144           186 
 144           191 
 144           195 
 144           196 
 144           197 
 145           156 
 145           177 
 145           178 
 145           182 
 145           184 
 145           186 
 145           188 
 145           190 
 145           194 
 145           204 
 146           174 
 146           183 
 146           184 
 146           188 
 146           189 
 146           190 
 146           192 
 146           193 
 146           194 
 146           195 
 146           204 
 146           205 
 146           206 
 146           207 
 146           213 
 146           216 
 146           221 
 147           167 
 147           174 
 147           176 
 147           179 
 147           181 
 147           184 
 147           190 
 147           191 
 147           193 
 147           196 
 147           197 
 147           205 
 148           153 
 148           175 
 148           179 
 148           182 
 148           183 
 148           185 
 148           190 
 148           195 
 148           197 
 148           201 
 148           205 
 149           174 
 149           179 
 149           183 
 149           184 
 149           187 
 149           188 
 149           192 
 149           194 
 149           196 
 149           207 
 149           211 
 149           213 
 149           220 
 149           221 
 150           175 
 150           185 
 150           195 
 150           202 
 150           207 
 150           217 
 150           226 
 151           178 
 151           179 
 151           184 
 151           187 
 151           192 
 151           194 
 151           197 
 151           203 
 151           213 
 151           221 
 152           171 
 152           173 
 152           178 
 152           186 
 152           190 
 152           194 
 152           195 
 152           198 
 152           200 
 152           204 
 153           174 
 153           181 
 153           189 
 153           194 
 153           198 
 153           203 
 153           204 
 153           206 
 153           213 
 153           215 
 153           221 
 153           227 
 154           171 
 154           178 
 154           183 
 154           185 
 154           191 
 154           192 
 154           194 
 154           198 
 154           201 
 154           204 
 154           205 
 155           180 
 155           189 
 155           193 
 155           197 
 155           198 
 155           199 
 155           201 
 155           202 
 155           203 
 155           205 
 155           208 
 155           210 
 155           214 
 155           216 
 155           218 
 155           219 
 155           220 
 155           221 
 155           227 
 155           228 
 155           235 
 156           187 
 156           189 
 156           192 
 156           195 
 156           201 
 156           203 
 156           207 
 156           208 
 156           209 
 156           212 
 156           213 
 156           217 
 156           218 
 156           221 
 156           223 
 156           224 
 156           227 
 156           228 
 156           230 
 157           181 
 157           186 
 157           187 
 157           190 
 157           191 
 157           193 
 157           194 
 157           195 
 157           197 
 157           204 
 157           207 
 157           213 
 158           184 
 158           185 
 158           188 
 158           190 
 158           192 
 158           193 
 158           194 
 158           196 
 158           197 
 158           204 
 158           205 
 158           207 
 158           213 
 158           216 
 158           221 
 159           182 
 159           183 
 159           185 
 159           188 
 159           193 
 159           195 
 159           197 
 159           198 
 159           201 
 159           202 
 159           205 
 159           206 
 159           208 
 159           210 
 159           213 
 159           216 
 159           228 
 160           184 
 160           192 
 160           193 
 160           197 
 160           199 
 160           203 
 160           204 
 160           206 
 160           207 
 160           208 
 160           211 
 160           213 
 160           214 
 160           215 
 160           216 
 160           218 
 160           221 
 160           227 
 160           228 
 160           230 
 161           179 
 161           190 
 161           192 
 161           194 
 161           200 
 161           203 
 161           207 
 161           212 
 161           213 
 161           217 
 161           221 
 161           233 
 162           178 
 162           184 
 162           194 
 162           203 
 162           204 
 162           211 
 162           219 
 162           220 
 162           221 
 163           185 
 163           190 
 163           192 
 163           193 
 163           199 
 163           200 
 163           203 
 163           204 
 163           207 
 163           213 
 163           216 
 164           199 
 164           202 
 164           203 
 164           207 
 164           209 
 164           214 
 164           216 
 164           220 
 164           221 
 164           229 
 164           235 
 164           237 
 165           182 
 165           184 
 165           187 
 165           192 
 165           194 
 165           197 
 165           199 
 165           201 
 165           204 
 165           206 
 165           208 
 165           212 
 165           213 
 165           214 
 165           215 
 165           216 
 165           218 
 165           228 
 165           230 
 166           188 
 166           192 
 166           193 
 166           194 
 166           200 
 166           201 
 166           206 
 166           207 
 166           208 
 166           215 
 166           216 
 166           218 
 166           219 
 166           220 
 166           221 
 166           223 
 166           227 
 166           228 
 167           188 
 167           192 
 167           194 
 167           200 
 167           203 
 167           204 
 167           206 
 167           207 
 167           211 
 167           213 
 167           216 
 167           220 
 167           223 
 167           228 
 167           233 
 168           192 
 168           193 
 168           194 
 168           197 
 168           199 
 168           204 
 168           208 
 168           213 
 168           214 
 168           215 
 168           216 
 168           218 
 168           219 
 168           220 
 168           221 
 168           223 
 168           228 
 168           230 
 169           188 
 169           192 
 169           197 
 169           203 
 169           205 
 169           208 
 169           211 
 169           215 
 169           216 
 169           219 
 169           220 
 169           221 
 169           223 
 169           227 
 169           233 
 169           236 
 170           184 
 170           203 
 170           204 
 170           207 
 170           211 
 170           212 
 170           213 
 170           214 
 170           215 
 170           218 
 170           220 
 170           221 
 170           224 
 170           228 
 170           230 
 171           203 
 171           209 
 171           212 
 171           215 
 171           216 
 171           220 
 171           221 
 171           222 
 171           223 
 171           228 
 171           229 
 171           231 
 171           232 
 171           234 
 171           235 
 171           236 
 171           238 
 171           239 
 171           242 
 171           243 
 171           245 
 172           183 
 172           202 
 172           207 
 172           210 
 172           213 
 172           214 
 172           216 
 172           219 
 172           227 
 172           228 
 172           229 
 172           235 
 173           187 
 173           192 
 173           196 
 173           201 
 173           205 
 173           208 
 173           211 
 173           213 
 173           214 
 173           217 
 173           218 
 173           221 
 173           223 
 173           224 
 173           227 
 173           228 
 173           230 
 174           199 
 174           214 
 174           217 
 174           218 
 174           225 
 174           228 
 174           229 
 174           231 
 174           232 
 174           235 
 174           237 
 175           188 
 175           206 
 175           208 
 175           210 
 175           211 
 175           213 
 175           215 
 175           216 
 175           218 
 175           219 
 175           220 
 175           223 
 175           227 
 175           228 
 175           233 
 176           200 
 176           206 
 176           207 
 176           209 
 176           212 
 176           215 
 176           217 
 176           222 
 176           223 
 176           224 
 176           227 
 176           228 
 176           229 
 176           231 
 176           233 
 176           235 
 176           242 
 176           244 
 176           253 
 177           192 
 177           199 
 177           208 
 177           211 
 177           213 
 177           214 
 177           215 
 177           218 
 177           219 
 177           223 
 177           226 
 177           227 
 177           228 
 177           230 
 177           232 
 178           193 
 178           199 
 178           202 
 178           207 
 178           208 
 178           210 
 178           214 
 178           215 
 178           218 
 178           223 
 178           228 
 178           229 
 178           230 
 178           231 
 178           235 
 179           198 
 179           199 
 179           204 
 179           206 
 179           209 
 179           214 
 179           215 
 179           216 
 179           223 
 179           227 
 179           228 
 179           229 
 179           230 
 179           231 
 179           235 
 179           236 
 180           204 
 180           206 
 180           207 
 180           209 
 180           211 
 180           213 
 180           215 
 180           222 
 180           223 
 180           224 
 180           231 
 180           233 
 180           237 
 180           239 
 180           243 
 180           244 
 180           253 
 181           188 
 181           192 
 181           200 
 181           216 
 181           218 
 181           219 
 181           220 
 181           223 
 181           228 
 181           233 
 182           207 
 182           211 
 182           220 
 182           225 
 182           226 
 182           233 
 182           237 
 182           239 
 182           240 
 182           241 
 182           243 
 182           244 
 182           251 
 182           253 
 182           254 
 182           258 
 183           200 
 183           203 
 183           215 
 183           217 
 183           222 
 183           223 
 183           230 
 183           231 
 183           232 
 183           233 
 183           234 
 183           236 
 183           237 
 183           238 
 183           242 
 183           245 
 184           200 
 184           209 
 184           217 
 184           222 
 184           223 
 184           229 
 184           231 
 184           232 
 184           233 
 184           235 
 184           236 
 184           237 
 184           242 
 184           244 
 184           245 
 184           253 
 185           209 
 185           211 
 185           218 
 185           219 
 185           223 
 185           224 
 185           225 
 185           227 
 185           230 
 185           232 
 185           233 
 185           242 
 185           243 
 185           244 
 186           206 
 186           210 
 186           212 
 186           216 
 186           220 
 186           221 
 186           222 
 186           224 
 186           225 
 186           227 
 186           234 
 186           236 
 186           238 
 186           243 
 186           244 
 187           219 
 187           226 
 187           233 
 187           235 
 187           239 
 187           240 
 187           241 
 187           252 
 187           253 
 187           256 
 187           258 
 187           260 
 187           262 
 188           199 
 188           209 
 188           212 
 188           214 
 188           229 
 188           230 
 188           231 
 188           232 
 188           235 
 189           211 
 189           222 
 189           229 
 189           231 
 189           236 
 189           237 
 189           238 
 189           239 
 189           242 
 189           244 
 189           248 
 189           253 
 189           254 
 189           258 
 190           208 
 190           214 
 190           219 
 190           220 
 190           226 
 190           227 
 190           228 
 190           232 
 190           236 
 190           238 
 190           240 
 190           242 
 191           199 
 191           203 
 191           209 
 191           214 
 191           220 
 191           221 
 191           230 
 191           232 
 191           233 
 191           235 
 191           237 
 191           256 
 192           202 
 192           210 
 192           229 
 192           234 
 192           235 
 192           237 
 192           238 
 192           239 
 192           240 
 192           241 
 192           242 
 192           243 
 192           244 
 192           252 
 193           209 
 193           212 
 193           217 
 193           226 
 193           239 
 193           241 
 193           242 
 193           245 
 193           246 
 193           247 
 193           249 
 193           251 
 193           255 
 193           260 
 193           262 
 194           222 
 194           226 
 194           238 
 194           243 
 194           245 
 194           246 
 194           248 
 194           253 
 194           256 
 194           260 
 195           215 
 195           234 
 195           235 
 195           236 
 195           237 
 195           240 
 195           242 
 195           243 
 195           251 
 195           252 
 195           258 
 195           260 
 195           263 
 196           212 
 196           222 
 196           225 
 196           231 
 196           232 
 196           236 
 196           239 
 196           241 
 196           242 
 196           243 
 196           244 
 196           248 
 196           249 
 196           254 
 196           260 
 197           209 
 197           232 
 197           239 
 197           242 
 197           244 
 197           246 
 197           251 
 197           255 
 197           256 
 197           258 
 197           262 
 197           263 
 198           226 
 198           234 
 198           243 
 198           248 
 198           254 
 198           255 
 198           262 
 198           263 
 198           272 
 198           274 
 199           222 
 199           224 
 199           238 
 199           239 
 199           240 
 199           242 
 199           244 
 199           245 
 199           248 
 199           249 
 199           251 
 199           254 
 199           260 
 200           226 
 200           239 
 200           243 
 200           248 
 200           250 
 200           252 
 200           255 
 200           259 
 200           260 
 200           263 
 200           264 
 200           272 
 201           226 
 201           232 
 201           234 
 201           237 
 201           238 
 201           239 
 201           241 
 201           243 
 201           244 
 201           246 
 201           248 
 201           249 
 201           250 
 201           251 
 201           252 
 201           255 
 201           256 
 201           262 
 201           263 
 201           264 
 202           225 
 202           246 
 202           248 
 202           249 
 202           250 
 202           251 
 202           254 
 202           255 
 202           258 
 202           262 
 202           263 
 202           270 
 203           226 
 203           240 
 203           241 
 203           244 
 203           246 
 203           247 
 203           248 
 203           249 
 203           250 
 203           252 
 203           253 
 203           257 
 203           258 
 203           260 
 203           262 
 203           264 
 203           271 
 203           272 
 204           232 
 204           256 
 204           257 
 204           259 
 204           262 
 204           271 
 204           274 
 204           279 
 204           280 
 205           226 
 205           237 
 205           238 
 205           244 
 205           247 
 205           248 
 205           250 
 205           254 
 205           255 
 205           257 
 205           258 
 205           259 
 205           261 
 205           262 
 205           263 
 205           264 
 205           276 
 206           248 
 206           252 
 206           262 
 206           264 
 206           265 
 206           266 
 206           268 
 206           271 
 206           273 
 206           288 
 207           232 
 207           234 
 207           236 
 207           238 
 207           248 
 207           249 
 207           255 
 207           262 
 207           263 
 207           264 
 207           265 
 207           274 
 208           225 
 208           250 
 208           258 
 208           259 
 208           262 
 208           263 
 208           277 
 208           279 
 209           240 
 209           248 
 209           250 
 209           252 
 209           257 
 209           259 
 209           264 
 209           268 
 209           272 
 209           273 
 209           276 
 210           251 
 210           253 
 210           255 
 210           258 
 210           259 
 210           260 
 210           261 
 210           262 
 210           264 
 210           265 
 210           268 
 210           272 
 210           274 
 211           245 
 211           247 
 211           249 
 211           257 
 211           259 
 211           260 
 211           261 
 211           263 
 211           264 
 211           268 
 211           270 
 211           272 
 211           276 
 211           277 
 211           287 
 212           237 
 212           240 
 212           256 
 212           258 
 212           259 
 212           264 
 212           268 
 212           270 
 212           276 
 212           279 
 213           242 
 213           254 
 213           257 
 213           272 
 213           273 
 213           274 
 213           295 
 213           299 
 214           234 
 214           243 
 214           245 
 214           246 
 214           248 
 214           251 
 214           252 
 214           253 
 214           255 
 214           260 
 214           262 
 214           264 
 214           270 
 215           225 
 215           241 
 215           246 
 215           247 
 215           250 
 215           254 
 215           255 
 215           257 
 215           262 
 215           270 
 216           261 
 216           266 
 216           267 
 216           270 
 216           272 
 216           273 
 216           277 
 216           280 
 216           282 
 216           283 
 216           286 
 216           288 
 216           293 
 216           295 
 216           299 
 216           301 
 217           254 
 217           258 
 217           261 
 217           264 
 217           269 
 217           271 
 217           272 
 217           274 
 217           275 
 217           278 
 217           281 
 217           285 
 217           288 
 217           289 
 217           295 
 217           296 
 217           299 
 218           236 
 218           238 
 218           250 
 218           255 
 218           260 
 218           263 
 218           264 
 218           270 
 219           231 
 219           237 
 219           248 
 219           249 
 219           250 
 219           254 
 219           263 
 219           264 
 220           247 
 220           249 
 220           250 
 220           252 
 220           255 
 220           257 
 220           259 
 220           260 
 220           261 
 220           262 
 220           264 
 220           265 
 220           268 
 220           270 
 220           272 
 220           276 
 221           251 
 221           254 
 221           255 
 221           261 
 221           266 
 221           268 
 221           269 
 221           270 
 221           272 
 221           276 
 221           279 
 221           285 
 222           247 
 222           250 
 222           252 
 222           255 
 222           257 
 222           261 
 222           262 
 222           263 
 222           264 
 222           265 
 222           266 
 222           268 
 222           270 
 222           272 
 222           276 
 222           279 
 223           258 
 223           261 
 223           262 
 223           265 
 223           268 
 223           271 
 223           272 
 223           273 
 223           279 
 223           280 
 223           286 
 224           255 
 224           259 
 224           261 
 224           264 
 224           268 
 224           272 
 224           276 
 224           280 
 224           285 
 224           287 
 224           299 
 225           256 
 225           264 
 225           265 
 225           268 
 225           274 
 225           276 
 225           278 
 225           280 
 225           290 
 226           265 
 226           266 
 226           268 
 226           270 
 226           275 
 226           278 
 226           281 
 226           286 
 226           287 
 226           288 
 226           293 
 226           297 
 226           299 
 227           239 
 227           245 
 227           250 
 227           257 
 227           258 
 227           259 
 227           261 
 227           262 
 227           264 
 227           265 
 227           268 
 227           277 
 227           279 
 228           248 
 228           249 
 228           264 
 228           267 
 228           270 
 228           271 
 228           272 
 228           277 
 228           278 
 228           286 
 228           293 
 228           295 
 228           301 
 229           251 
 229           260 
 229           266 
 229           268 
 229           273 
 229           275 
 229           277 
 229           279 
 229           282 
 229           285 
 229           287 
 230           247 
 230           248 
 230           258 
 230           259 
 230           263 
 230           264 
 230           271 
 230           272 
 230           273 
 230           276 
 230           280 
 230           293 
 230           295 
 230           300 
 231           251 
 231           259 
 231           268 
 231           269 
 231           273 
 231           276 
 231           277 
 231           278 
 231           287 
 232           266 
 232           267 
 232           268 
 232           270 
 232           273 
 232           275 
 232           283 
 232           284 
 232           285 
 232           287 
 232           288 
 232           294 
 232           295 
 232           299 
 232           301 
 233           268 
 233           271 
 233           275 
 233           282 
 233           286 
 233           288 
 233           293 
 233           294 
 233           295 
 233           296 
 233           298 
 233           299 
 233           300 
 234           257 
 234           259 
 234           268 
 234           271 
 234           278 
 234           280 
 234           293 
 235           248 
 235           255 
 235           259 
 235           269 
 235           270 
 235           280 
 235           295 
 236           246 
 236           256 
 236           271 
 236           278 
 236           285 
 237           267 
 237           278 
 237           282 
 237           285 
 237           286 
 237           287 
 237           289 
 237           292 
 237           293 
 237           296 
 237           299 
 237           300 
 238           272 
 238           280 
 238           281 
 238           284 
 238           286 
 238           287 
 238           288 
 238           289 
 238           290 
 238           292 
 238           294 
 238           295 
 238           296 
 238           300 
 238           301 
 239           269 
 239           270 
 239           271 
 239           276 
 239           285 
 239           287 
 239           288 
 239           290 
 239           292 
 239           294 
 239           296 
 239           299 
 240           265 
 240           267 
 240           274 
 240           277 
 240           278 
 240           280 
 240           287 
 240           293 
 240           295 
 240           299 
 241           266 
 241           267 
 241           269 
 241           273 
 241           280 
 241           285 
 241           288 
 241           292 
 241           293 
 241           294 
 241           295 
 241           301 
 242           259 
 242           264 
 242           268 
 242           269 
 242           278 
 242           279 
 242           280 
 242           285 
 242           287 
 242           293 
 243           261 
 243           265 
 243           271 
 243           273 
 243           275 
 243           277 
 243           278 
 243           281 
 243           286 
 243           287 
 243           288 
 243           289 
 243           290 
 243           293 
 243           295 
 243           299 
 244           268 
 244           273 
 244           279 
 244           280 
 244           281 
 244           283 
 244           284 
 244           285 
 244           291 
 244           293 
 244           295 
 244           297 
 244           298 
 244           299 
 244           300 
 245           266 
 245           273 
 245           275 
 245           278 
 245           280 
 245           282 
 245           286 
 245           293 
 245           295 
 245           297 
 245           300 
 246           259 
 246           261 
 246           268 
 246           276 
 246           279 
 246           280 
 246           293 
 246           295 
 246           300 
 247           274 
 247           275 
 247           281 
 247           282 
 247           289 
 247           290 
 247           297 
 247           298 
 247           299 
 248           275 
 248           279 
 248           282 
 248           283 
 248           285 
 248           287 
 248           290 
 248           298 
 249           266 
 249           269 
 249           279 
 249           288 
 249           292 
 249           297 
 249           298 
 249           299 
 250           274 
 250           282 
 250           283 
 250           284 
 250           285 
 250           287 
 250           288 
 250           292 
 250           296 
 250           297 
 250           298 
 251           267 
 251           280 
 251           284 
 251           286 
 251           288 
 251           289 
 251           292 
 251           293 
 251           295 
 251           299 
 251           301 
 252           274 
 252           278 
 252           280 
 252           282 
 252           284 
 252           291 
 252           292 
 252           295 
 252           296 
 252           297 
 252           299 
 252           300 
 253           269 
 253           275 
 253           276 
 253           280 
 253           285 
 253           288 
 253           289 
 253           290 
 253           291 
 253           294 
 253           295 
 253           296 
 253           297 
 254           283 
 254           290 
 254           292 
 254           293 
 254           297 
 254           300 
 255           271 
 255           273 
 255           275 
 255           277 
 255           278 
 255           286 
 255           289 
 255           293 
 255           297 
 255           300 
 255           301 
 256           261 
 256           272 
 256           273 
 256           282 
 256           283 
 256           284 
 256           286 
 256           287 
 256           288 
 256           289 
 256           293 
 256           295 
 256           296 
 256           298 
 256           299 
 257           285 
 257           286 
 257           298 
 257           300 
 258           283 
 258           287 
 258           290 
 258           294 
 258           298 
 259           266 
 259           267 
 259           275 
 259           284 
 259           286 
 259           288 
 259           294 
 259           301 
 260           280 
 260           283 
 260           284 
 260           297 
 260           300 
 261           292 
 261           294 
 262           267 
 262           283 
 262           293 
 262           294 
 262           300 
 262           301 
 263           302 
 264           292 
 264           297 
 265           269 
 265           285 
 265           291 
 265           294 
 265           296 
 265           301 
 266           289 
 266           291 
 266           296 
 267           281 
 267           290 
 267           291 
 267           297 
 267           298 
 268           302 
 269           282 
 269           283 
 269           284 
 269           300 
 270           300 
 271           291 
 272           291 
 273           302 
 274           286 
 274           301 
 275           292 
 276           298 
 277           292 
 278           298 
 279           294 
 280           302 
 281           302 
 282           302 
 283           302 
 284           302 
 285           302 
 286           302 
 287           302 
 288           302 
 289           302 
 290           302 
 291           302 
 292           302 
 293           302 
 294           302 
 295           302 
 296           302 
 297           302 
 298           302 
 299           302 
 300           302 
 301           302 
