 1             2 
 1             3 
 1             4 
 1             5 
 1             6 
 1             7 
 1             8 
 1             9 
 1             10 
 1             11 
 1             12 
 1             13 
 1             14 
 1             15 
 1             16 
 1             17 
 1             18 
 1             20 
 1             21 
 1             23 
 1             24 
 1             26 
 1             27 
 1             29 
 1             30 
 2             33 
 2             34 
 2             35 
 2             40 
 2             43 
 2             45 
 2             47 
 2             49 
 2             51 
 2             54 
 2             55 
 2             59 
 2             62 
 2             63 
 2             74 
 3             22 
 3             32 
 3             33 
 3             35 
 3             36 
 3             37 
 3             38 
 3             39 
 3             40 
 3             46 
 3             49 
 3             51 
 3             53 
 3             54 
 3             56 
 3             59 
 3             74 
 4             34 
 4             54 
 4             56 
 4             59 
 4             60 
 4             62 
 4             67 
 4             69 
 4             72 
 4             74 
 4             75 
 4             77 
 4             81 
 4             85 
 4             92 
 5             38 
 5             39 
 5             43 
 5             55 
 5             58 
 5             62 
 5             64 
 5             67 
 5             71 
 5             72 
 5             73 
 5             75 
 5             76 
 5             77 
 5             79 
 5             82 
 6             19 
 6             28 
 6             31 
 6             34 
 6             38 
 6             41 
 6             44 
 6             46 
 6             50 
 6             53 
 6             54 
 6             56 
 6             64 
 7             35 
 7             42 
 7             47 
 7             50 
 7             53 
 7             55 
 7             56 
 7             59 
 7             62 
 7             63 
 7             83 
 8             41 
 8             53 
 8             60 
 8             63 
 8             66 
 8             68 
 8             69 
 8             71 
 8             73 
 8             74 
 8             75 
 8             76 
 8             77 
 8             82 
 8             83 
 8             88 
 8             92 
 9             31 
 9             33 
 9             34 
 9             46 
 9             47 
 9             50 
 9             51 
 9             53 
 9             54 
 9             55 
 9             56 
 9             59 
 9             62 
 9             64 
 10            59 
 10            61 
 10            65 
 10            67 
 10            71 
 10            75 
 10            77 
 10            78 
 10            79 
 10            82 
 10            86 
 10            91 
 11            28 
 11            34 
 11            46 
 11            49 
 11            54 
 11            55 
 11            59 
 11            63 
 11            68 
 11            77 
 12            25 
 12            46 
 12            47 
 12            49 
 12            53 
 12            60 
 12            62 
 12            67 
 12            73 
 12            74 
 12            83 
 13            45 
 13            50 
 13            51 
 13            55 
 13            58 
 13            59 
 13            60 
 13            66 
 13            71 
 13            72 
 13            73 
 13            83 
 14            40 
 14            59 
 14            60 
 14            62 
 14            64 
 14            67 
 14            69 
 14            71 
 14            73 
 14            74 
 14            75 
 14            76 
 14            77 
 14            79 
 15            34 
 15            43 
 15            53 
 15            57 
 15            59 
 15            61 
 15            64 
 15            67 
 15            69 
 15            71 
 15            75 
 15            82 
 15            86 
 16            31 
 16            40 
 16            45 
 16            46 
 16            52 
 16            54 
 16            56 
 16            58 
 16            64 
 17            50 
 17            58 
 17            66 
 17            67 
 17            69 
 17            73 
 17            77 
 17            78 
 17            81 
 17            82 
 17            86 
 17            93 
 18            52 
 18            54 
 18            56 
 18            60 
 18            63 
 18            65 
 18            66 
 18            68 
 18            69 
 18            70 
 18            71 
 18            72 
 18            75 
 18            77 
 18            81 
 18            82 
 18            92 
 19            61 
 19            74 
 19            75 
 19            78 
 19            79 
 19            80 
 19            84 
 19            86 
 19            87 
 19            88 
 19            91 
 19            93 
 20            37 
 20            47 
 20            62 
 20            65 
 20            67 
 20            69 
 20            74 
 20            76 
 20            77 
 20            83 
 20            92 
 21            32 
 21            34 
 21            43 
 21            53 
 21            60 
 21            67 
 21            68 
 21            69 
 21            73 
 21            77 
 21            81 
 21            83 
 22            41 
 22            47 
 22            48 
 22            52 
 22            55 
 22            58 
 22            65 
 22            67 
 22            69 
 22            70 
 22            73 
 22            82 
 23            47 
 23            55 
 23            59 
 23            63 
 23            65 
 23            66 
 23            67 
 23            68 
 23            70 
 23            72 
 23            74 
 23            75 
 23            77 
 23            81 
 23            91 
 23            92 
 24            56 
 24            58 
 24            59 
 24            63 
 24            65 
 24            68 
 24            69 
 24            70 
 24            72 
 24            74 
 24            78 
 24            82 
 24            83 
 24            87 
 24            88 
 24            92 
 24            100 
 25            45 
 25            50 
 25            59 
 25            63 
 25            71 
 25            72 
 25            78 
 26            51 
 26            60 
 26            64 
 26            68 
 26            70 
 26            75 
 26            76 
 26            77 
 26            83 
 26            85 
 27            49 
 27            64 
 27            73 
 27            74 
 27            76 
 27            77 
 27            82 
 27            84 
 27            85 
 27            86 
 27            93 
 27            94 
 27            95 
 27            100 
 28            47 
 28            52 
 28            60 
 28            61 
 28            62 
 28            67 
 28            73 
 28            74 
 28            82 
 28            83 
 29            34 
 29            59 
 29            63 
 29            65 
 29            68 
 29            70 
 29            71 
 29            77 
 29            80 
 29            81 
 29            83 
 29            87 
 29            88 
 29            92 
 30            65 
 30            72 
 30            87 
 30            88 
 30            89 
 30            90 
 30            94 
 30            95 
 30            99 
 30            100 
 30            101 
 31            49 
 31            60 
 31            61 
 31            66 
 31            67 
 31            68 
 31            69 
 31            71 
 31            73 
 31            76 
 31            77 
 31            79 
 31            80 
 31            82 
 31            86 
 32            75 
 32            86 
 32            90 
 32            91 
 32            93 
 32            95 
 32            97 
 32            103 
 33            70 
 33            73 
 33            79 
 33            84 
 33            85 
 33            86 
 33            87 
 33            88 
 33            89 
 33            90 
 33            92 
 33            93 
 33            94 
 33            96 
 33            100 
 33            103 
 34            66 
 34            76 
 34            78 
 34            79 
 34            89 
 34            90 
 34            91 
 34            93 
 34            96 
 34            100 
 35            52 
 35            60 
 35            61 
 35            64 
 35            65 
 35            66 
 35            67 
 35            68 
 35            72 
 35            73 
 35            77 
 35            80 
 35            82 
 35            86 
 36            62 
 36            78 
 36            80 
 36            81 
 36            83 
 36            85 
 36            87 
 36            91 
 36            92 
 36            93 
 36            97 
 36            98 
 36            100 
 37            72 
 37            79 
 37            80 
 37            84 
 37            85 
 37            87 
 37            90 
 37            91 
 37            94 
 37            95 
 37            96 
 37            100 
 37            101 
 38            60 
 38            65 
 38            70 
 38            80 
 38            81 
 38            84 
 38            86 
 38            89 
 38            96 
 39            68 
 39            81 
 39            84 
 39            85 
 39            92 
 39            95 
 39            96 
 39            99 
 39            100 
 40            80 
 40            81 
 40            85 
 40            88 
 40            89 
 40            91 
 40            93 
 40            96 
 40            97 
 40            98 
 40            99 
 40            101 
 40            102 
 40            104 
 41            72 
 41            81 
 41            89 
 41            91 
 41            98 
 41            99 
 41            102 
 41            106 
 41            111 
 41            120 
 42            64 
 42            76 
 42            77 
 42            81 
 42            82 
 42            85 
 42            89 
 42            91 
 42            93 
 42            95 
 42            100 
 43            89 
 43            90 
 43            92 
 43            94 
 43            95 
 43            96 
 43            97 
 43            98 
 43            99 
 43            101 
 43            102 
 43            103 
 43            106 
 43            111 
 44            67 
 44            73 
 44            80 
 44            82 
 44            89 
 44            91 
 44            96 
 44            97 
 44            99 
 45            65 
 45            68 
 45            70 
 45            76 
 45            77 
 45            79 
 45            81 
 45            82 
 45            84 
 45            87 
 45            88 
 45            91 
 45            92 
 45            96 
 45            100 
 46            65 
 46            69 
 46            72 
 46            75 
 46            79 
 46            81 
 46            87 
 46            91 
 46            92 
 46            95 
 47            71 
 47            78 
 47            80 
 47            84 
 47            86 
 47            87 
 47            89 
 47            90 
 47            93 
 47            96 
 47            97 
 47            98 
 47            100 
 48            66 
 48            72 
 48            75 
 48            76 
 48            78 
 48            90 
 48            91 
 48            92 
 48            93 
 48            95 
 48            98 
 48            100 
 49            72 
 49            78 
 49            87 
 49            89 
 49            90 
 49            91 
 49            96 
 49            99 
 49            101 
 49            102 
 49            105 
 49            120 
 50            68 
 50            70 
 50            75 
 50            79 
 50            80 
 50            84 
 50            85 
 50            88 
 50            90 
 50            91 
 50            92 
 50            96 
 50            100 
 51            81 
 51            84 
 51            86 
 51            89 
 51            95 
 51            96 
 51            97 
 51            98 
 51            99 
 51            100 
 51            104 
 51            105 
 51            108 
 51            111 
 51            120 
 52            76 
 52            79 
 52            84 
 52            85 
 52            88 
 52            89 
 52            90 
 52            91 
 52            94 
 52            95 
 52            100 
 52            101 
 53            65 
 53            78 
 53            80 
 53            89 
 53            90 
 53            94 
 53            99 
 53            100 
 53            101 
 53            102 
 54            80 
 54            83 
 54            89 
 54            91 
 54            93 
 54            94 
 54            99 
 54            100 
 54            101 
 54            102 
 54            104 
 54            110 
 55            90 
 55            95 
 55            98 
 55            102 
 55            103 
 55            104 
 55            105 
 55            106 
 55            108 
 55            111 
 55            114 
 55            120 
 55            121 
 55            122 
 55            125 
 56            73 
 56            84 
 56            95 
 56            98 
 56            101 
 56            103 
 56            105 
 56            117 
 56            120 
 57            96 
 57            102 
 57            104 
 57            106 
 57            112 
 57            115 
 57            120 
 57            125 
 57            127 
 58            103 
 58            105 
 58            107 
 58            108 
 58            110 
 58            111 
 58            112 
 58            113 
 58            115 
 58            117 
 58            118 
 58            120 
 58            122 
 58            125 
 59            84 
 59            89 
 59            105 
 59            107 
 59            111 
 59            112 
 59            115 
 59            117 
 59            120 
 59            122 
 59            125 
 60            78 
 60            87 
 60            91 
 60            93 
 60            94 
 60            97 
 60            98 
 60            99 
 60            102 
 60            104 
 60            106 
 60            110 
 60            117 
 60            120 
 61            70 
 61            81 
 61            85 
 61            89 
 61            92 
 61            96 
 61            97 
 61            98 
 61            99 
 61            106 
 61            111 
 62            70 
 62            86 
 62            89 
 62            94 
 62            96 
 62            99 
 62            102 
 62            103 
 62            105 
 62            106 
 62            110 
 62            111 
 63            79 
 63            84 
 63            85 
 63            86 
 63            89 
 63            90 
 63            95 
 63            96 
 63            103 
 63            108 
 64            90 
 64            92 
 64            97 
 64            102 
 64            103 
 64            106 
 64            111 
 64            114 
 64            118 
 65            85 
 65            93 
 65            97 
 65            98 
 65            104 
 65            106 
 65            108 
 65            109 
 65            110 
 65            118 
 65            120 
 66            94 
 66            101 
 66            102 
 66            104 
 66            106 
 66            107 
 66            109 
 66            110 
 66            111 
 66            112 
 66            115 
 66            118 
 66            121 
 66            122 
 67            84 
 67            87 
 67            88 
 67            90 
 67            95 
 67            98 
 67            100 
 67            103 
 67            105 
 67            120 
 68            89 
 68            94 
 68            98 
 68            102 
 68            104 
 68            105 
 68            107 
 68            108 
 68            109 
 68            110 
 68            111 
 68            113 
 68            115 
 68            120 
 68            125 
 69            89 
 69            90 
 69            103 
 69            104 
 69            106 
 69            108 
 69            111 
 69            112 
 69            119 
 69            120 
 69            122 
 69            124 
 69            125 
 70            95 
 70            101 
 70            104 
 70            107 
 70            109 
 70            113 
 70            114 
 70            115 
 70            117 
 70            119 
 70            120 
 70            121 
 70            122 
 71            95 
 71            107 
 71            108 
 71            110 
 71            111 
 71            113 
 71            114 
 71            117 
 71            119 
 71            124 
 71            125 
 71            127 
 72            103 
 72            104 
 72            108 
 72            115 
 72            117 
 72            122 
 72            123 
 72            124 
 72            125 
 72            126 
 72            127 
 72            128 
 72            129 
 72            133 
 72            136 
 72            146 
 73            106 
 73            107 
 73            111 
 73            114 
 73            115 
 73            118 
 73            119 
 73            122 
 73            124 
 73            125 
 73            127 
 73            134 
 73            138 
 73            151 
 74            104 
 74            113 
 74            125 
 74            126 
 74            128 
 74            129 
 74            130 
 74            133 
 74            134 
 74            135 
 74            136 
 74            138 
 74            139 
 74            140 
 74            143 
 74            145 
 74            146 
 74            147 
 75            89 
 75            94 
 75            101 
 75            102 
 75            105 
 75            106 
 75            107 
 75            109 
 75            112 
 75            120 
 75            122 
 76            99 
 76            103 
 76            106 
 76            107 
 76            108 
 76            110 
 76            111 
 76            117 
 76            119 
 76            120 
 76            122 
 76            124 
 76            125 
 76            127 
 77            97 
 77            98 
 77            102 
 77            103 
 77            108 
 77            111 
 77            112 
 77            113 
 77            118 
 77            119 
 77            120 
 77            125 
 78            109 
 78            112 
 78            115 
 78            116 
 78            119 
 78            127 
 78            128 
 78            130 
 78            131 
 78            134 
 78            137 
 78            138 
 78            142 
 78            147 
 79            97 
 79            98 
 79            99 
 79            102 
 79            104 
 79            106 
 79            107 
 79            109 
 79            110 
 79            111 
 79            112 
 79            117 
 79            119 
 79            120 
 79            122 
 79            125 
 79            127 
 80            103 
 80            105 
 80            106 
 80            107 
 80            108 
 80            111 
 80            117 
 80            119 
 80            120 
 80            122 
 80            125 
 81            90 
 81            94 
 81            103 
 81            112 
 81            114 
 81            119 
 81            122 
 81            124 
 81            138 
 82            101 
 82            103 
 82            104 
 82            105 
 82            106 
 82            107 
 82            112 
 82            115 
 82            117 
 82            118 
 82            119 
 82            120 
 82            122 
 83            107 
 83            111 
 83            112 
 83            113 
 83            119 
 83            120 
 83            124 
 83            125 
 83            128 
 83            134 
 83            139 
 83            142 
 84            102 
 84            106 
 84            110 
 84            114 
 84            119 
 84            121 
 84            123 
 84            126 
 84            129 
 84            132 
 84            140 
 84            143 
 85            105 
 85            107 
 85            117 
 85            119 
 85            122 
 85            125 
 85            128 
 85            129 
 85            131 
 85            135 
 85            140 
 85            142 
 86            112 
 86            117 
 86            118 
 86            119 
 86            125 
 86            127 
 86            130 
 86            131 
 86            134 
 86            135 
 86            137 
 86            139 
 86            140 
 86            142 
 87            107 
 87            108 
 87            111 
 87            113 
 87            114 
 87            122 
 87            124 
 87            125 
 87            126 
 87            128 
 87            131 
 87            135 
 87            138 
 88            109 
 88            114 
 88            117 
 88            118 
 88            122 
 88            123 
 88            124 
 88            127 
 88            128 
 88            129 
 88            130 
 88            131 
 88            136 
 88            141 
 88            146 
 88            151 
 88            152 
 88            166 
 89            118 
 89            121 
 89            128 
 89            133 
 89            136 
 89            138 
 89            139 
 89            143 
 89            144 
 89            146 
 89            147 
 89            149 
 89            151 
 89            152 
 89            154 
 89            156 
 89            166 
 90            107 
 90            110 
 90            113 
 90            115 
 90            117 
 90            123 
 90            126 
 90            127 
 90            129 
 90            130 
 90            132 
 90            134 
 90            140 
 90            142 
 90            151 
 91            107 
 91            109 
 91            116 
 91            127 
 91            135 
 91            142 
 91            149 
 91            151 
 92            104 
 92            105 
 92            107 
 92            108 
 92            120 
 92            122 
 92            123 
 92            125 
 92            128 
 92            129 
 92            135 
 92            139 
 92            140 
 93            111 
 93            112 
 93            114 
 93            115 
 93            121 
 93            122 
 93            128 
 93            131 
 93            135 
 93            147 
 93            166 
 94            123 
 94            128 
 94            131 
 94            132 
 94            133 
 94            136 
 94            139 
 94            140 
 94            143 
 94            147 
 94            154 
 94            156 
 95            112 
 95            116 
 95            118 
 95            123 
 95            131 
 95            138 
 95            140 
 95            142 
 95            143 
 95            144 
 95            145 
 95            147 
 95            152 
 95            166 
 96            107 
 96            122 
 96            123 
 96            124 
 96            126 
 96            128 
 96            129 
 96            130 
 96            134 
 96            138 
 96            139 
 96            142 
 96            151 
 97            115 
 97            124 
 97            128 
 97            130 
 97            133 
 97            135 
 97            137 
 97            138 
 97            141 
 97            142 
 97            144 
 97            146 
 97            147 
 97            158 
 97            166 
 98            116 
 98            126 
 98            130 
 98            131 
 98            133 
 98            135 
 98            137 
 98            138 
 98            139 
 98            142 
 98            143 
 98            144 
 98            147 
 98            151 
 98            152 
 98            153 
 98            162 
 98            166 
 99            114 
 99            115 
 99            128 
 99            131 
 99            135 
 99            138 
 99            140 
 99            141 
 99            145 
 99            146 
 99            147 
 100           115 
 100           117 
 100           131 
 100           133 
 100           134 
 100           135 
 100           136 
 100           137 
 100           142 
 100           151 
 100           152 
 100           153 
 101           108 
 101           123 
 101           124 
 101           125 
 101           127 
 101           128 
 101           129 
 101           131 
 101           132 
 101           133 
 101           135 
 101           136 
 101           139 
 101           140 
 101           142 
 102           116 
 102           130 
 102           131 
 102           134 
 102           137 
 102           138 
 102           139 
 102           141 
 102           142 
 102           146 
 102           150 
 102           151 
 102           153 
 102           155 
 102           164 
 103           109 
 103           116 
 103           131 
 103           132 
 103           135 
 103           141 
 103           142 
 103           144 
 103           147 
 103           151 
 103           164 
 103           166 
 104           131 
 104           137 
 104           141 
 104           142 
 104           148 
 104           151 
 104           153 
 104           162 
 104           165 
 104           166 
 104           167 
 104           168 
 104           169 
 104           170 
 104           174 
 104           175 
 105           116 
 105           124 
 105           126 
 105           127 
 105           132 
 105           133 
 105           134 
 105           136 
 105           137 
 105           138 
 105           146 
 105           148 
 105           149 
 105           151 
 105           152 
 105           156 
 106           113 
 106           128 
 106           135 
 106           136 
 106           146 
 106           149 
 106           155 
 106           158 
 106           159 
 106           163 
 106           166 
 106           171 
 107           133 
 107           136 
 107           137 
 107           141 
 107           143 
 107           144 
 107           145 
 107           146 
 107           147 
 107           148 
 107           152 
 107           153 
 107           156 
 107           157 
 107           158 
 107           164 
 107           166 
 108           130 
 108           134 
 108           141 
 108           143 
 108           145 
 108           147 
 108           149 
 108           150 
 108           151 
 108           152 
 108           153 
 108           154 
 108           155 
 108           157 
 108           164 
 108           167 
 108           175 
 109           140 
 109           145 
 109           148 
 109           150 
 109           156 
 109           158 
 109           161 
 109           162 
 109           165 
 109           168 
 109           172 
 110           128 
 110           147 
 110           159 
 110           161 
 110           162 
 110           169 
 110           170 
 110           171 
 111           123 
 111           129 
 111           130 
 111           132 
 111           137 
 111           140 
 111           141 
 111           149 
 111           155 
 111           162 
 111           163 
 111           164 
 111           167 
 112           126 
 112           129 
 112           132 
 112           133 
 112           136 
 112           146 
 112           149 
 112           151 
 112           154 
 112           156 
 112           169 
 113           144 
 113           154 
 113           160 
 113           167 
 113           170 
 113           174 
 113           185 
 113           187 
 113           191 
 113           203 
 114           116 
 114           133 
 114           139 
 114           142 
 114           144 
 114           148 
 114           149 
 114           153 
 114           164 
 115           139 
 115           143 
 115           149 
 115           156 
 115           157 
 115           162 
 115           164 
 115           165 
 115           168 
 115           170 
 115           174 
 115           175 
 115           176 
 115           178 
 115           187 
 116           154 
 116           157 
 116           158 
 116           159 
 116           160 
 116           161 
 116           163 
 116           165 
 116           167 
 116           168 
 116           170 
 116           171 
 116           173 
 116           174 
 116           175 
 116           179 
 116           180 
 116           181 
 116           182 
 116           187 
 116           198 
 117           147 
 117           148 
 117           165 
 117           167 
 117           169 
 117           170 
 117           171 
 117           172 
 117           173 
 117           174 
 117           175 
 117           179 
 117           181 
 117           185 
 118           148 
 118           153 
 118           164 
 118           169 
 118           173 
 118           174 
 118           175 
 118           177 
 118           184 
 119           133 
 119           149 
 119           152 
 119           160 
 119           164 
 119           168 
 119           169 
 119           178 
 120           126 
 120           151 
 120           153 
 120           154 
 120           156 
 120           157 
 120           160 
 120           162 
 120           166 
 120           169 
 121           145 
 121           155 
 121           158 
 121           160 
 121           174 
 121           178 
 121           180 
 122           137 
 122           145 
 122           157 
 122           158 
 122           162 
 122           165 
 122           169 
 122           170 
 122           174 
 122           176 
 122           178 
 122           179 
 122           180 
 122           181 
 122           185 
 122           186 
 123           158 
 123           159 
 123           165 
 123           168 
 123           172 
 123           173 
 123           176 
 123           178 
 123           179 
 123           182 
 123           183 
 123           184 
 123           185 
 123           187 
 123           189 
 123           190 
 123           192 
 123           193 
 123           195 
 123           197 
 123           198 
 124           161 
 124           164 
 124           165 
 124           167 
 124           170 
 124           171 
 124           172 
 124           176 
 124           178 
 124           182 
 124           183 
 124           185 
 124           187 
 124           189 
 124           192 
 124           197 
 124           198 
 125           144 
 125           148 
 125           150 
 125           152 
 125           153 
 125           154 
 125           157 
 125           162 
 125           164 
 125           165 
 125           168 
 125           171 
 125           172 
 125           173 
 125           174 
 125           175 
 126           141 
 126           155 
 126           164 
 126           165 
 126           167 
 126           168 
 126           171 
 126           174 
 126           175 
 126           198 
 127           143 
 127           144 
 127           145 
 127           153 
 127           155 
 127           157 
 127           162 
 127           163 
 127           164 
 127           165 
 127           174 
 127           175 
 127           178 
 128           148 
 128           153 
 128           157 
 128           164 
 128           165 
 128           167 
 128           168 
 128           172 
 128           173 
 128           179 
 128           181 
 128           185 
 128           198 
 129           157 
 129           161 
 129           168 
 129           171 
 129           179 
 129           180 
 129           181 
 129           186 
 129           187 
 129           198 
 130           148 
 130           156 
 130           161 
 130           165 
 130           169 
 130           170 
 130           171 
 130           172 
 130           174 
 130           178 
 130           181 
 131           149 
 131           158 
 131           160 
 131           173 
 131           179 
 131           180 
 131           181 
 131           182 
 131           185 
 131           187 
 131           193 
 132           160 
 132           161 
 132           165 
 132           171 
 132           173 
 132           174 
 132           175 
 132           187 
 132           189 
 132           193 
 132           198 
 133           150 
 133           155 
 133           165 
 133           167 
 133           170 
 133           171 
 133           173 
 133           174 
 133           175 
 133           189 
 133           198 
 134           165 
 134           166 
 134           172 
 134           173 
 134           174 
 134           176 
 134           178 
 134           179 
 134           180 
 134           182 
 134           184 
 134           190 
 134           193 
 134           195 
 134           198 
 134           200 
 134           205 
 135           173 
 135           175 
 135           178 
 135           179 
 135           180 
 135           184 
 135           186 
 135           187 
 135           189 
 135           193 
 135           194 
 135           195 
 135           196 
 135           197 
 135           199 
 135           200 
 135           203 
 135           205 
 136           162 
 136           174 
 136           177 
 136           179 
 136           182 
 136           184 
 136           193 
 136           194 
 136           197 
 136           198 
 136           199 
 137           177 
 137           183 
 137           187 
 137           189 
 137           190 
 137           192 
 137           193 
 137           194 
 137           196 
 137           197 
 137           199 
 137           205 
 137           207 
 138           157 
 138           173 
 138           178 
 138           179 
 138           180 
 138           181 
 138           182 
 138           183 
 138           186 
 138           187 
 138           190 
 138           193 
 138           195 
 138           198 
 138           205 
 139           159 
 139           169 
 139           173 
 139           179 
 139           180 
 139           181 
 139           184 
 139           185 
 139           186 
 139           189 
 139           190 
 139           192 
 139           194 
 139           202 
 140           170 
 140           173 
 140           182 
 140           183 
 140           187 
 140           190 
 140           192 
 140           194 
 140           196 
 140           199 
 140           200 
 140           205 
 141           159 
 141           184 
 141           192 
 141           193 
 141           194 
 141           195 
 141           196 
 141           203 
 141           214 
 141           218 
 142           154 
 142           172 
 142           176 
 142           181 
 142           183 
 142           185 
 142           191 
 142           192 
 142           195 
 142           196 
 142           197 
 142           198 
 142           200 
 143           171 
 143           172 
 143           192 
 143           195 
 143           196 
 143           197 
 143           199 
 143           201 
 143           205 
 143           209 
 143           213 
 143           214 
 143           240 
 144           161 
 144           169 
 144           176 
 144           179 
 144           180 
 144           183 
 144           192 
 144           193 
 144           194 
 144           200 
 144           202 
 144           204 
 145           171 
 145           173 
 145           187 
 145           190 
 145           192 
 145           194 
 145           195 
 145           196 
 145           197 
 145           198 
 145           200 
 145           205 
 146           172 
 146           175 
 146           177 
 146           178 
 146           179 
 146           181 
 146           182 
 146           183 
 146           185 
 146           192 
 146           193 
 146           194 
 146           197 
 146           198 
 146           199 
 146           200 
 146           205 
 147           168 
 147           184 
 147           188 
 147           189 
 147           190 
 147           192 
 147           195 
 147           196 
 147           197 
 147           199 
 147           202 
 147           203 
 147           205 
 147           208 
 147           213 
 147           214 
 148           160 
 148           180 
 148           187 
 148           189 
 148           190 
 148           191 
 148           192 
 148           193 
 148           203 
 148           205 
 148           207 
 149           184 
 149           188 
 149           190 
 149           191 
 149           192 
 149           194 
 149           195 
 149           196 
 149           197 
 149           198 
 149           199 
 149           200 
 149           202 
 149           204 
 149           205 
 149           207 
 149           208 
 149           213 
 150           163 
 150           180 
 150           181 
 150           192 
 150           194 
 150           196 
 150           197 
 150           199 
 150           205 
 150           207 
 151           171 
 151           177 
 151           190 
 151           192 
 151           194 
 151           197 
 151           198 
 151           199 
 151           201 
 151           204 
 151           205 
 151           208 
 151           213 
 152           192 
 152           199 
 152           201 
 152           202 
 152           203 
 152           204 
 152           206 
 152           207 
 152           211 
 152           212 
 152           214 
 152           215 
 152           218 
 152           219 
 152           227 
 152           240 
 153           186 
 153           187 
 153           192 
 153           193 
 153           195 
 153           199 
 153           205 
 153           211 
 153           214 
 153           218 
 153           219 
 153           230 
 154           178 
 154           186 
 154           188 
 154           193 
 154           199 
 154           202 
 154           204 
 154           205 
 154           206 
 154           211 
 154           212 
 154           218 
 154           219 
 154           223 
 155           161 
 155           172 
 155           179 
 155           181 
 155           182 
 155           183 
 155           187 
 155           192 
 155           193 
 155           194 
 155           197 
 155           214 
 156           173 
 156           179 
 156           185 
 156           186 
 156           189 
 156           193 
 156           195 
 156           196 
 156           197 
 156           200 
 156           201 
 156           202 
 156           203 
 157           184 
 157           189 
 157           191 
 157           192 
 157           194 
 157           197 
 157           199 
 157           200 
 157           202 
 157           204 
 157           207 
 157           208 
 157           209 
 157           213 
 157           214 
 157           215 
 158           206 
 158           207 
 158           210 
 158           211 
 158           213 
 158           215 
 158           216 
 158           217 
 158           219 
 158           220 
 158           221 
 158           222 
 158           223 
 158           224 
 158           226 
 158           227 
 158           228 
 158           231 
 158           238 
 158           239 
 158           240 
 158           242 
 158           243 
 159           199 
 159           200 
 159           201 
 159           205 
 159           207 
 159           208 
 159           210 
 159           211 
 159           212 
 159           213 
 159           219 
 159           222 
 159           224 
 159           225 
 159           232 
 159           240 
 160           176 
 160           183 
 160           186 
 160           194 
 160           195 
 160           197 
 160           200 
 160           202 
 160           204 
 160           206 
 160           213 
 161           177 
 161           184 
 161           190 
 161           196 
 161           199 
 161           205 
 161           207 
 161           208 
 161           213 
 162           190 
 162           201 
 162           202 
 162           203 
 162           207 
 162           211 
 162           213 
 162           214 
 162           216 
 162           217 
 162           218 
 162           219 
 162           220 
 162           223 
 162           224 
 162           225 
 162           238 
 163           184 
 163           185 
 163           188 
 163           191 
 163           195 
 163           203 
 163           204 
 163           208 
 163           213 
 163           214 
 164           180 
 164           202 
 164           204 
 164           208 
 164           210 
 164           212 
 164           213 
 164           214 
 164           222 
 164           225 
 164           232 
 165           191 
 165           194 
 165           196 
 165           202 
 165           203 
 165           204 
 165           207 
 165           212 
 165           214 
 165           224 
 165           226 
 166           181 
 166           197 
 166           204 
 166           206 
 166           207 
 166           211 
 166           215 
 166           223 
 166           238 
 167           193 
 167           199 
 167           200 
 167           212 
 167           217 
 167           219 
 167           223 
 167           244 
 168           204 
 168           206 
 168           207 
 168           210 
 168           211 
 168           215 
 168           217 
 168           218 
 168           221 
 168           223 
 168           224 
 168           226 
 168           227 
 168           228 
 168           230 
 168           231 
 168           238 
 168           240 
 169           182 
 169           195 
 169           197 
 169           198 
 169           199 
 169           206 
 169           212 
 169           213 
 169           216 
 169           230 
 170           177 
 170           202 
 170           204 
 170           208 
 170           211 
 170           213 
 170           214 
 171           202 
 171           207 
 171           210 
 171           211 
 171           212 
 171           216 
 171           217 
 171           220 
 171           221 
 171           222 
 171           224 
 171           225 
 171           226 
 171           231 
 171           232 
 171           233 
 171           234 
 171           238 
 171           239 
 171           242 
 172           186 
 172           202 
 172           206 
 172           207 
 172           210 
 172           216 
 172           218 
 172           219 
 172           220 
 172           224 
 172           225 
 172           230 
 172           238 
 172           239 
 172           242 
 173           188 
 173           191 
 173           204 
 173           207 
 173           210 
 173           211 
 173           212 
 173           213 
 173           214 
 173           217 
 173           223 
 173           225 
 173           226 
 173           227 
 173           231 
 173           238 
 174           192 
 174           196 
 174           204 
 174           209 
 174           212 
 174           227 
 174           230 
 175           190 
 175           191 
 175           201 
 175           202 
 175           204 
 175           211 
 175           224 
 175           249 
 176           199 
 176           201 
 176           208 
 176           209 
 176           211 
 176           212 
 176           215 
 176           218 
 176           220 
 176           222 
 176           224 
 176           230 
 176           238 
 176           240 
 177           188 
 177           195 
 177           206 
 177           210 
 177           212 
 177           218 
 177           219 
 177           222 
 177           225 
 177           226 
 177           238 
 177           240 
 178           201 
 178           210 
 178           213 
 178           215 
 178           217 
 178           224 
 178           232 
 178           233 
 178           238 
 178           239 
 178           240 
 179           188 
 179           212 
 179           217 
 179           218 
 179           219 
 179           220 
 179           223 
 179           224 
 179           225 
 179           226 
 179           231 
 179           238 
 179           244 
 180           201 
 180           215 
 180           218 
 180           219 
 180           220 
 180           224 
 180           229 
 180           230 
 180           233 
 180           238 
 180           239 
 180           240 
 180           258 
 181           201 
 181           203 
 181           216 
 181           217 
 181           218 
 181           219 
 181           224 
 181           229 
 181           240 
 181           249 
 182           209 
 182           215 
 182           217 
 182           220 
 182           221 
 182           222 
 182           224 
 182           226 
 182           227 
 182           228 
 182           231 
 182           234 
 182           235 
 182           238 
 182           239 
 182           240 
 182           242 
 182           244 
 183           201 
 183           210 
 183           222 
 183           223 
 183           224 
 183           230 
 183           233 
 183           238 
 183           239 
 183           240 
 183           249 
 183           258 
 184           201 
 184           212 
 184           217 
 184           220 
 184           224 
 184           232 
 184           237 
 184           238 
 184           239 
 184           240 
 185           210 
 185           215 
 185           221 
 185           222 
 185           225 
 185           228 
 185           229 
 185           231 
 185           236 
 185           239 
 185           240 
 185           258 
 186           217 
 186           222 
 186           226 
 186           227 
 186           228 
 186           231 
 186           233 
 186           234 
 186           235 
 186           236 
 186           237 
 186           241 
 186           243 
 186           246 
 186           251 
 186           256 
 187           204 
 187           221 
 187           224 
 187           225 
 187           226 
 187           228 
 187           229 
 187           231 
 187           232 
 187           236 
 187           237 
 187           240 
 187           241 
 188           209 
 188           221 
 188           228 
 188           229 
 188           230 
 188           232 
 188           234 
 188           237 
 188           239 
 188           242 
 188           243 
 188           249 
 188           260 
 189           211 
 189           223 
 189           227 
 189           230 
 189           235 
 189           238 
 189           239 
 189           241 
 189           246 
 189           249 
 189           255 
 189           256 
 190           206 
 190           212 
 190           227 
 190           230 
 190           234 
 190           239 
 190           240 
 190           243 
 190           244 
 190           266 
 191           218 
 191           219 
 191           220 
 191           222 
 191           229 
 191           236 
 191           237 
 191           240 
 191           241 
 191           242 
 191           243 
 191           245 
 191           258 
 191           263 
 192           210 
 192           217 
 192           220 
 192           221 
 192           222 
 192           224 
 192           225 
 192           226 
 192           228 
 192           232 
 192           233 
 192           234 
 192           236 
 192           237 
 192           238 
 192           239 
 192           242 
 192           243 
 193           208 
 193           213 
 193           221 
 193           222 
 193           227 
 193           228 
 193           231 
 193           233 
 193           240 
 193           241 
 193           243 
 193           258 
 194           217 
 194           220 
 194           225 
 194           228 
 194           229 
 194           231 
 194           234 
 194           236 
 194           238 
 194           241 
 194           242 
 194           243 
 194           256 
 195           215 
 195           220 
 195           223 
 195           224 
 195           227 
 195           228 
 195           229 
 195           231 
 195           233 
 195           239 
 195           242 
 195           243 
 195           246 
 195           255 
 195           256 
 196           206 
 196           211 
 196           215 
 196           221 
 196           223 
 196           228 
 196           229 
 196           231 
 196           242 
 196           243 
 196           244 
 196           246 
 197           219 
 197           220 
 197           222 
 197           228 
 197           229 
 197           231 
 197           236 
 197           243 
 197           246 
 197           256 
 198           214 
 198           235 
 198           239 
 198           241 
 198           245 
 198           246 
 198           247 
 198           249 
 198           251 
 198           253 
 198           260 
 198           266 
 199           226 
 199           228 
 199           237 
 199           239 
 199           241 
 199           242 
 199           243 
 199           245 
 199           246 
 199           248 
 199           249 
 199           251 
 199           253 
 199           254 
 199           255 
 199           256 
 199           258 
 199           260 
 199           262 
 200           230 
 200           234 
 200           238 
 200           241 
 200           243 
 200           246 
 200           248 
 200           249 
 200           252 
 200           253 
 200           257 
 200           258 
 200           266 
 200           279 
 201           221 
 201           226 
 201           228 
 201           231 
 201           234 
 201           235 
 201           236 
 201           241 
 201           242 
 201           243 
 201           244 
 201           246 
 201           254 
 202           243 
 202           245 
 202           252 
 202           253 
 202           254 
 202           256 
 202           259 
 202           262 
 202           263 
 202           265 
 202           268 
 202           270 
 202           272 
 202           273 
 202           274 
 202           277 
 202           279 
 202           282 
 202           286 
 203           209 
 203           221 
 203           230 
 203           235 
 203           260 
 204           216 
 204           220 
 204           233 
 204           234 
 204           235 
 204           239 
 204           242 
 204           243 
 204           244 
 204           245 
 204           256 
 204           258 
 205           227 
 205           234 
 205           247 
 205           250 
 205           251 
 205           255 
 205           256 
 205           258 
 205           259 
 205           260 
 205           262 
 205           263 
 205           266 
 205           267 
 205           278 
 206           232 
 206           233 
 206           241 
 206           251 
 206           256 
 206           258 
 206           260 
 206           263 
 206           265 
 206           269 
 206           271 
 207           229 
 207           236 
 207           237 
 207           241 
 207           246 
 207           249 
 207           253 
 207           254 
 207           255 
 207           258 
 207           260 
 207           264 
 207           268 
 208           239 
 208           246 
 208           247 
 208           248 
 208           251 
 208           252 
 208           253 
 208           257 
 208           260 
 208           264 
 208           267 
 208           275 
 209           233 
 209           236 
 209           241 
 209           246 
 209           247 
 209           251 
 209           252 
 209           255 
 209           258 
 209           264 
 209           267 
 209           271 
 210           235 
 210           241 
 210           244 
 210           246 
 210           247 
 210           252 
 210           253 
 210           254 
 210           255 
 210           262 
 210           266 
 210           267 
 210           271 
 210           278 
 211           251 
 211           252 
 211           253 
 211           259 
 211           268 
 211           270 
 211           273 
 211           274 
 211           275 
 211           276 
 211           277 
 211           278 
 211           279 
 211           282 
 212           228 
 212           241 
 212           245 
 212           247 
 212           253 
 212           262 
 212           263 
 212           265 
 212           269 
 212           271 
 212           282 
 213           229 
 213           234 
 213           236 
 213           237 
 213           245 
 213           247 
 213           249 
 213           252 
 213           253 
 213           254 
 213           256 
 213           257 
 213           260 
 213           263 
 213           264 
 213           273 
 214           248 
 214           250 
 214           257 
 214           259 
 214           267 
 214           269 
 214           271 
 214           272 
 214           273 
 214           274 
 214           275 
 214           276 
 214           279 
 214           281 
 214           284 
 214           293 
 215           237 
 215           241 
 215           249 
 215           251 
 215           261 
 215           266 
 215           268 
 215           269 
 215           271 
 215           278 
 216           250 
 216           259 
 216           261 
 216           264 
 216           267 
 216           268 
 216           270 
 216           273 
 216           274 
 216           275 
 216           276 
 216           277 
 216           278 
 216           279 
 216           281 
 216           282 
 216           284 
 216           285 
 216           286 
 216           293 
 217           254 
 217           255 
 217           257 
 217           258 
 217           262 
 217           264 
 217           265 
 217           267 
 217           273 
 217           275 
 217           278 
 218           247 
 218           248 
 218           250 
 218           251 
 218           256 
 218           257 
 218           259 
 218           262 
 218           269 
 218           271 
 218           273 
 218           278 
 218           284 
 219           255 
 219           257 
 219           260 
 219           266 
 219           267 
 219           274 
 219           276 
 219           277 
 219           279 
 219           281 
 219           283 
 219           284 
 219           285 
 219           293 
 220           247 
 220           250 
 220           251 
 220           252 
 220           257 
 220           260 
 220           264 
 220           266 
 220           267 
 220           271 
 220           273 
 220           275 
 221           245 
 221           247 
 221           248 
 221           251 
 221           252 
 221           253 
 221           256 
 221           257 
 221           265 
 221           266 
 221           273 
 222           252 
 222           253 
 222           254 
 222           262 
 222           265 
 222           266 
 222           268 
 222           271 
 222           277 
 222           282 
 222           283 
 223           253 
 223           263 
 223           266 
 223           269 
 223           270 
 223           272 
 223           273 
 223           277 
 223           278 
 223           280 
 223           282 
 223           284 
 223           286 
 223           290 
 223           293 
 223           294 
 223           301 
 224           253 
 224           260 
 224           265 
 224           268 
 224           270 
 224           271 
 224           272 
 224           273 
 224           274 
 224           275 
 224           276 
 224           277 
 224           278 
 224           284 
 224           285 
 224           286 
 224           293 
 224           294 
 225           246 
 225           249 
 225           254 
 225           255 
 225           257 
 225           260 
 225           264 
 225           269 
 225           271 
 225           273 
 225           274 
 225           277 
 225           278 
 225           279 
 225           281 
 226           247 
 226           252 
 226           257 
 226           264 
 226           266 
 226           267 
 226           273 
 226           275 
 226           277 
 226           278 
 226           281 
 226           282 
 227           252 
 227           253 
 227           257 
 227           264 
 227           265 
 227           273 
 227           274 
 227           276 
 227           279 
 227           282 
 227           293 
 228           257 
 228           272 
 228           273 
 228           274 
 228           278 
 228           281 
 228           283 
 228           285 
 228           288 
 228           289 
 228           293 
 228           294 
 229           235 
 229           259 
 229           262 
 229           265 
 229           269 
 229           274 
 229           278 
 229           280 
 229           281 
 230           261 
 230           267 
 230           268 
 230           274 
 230           281 
 230           283 
 230           284 
 230           285 
 230           288 
 230           291 
 230           293 
 230           295 
 231           245 
 231           250 
 231           252 
 231           253 
 231           260 
 231           262 
 231           263 
 231           264 
 231           270 
 231           272 
 231           273 
 231           274 
 231           275 
 231           276 
 231           277 
 231           278 
 231           279 
 231           280 
 231           293 
 232           262 
 232           267 
 232           270 
 232           273 
 232           278 
 232           281 
 232           283 
 232           284 
 232           287 
 232           288 
 232           291 
 232           293 
 232           294 
 233           253 
 233           254 
 233           257 
 233           262 
 233           272 
 233           274 
 233           275 
 233           277 
 233           278 
 233           279 
 233           283 
 233           284 
 233           289 
 233           294 
 234           271 
 234           274 
 234           277 
 234           281 
 234           285 
 234           288 
 234           289 
 234           293 
 234           300 
 234           301 
 235           248 
 235           261 
 235           270 
 235           272 
 235           275 
 235           284 
 235           286 
 235           288 
 235           290 
 235           293 
 236           261 
 236           266 
 236           270 
 236           272 
 236           276 
 236           277 
 236           278 
 236           279 
 236           280 
 236           281 
 236           282 
 236           283 
 236           285 
 236           286 
 236           288 
 236           291 
 236           301 
 237           274 
 237           277 
 237           279 
 237           286 
 237           288 
 237           289 
 237           292 
 237           300 
 237           301 
 238           261 
 238           264 
 238           272 
 238           275 
 238           276 
 238           280 
 238           281 
 238           282 
 238           284 
 238           285 
 238           286 
 238           288 
 238           293 
 238           294 
 238           295 
 238           301 
 239           265 
 239           270 
 239           271 
 239           273 
 239           278 
 239           281 
 239           283 
 239           286 
 239           287 
 239           288 
 239           290 
 239           293 
 240           278 
 240           281 
 240           282 
 240           283 
 240           284 
 240           291 
 240           292 
 240           293 
 240           300 
 240           301 
 241           250 
 241           259 
 241           273 
 241           275 
 241           276 
 241           277 
 241           284 
 241           285 
 241           293 
 242           257 
 242           266 
 242           267 
 242           269 
 242           271 
 242           273 
 242           274 
 242           275 
 242           281 
 242           284 
 242           288 
 242           293 
 243           250 
 243           278 
 243           283 
 243           285 
 243           287 
 243           289 
 243           292 
 243           293 
 243           295 
 243           299 
 244           257 
 244           259 
 244           264 
 244           273 
 244           274 
 244           276 
 244           282 
 244           294 
 245           267 
 245           291 
 245           295 
 245           299 
 246           263 
 246           265 
 246           280 
 246           284 
 246           285 
 246           288 
 246           290 
 246           293 
 246           297 
 247           261 
 247           268 
 247           270 
 247           272 
 247           274 
 247           276 
 247           279 
 247           283 
 247           285 
 247           286 
 247           288 
 247           289 
 247           291 
 247           294 
 248           277 
 248           282 
 248           285 
 248           291 
 248           294 
 248           295 
 248           300 
 249           280 
 249           296 
 249           297 
 249           299 
 249           300 
 249           301 
 250           288 
 250           290 
 250           291 
 250           294 
 250           297 
 250           300 
 250           301 
 251           272 
 251           281 
 251           283 
 251           286 
 251           287 
 251           288 
 251           292 
 251           293 
 251           297 
 251           299 
 251           301 
 252           261 
 252           269 
 252           284 
 252           294 
 252           295 
 252           296 
 252           299 
 252           301 
 253           281 
 253           287 
 253           288 
 253           291 
 253           295 
 253           296 
 253           300 
 254           276 
 254           291 
 254           293 
 254           295 
 254           299 
 255           272 
 255           282 
 255           287 
 255           288 
 255           291 
 255           292 
 255           294 
 255           295 
 255           300 
 256           261 
 256           285 
 256           291 
 256           295 
 256           298 
 256           299 
 256           300 
 257           261 
 257           268 
 257           270 
 257           286 
 257           291 
 257           300 
 258           287 
 258           300 
 259           283 
 259           288 
 259           295 
 259           297 
 259           299 
 259           300 
 260           282 
 260           292 
 260           301 
 261           287 
 261           292 
 261           297 
 262           285 
 262           295 
 262           296 
 262           298 
 262           300 
 262           301 
 263           283 
 263           292 
 263           295 
 263           298 
 263           299 
 263           300 
 264           283 
 264           298 
 264           300 
 265           291 
 265           296 
 265           300 
 265           301 
 266           292 
 266           297 
 266           300 
 267           289 
 267           298 
 267           300 
 268           280 
 268           287 
 268           290 
 268           296 
 268           297 
 268           298 
 268           299 
 268           301 
 269           285 
 269           297 
 269           298 
 269           300 
 270           295 
 270           296 
 270           299 
 271           297 
 272           298 
 273           302 
 274           296 
 275           292 
 275           300 
 276           300 
 277           297 
 277           298 
 278           302 
 279           302 
 280           302 
 281           298 
 282           289 
 282           299 
 283           302 
 284           302 
 285           302 
 286           302 
 287           302 
 288           298 
 289           296 
 289           297 
 290           302 
 291           302 
 292           302 
 293           296 
 294           302 
 295           302 
 296           302 
 297           302 
 298           302 
 299           302 
 300           302 
 301           302 
