 1             2 
 1             3 
 1             4 
 1             5 
 1             6 
 1             8 
 1             9 
 1             10 
 1             11 
 1             12 
 1             13 
 1             14 
 1             15 
 1             16 
 1             17 
 1             18 
 1             19 
 1             20 
 1             21 
 1             22 
 1             24 
 1             27 
 1             30 
 1             33 
 2             7 
 2             25 
 2             29 
 2             34 
 2             52 
 2             53 
 2             57 
 3             34 
 3             36 
 3             38 
 3             39 
 3             42 
 3             43 
 3             45 
 3             47 
 3             48 
 3             51 
 3             54 
 3             55 
 3             56 
 3             57 
 3             58 
 3             60 
 3             61 
 4             26 
 4             28 
 4             31 
 4             32 
 4             37 
 4             41 
 4             42 
 4             44 
 4             48 
 4             54 
 4             55 
 5             35 
 5             38 
 5             39 
 5             41 
 5             43 
 5             49 
 5             55 
 5             56 
 5             58 
 5             60 
 5             70 
 5             78 
 5             82 
 6             23 
 6             29 
 6             40 
 6             41 
 6             43 
 6             46 
 6             51 
 6             53 
 6             57 
 6             59 
 6             72 
 7             38 
 7             40 
 7             43 
 7             44 
 7             45 
 7             49 
 7             50 
 7             51 
 7             54 
 7             56 
 7             60 
 7             64 
 7             66 
 7             80 
 8             31 
 8             39 
 8             42 
 8             43 
 8             44 
 8             45 
 8             52 
 8             53 
 8             55 
 8             56 
 8             57 
 8             65 
 8             72 
 9             38 
 9             49 
 9             52 
 9             53 
 9             54 
 9             56 
 9             57 
 9             59 
 9             66 
 9             73 
 9             80 
 9             82 
 10            31 
 10            41 
 10            44 
 10            48 
 10            49 
 10            50 
 10            55 
 10            57 
 10            58 
 10            73 
 11            44 
 11            54 
 11            57 
 11            60 
 11            61 
 11            63 
 11            64 
 11            65 
 11            67 
 11            69 
 11            73 
 11            75 
 11            77 
 11            78 
 11            80 
 11            81 
 12            42 
 12            53 
 12            54 
 12            58 
 12            61 
 12            62 
 12            63 
 12            64 
 12            65 
 12            69 
 12            72 
 12            82 
 13            39 
 13            40 
 13            46 
 13            51 
 13            60 
 13            63 
 13            68 
 13            69 
 13            72 
 13            75 
 13            80 
 14            29 
 14            31 
 14            34 
 14            39 
 14            43 
 14            44 
 14            48 
 14            52 
 14            53 
 14            56 
 14            57 
 14            65 
 14            72 
 15            37 
 15            50 
 15            51 
 15            53 
 15            59 
 15            61 
 15            63 
 15            65 
 15            67 
 15            68 
 15            69 
 15            73 
 15            75 
 16            47 
 16            61 
 16            67 
 16            71 
 16            72 
 16            74 
 16            76 
 16            80 
 16            81 
 16            85 
 16            86 
 16            89 
 16            91 
 16            95 
 16            97 
 16            112 
 17            37 
 17            44 
 17            46 
 17            52 
 17            63 
 17            65 
 17            66 
 17            67 
 17            72 
 17            73 
 17            78 
 18            43 
 18            51 
 18            53 
 18            54 
 18            60 
 18            62 
 18            63 
 18            64 
 18            68 
 18            69 
 18            75 
 18            77 
 18            82 
 18            93 
 19            40 
 19            52 
 19            55 
 19            58 
 19            59 
 19            60 
 19            61 
 19            65 
 19            67 
 19            72 
 19            81 
 19            84 
 19            89 
 20            40 
 20            44 
 20            49 
 20            55 
 20            60 
 20            63 
 20            65 
 20            77 
 20            80 
 21            43 
 21            53 
 21            59 
 21            61 
 21            62 
 21            65 
 21            66 
 21            69 
 21            72 
 21            73 
 21            75 
 21            83 
 21            84 
 21            88 
 22            28 
 22            44 
 22            49 
 22            50 
 22            55 
 22            59 
 22            63 
 22            64 
 22            65 
 22            80 
 23            39 
 23            44 
 23            45 
 23            49 
 23            54 
 23            58 
 23            60 
 23            63 
 23            65 
 23            66 
 23            78 
 24            46 
 24            47 
 24            49 
 24            51 
 24            57 
 24            60 
 24            66 
 24            67 
 24            68 
 24            74 
 24            78 
 24            80 
 25            31 
 25            39 
 25            54 
 25            55 
 25            58 
 25            62 
 25            65 
 25            69 
 25            72 
 26            38 
 26            46 
 26            49 
 26            51 
 26            52 
 26            56 
 26            58 
 26            60 
 26            66 
 26            78 
 26            82 
 27            40 
 27            50 
 27            51 
 27            55 
 27            59 
 27            72 
 27            73 
 27            81 
 27            84 
 27            87 
 28            53 
 28            61 
 28            66 
 28            73 
 28            75 
 28            76 
 28            82 
 28            91 
 28            93 
 28            107 
 29            54 
 29            55 
 29            64 
 29            66 
 29            76 
 29            78 
 29            80 
 29            81 
 29            93 
 30            47 
 30            55 
 30            56 
 30            62 
 30            63 
 30            66 
 30            69 
 30            72 
 30            73 
 30            74 
 30            76 
 30            78 
 30            80 
 30            82 
 30            85 
 31            40 
 31            47 
 31            51 
 31            59 
 31            60 
 31            61 
 31            63 
 31            66 
 31            67 
 31            80 
 31            81 
 31            89 
 32            57 
 32            60 
 32            62 
 32            64 
 32            66 
 32            68 
 32            69 
 32            70 
 32            71 
 32            73 
 32            74 
 32            76 
 32            78 
 32            82 
 32            89 
 32            90 
 32            93 
 33            67 
 33            71 
 33            73 
 33            81 
 33            82 
 33            84 
 33            85 
 33            86 
 33            87 
 33            88 
 33            89 
 33            90 
 33            91 
 33            92 
 33            94 
 33            97 
 33            101 
 33            110 
 33            112 
 34            69 
 34            76 
 34            77 
 34            78 
 34            86 
 34            90 
 34            91 
 34            94 
 34            97 
 34            100 
 34            103 
 34            105 
 34            107 
 34            112 
 34            115 
 35            59 
 35            66 
 35            71 
 35            75 
 35            79 
 35            86 
 35            88 
 35            91 
 35            95 
 35            104 
 36            52 
 36            59 
 36            64 
 36            68 
 36            70 
 36            71 
 36            72 
 36            73 
 36            74 
 36            76 
 36            78 
 36            79 
 36            80 
 36            81 
 36            87 
 36            91 
 37            60 
 37            62 
 37            70 
 37            71 
 37            77 
 37            80 
 37            82 
 37            83 
 37            84 
 37            85 
 37            88 
 37            93 
 37            100 
 38            62 
 38            63 
 38            67 
 38            69 
 38            71 
 38            72 
 38            74 
 38            77 
 38            81 
 38            84 
 38            85 
 38            86 
 38            88 
 38            89 
 38            90 
 38            101 
 39            64 
 39            67 
 39            73 
 39            86 
 39            87 
 39            88 
 39            95 
 39            97 
 39            106 
 39            110 
 40            71 
 40            74 
 40            78 
 40            79 
 40            82 
 40            88 
 40            91 
 40            94 
 40            97 
 40            100 
 40            101 
 40            104 
 40            105 
 40            107 
 40            110 
 40            113 
 40            122 
 41            68 
 41            71 
 41            74 
 41            77 
 41            79 
 41            84 
 41            86 
 41            89 
 41            90 
 41            91 
 41            93 
 41            97 
 41            99 
 41            105 
 41            109 
 41            110 
 41            112 
 42            67 
 42            71 
 42            74 
 42            75 
 42            76 
 42            77 
 42            79 
 42            80 
 42            81 
 42            83 
 42            85 
 42            86 
 42            87 
 42            89 
 42            91 
 42            92 
 42            95 
 42            97 
 42            107 
 42            112 
 43            71 
 43            85 
 43            86 
 43            90 
 43            91 
 43            92 
 43            94 
 43            95 
 43            96 
 43            100 
 43            101 
 43            104 
 43            105 
 43            109 
 43            113 
 43            118 
 43            130 
 44            62 
 44            68 
 44            71 
 44            74 
 44            76 
 44            82 
 44            84 
 44            86 
 44            89 
 44            93 
 44            112 
 45            75 
 45            77 
 45            81 
 45            83 
 45            85 
 45            88 
 45            89 
 45            92 
 45            93 
 45            95 
 45            104 
 45            105 
 45            108 
 45            112 
 45            130 
 46            61 
 46            77 
 46            79 
 46            81 
 46            84 
 46            85 
 46            86 
 46            87 
 46            88 
 46            89 
 46            90 
 46            91 
 46            92 
 46            93 
 46            94 
 46            95 
 46            97 
 46            100 
 46            101 
 46            104 
 46            105 
 46            110 
 46            112 
 47            75 
 47            77 
 47            79 
 47            83 
 47            84 
 47            87 
 47            88 
 47            90 
 47            92 
 47            100 
 47            103 
 47            104 
 48            64 
 48            71 
 48            74 
 48            76 
 48            78 
 48            79 
 48            82 
 48            85 
 48            87 
 48            88 
 48            90 
 48            91 
 48            96 
 48            97 
 48            100 
 48            104 
 48            115 
 49            62 
 49            69 
 49            71 
 49            76 
 49            83 
 49            84 
 49            85 
 49            90 
 49            100 
 49            112 
 49            115 
 50            82 
 50            86 
 50            89 
 50            97 
 50            98 
 50            99 
 50            100 
 50            104 
 50            106 
 50            107 
 50            116 
 50            119 
 50            123 
 50            130 
 50            137 
 51            70 
 51            76 
 51            79 
 51            90 
 51            92 
 51            94 
 51            97 
 51            99 
 51            100 
 51            103 
 51            105 
 51            116 
 52            75 
 52            86 
 52            92 
 52            96 
 52            97 
 52            103 
 52            106 
 52            108 
 52            110 
 52            111 
 52            112 
 52            113 
 52            116 
 52            119 
 52            122 
 52            123 
 53            70 
 53            71 
 53            74 
 53            78 
 53            81 
 53            89 
 53            92 
 53            96 
 53            97 
 53            100 
 53            101 
 53            104 
 53            105 
 53            106 
 53            115 
 53            116 
 53            122 
 54            71 
 54            83 
 54            85 
 54            90 
 54            95 
 54            97 
 54            98 
 54            99 
 54            101 
 54            102 
 54            104 
 54            105 
 54            115 
 54            120 
 54            124 
 54            130 
 55            71 
 55            75 
 55            83 
 55            86 
 55            88 
 55            91 
 55            95 
 55            96 
 55            104 
 55            105 
 55            106 
 55            112 
 55            113 
 55            123 
 55            130 
 56            67 
 56            71 
 56            77 
 56            84 
 56            89 
 56            91 
 56            94 
 56            95 
 56            97 
 56            98 
 56            101 
 56            106 
 56            110 
 56            112 
 56            116 
 57            85 
 57            86 
 57            92 
 57            98 
 57            103 
 57            109 
 57            113 
 57            115 
 57            118 
 57            130 
 57            138 
 58            68 
 58            77 
 58            80 
 58            87 
 58            91 
 58            92 
 58            93 
 58            94 
 58            95 
 58            109 
 58            110 
 58            112 
 58            118 
 59            77 
 59            85 
 59            93 
 59            97 
 59            99 
 59            100 
 59            101 
 59            102 
 59            105 
 59            107 
 59            108 
 59            109 
 59            118 
 59            122 
 60            86 
 60            87 
 60            91 
 60            92 
 60            94 
 60            95 
 60            98 
 60            103 
 60            104 
 60            105 
 60            106 
 60            108 
 60            109 
 60            116 
 60            118 
 60            119 
 60            122 
 60            123 
 60            130 
 61            98 
 61            99 
 61            102 
 61            111 
 61            116 
 61            117 
 61            118 
 61            120 
 61            123 
 61            125 
 61            130 
 61            133 
 61            137 
 61            142 
 61            145 
 62            79 
 62            87 
 62            91 
 62            92 
 62            94 
 62            95 
 62            96 
 62            97 
 62            98 
 62            99 
 62            103 
 62            104 
 62            105 
 62            107 
 62            109 
 62            110 
 62            116 
 62            118 
 62            119 
 62            122 
 62            123 
 63            97 
 63            99 
 63            100 
 63            103 
 63            104 
 63            105 
 63            106 
 63            108 
 63            109 
 63            110 
 63            111 
 63            112 
 63            114 
 63            116 
 63            119 
 63            122 
 63            123 
 63            125 
 63            130 
 63            137 
 64            83 
 64            84 
 64            98 
 64            99 
 64            101 
 64            103 
 64            105 
 64            111 
 64            112 
 64            120 
 64            124 
 64            130 
 65            70 
 65            91 
 65            92 
 65            94 
 65            97 
 65            105 
 65            106 
 65            108 
 65            115 
 65            130 
 66            77 
 66            87 
 66            92 
 66            94 
 66            97 
 66            99 
 66            103 
 66            106 
 66            110 
 66            112 
 66            114 
 66            116 
 66            123 
 67            93 
 67            99 
 67            100 
 67            104 
 67            105 
 67            108 
 67            109 
 67            119 
 67            122 
 67            123 
 67            125 
 67            129 
 67            130 
 67            133 
 67            135 
 67            137 
 68            85 
 68            88 
 68            100 
 68            101 
 68            104 
 68            113 
 68            120 
 68            122 
 68            130 
 68            133 
 68            135 
 69            92 
 69            99 
 69            106 
 69            108 
 69            111 
 69            117 
 69            118 
 69            119 
 69            120 
 69            122 
 69            124 
 69            126 
 69            128 
 69            142 
 70            86 
 70            111 
 70            112 
 70            118 
 70            119 
 70            120 
 70            123 
 70            126 
 70            131 
 70            137 
 70            142 
 71            103 
 71            111 
 71            114 
 71            117 
 71            119 
 71            126 
 71            129 
 71            133 
 71            135 
 71            137 
 71            138 
 71            143 
 71            145 
 71            152 
 72            108 
 72            109 
 72            113 
 72            115 
 72            119 
 72            122 
 72            124 
 72            125 
 72            126 
 72            127 
 72            128 
 72            129 
 72            131 
 72            132 
 72            135 
 72            136 
 72            138 
 72            140 
 72            142 
 72            145 
 72            148 
 73            96 
 73            111 
 73            117 
 73            126 
 73            128 
 73            129 
 73            133 
 73            139 
 73            148 
 73            158 
 73            168 
 74            98 
 74            108 
 74            119 
 74            121 
 74            123 
 74            124 
 74            126 
 74            132 
 74            135 
 74            137 
 74            138 
 74            141 
 74            142 
 74            145 
 75            101 
 75            102 
 75            114 
 75            115 
 75            118 
 75            125 
 75            127 
 75            128 
 75            129 
 75            133 
 75            137 
 75            139 
 76            98 
 76            101 
 76            109 
 76            110 
 76            119 
 76            120 
 76            121 
 76            122 
 76            123 
 76            124 
 76            125 
 76            126 
 76            132 
 76            133 
 76            137 
 76            141 
 77            96 
 77            111 
 77            125 
 77            128 
 77            131 
 77            134 
 77            135 
 77            137 
 77            139 
 77            142 
 77            143 
 77            148 
 77            152 
 77            158 
 78            95 
 78            102 
 78            109 
 78            118 
 78            120 
 78            121 
 78            123 
 78            128 
 78            130 
 78            133 
 78            134 
 78            135 
 78            140 
 78            143 
 78            145 
 78            153 
 79            106 
 79            111 
 79            120 
 79            121 
 79            125 
 79            129 
 79            130 
 79            131 
 79            133 
 79            134 
 79            135 
 79            136 
 79            139 
 79            140 
 79            144 
 79            145 
 79            146 
 80            90 
 80            101 
 80            111 
 80            123 
 80            124 
 80            130 
 80            135 
 80            141 
 81            109 
 81            126 
 81            128 
 81            129 
 81            134 
 81            135 
 81            136 
 81            138 
 81            139 
 81            141 
 81            144 
 81            145 
 81            147 
 81            148 
 81            149 
 81            152 
 81            153 
 81            158 
 81            168 
 81            170 
 82            108 
 82            111 
 82            118 
 82            125 
 82            129 
 82            131 
 82            136 
 82            139 
 82            140 
 82            144 
 82            145 
 82            147 
 82            152 
 82            158 
 82            170 
 83            94 
 83            109 
 83            117 
 83            121 
 83            122 
 83            126 
 83            127 
 83            131 
 83            132 
 83            133 
 83            134 
 83            145 
 83            153 
 84            102 
 84            107 
 84            108 
 84            118 
 84            119 
 84            121 
 84            123 
 84            125 
 84            127 
 84            128 
 84            129 
 84            133 
 84            135 
 84            137 
 84            138 
 84            139 
 84            140 
 84            142 
 84            145 
 85            106 
 85            114 
 85            116 
 85            117 
 85            119 
 85            121 
 85            123 
 85            126 
 85            127 
 85            128 
 85            129 
 85            137 
 85            139 
 85            142 
 85            143 
 85            145 
 86            114 
 86            121 
 86            124 
 86            125 
 86            129 
 86            132 
 86            133 
 86            135 
 86            136 
 86            139 
 86            141 
 86            143 
 86            145 
 86            148 
 86            152 
 86            157 
 87            113 
 87            117 
 87            127 
 87            129 
 87            131 
 87            132 
 87            137 
 87            138 
 87            144 
 87            145 
 87            148 
 87            153 
 88            98 
 88            111 
 88            116 
 88            121 
 88            125 
 88            126 
 88            137 
 88            141 
 88            142 
 88            145 
 89            113 
 89            114 
 89            124 
 89            129 
 89            131 
 89            141 
 89            142 
 89            143 
 90            108 
 90            122 
 90            125 
 90            126 
 90            129 
 90            131 
 90            136 
 90            137 
 90            138 
 90            140 
 90            142 
 90            145 
 90            146 
 90            147 
 90            148 
 90            149 
 90            159 
 91            102 
 91            111 
 91            134 
 91            135 
 91            136 
 91            138 
 91            141 
 91            142 
 91            143 
 91            144 
 91            145 
 91            153 
 91            158 
 91            160 
 92            125 
 92            129 
 92            135 
 92            137 
 92            145 
 92            147 
 92            152 
 92            155 
 92            157 
 92            158 
 92            162 
 93            115 
 93            128 
 93            142 
 93            146 
 93            149 
 93            152 
 93            155 
 93            157 
 93            161 
 93            168 
 93            174 
 93            178 
 94            125 
 94            129 
 94            137 
 94            138 
 94            139 
 94            140 
 94            142 
 94            148 
 94            150 
 94            158 
 94            159 
 94            162 
 94            163 
 94            164 
 95            125 
 95            137 
 95            139 
 95            141 
 95            146 
 95            149 
 95            152 
 95            157 
 95            159 
 95            162 
 95            166 
 96            120 
 96            127 
 96            136 
 96            140 
 96            144 
 96            145 
 96            146 
 96            147 
 96            149 
 96            150 
 96            153 
 96            157 
 96            162 
 96            163 
 97            117 
 97            126 
 97            127 
 97            129 
 97            131 
 97            133 
 97            135 
 97            138 
 97            141 
 97            145 
 97            146 
 97            148 
 97            153 
 97            157 
 97            158 
 97            168 
 98            114 
 98            127 
 98            128 
 98            129 
 98            131 
 98            136 
 98            139 
 98            143 
 98            147 
 98            148 
 98            157 
 98            170 
 99            113 
 99            127 
 99            131 
 99            139 
 99            140 
 99            141 
 99            148 
 99            153 
 99            157 
 100           124 
 100           126 
 100           128 
 100           131 
 100           134 
 100           136 
 100           138 
 100           141 
 100           142 
 100           145 
 100           146 
 100           147 
 100           148 
 100           149 
 100           152 
 100           155 
 100           156 
 100           158 
 100           168 
 100           170 
 101           117 
 101           142 
 101           143 
 101           145 
 101           150 
 101           152 
 101           153 
 101           159 
 101           161 
 101           162 
 101           168 
 101           170 
 102           126 
 102           146 
 102           147 
 102           148 
 102           152 
 102           154 
 102           155 
 102           164 
 102           166 
 102           168 
 102           169 
 102           170 
 102           174 
 102           179 
 103           141 
 103           142 
 103           146 
 103           147 
 103           148 
 103           158 
 103           159 
 103           160 
 103           162 
 103           163 
 103           164 
 103           166 
 103           168 
 103           185 
 104           121 
 104           132 
 104           140 
 104           143 
 104           148 
 104           150 
 104           151 
 104           159 
 104           163 
 104           164 
 104           168 
 105           128 
 105           134 
 105           141 
 105           142 
 105           145 
 105           149 
 105           153 
 105           155 
 105           157 
 105           159 
 105           168 
 105           173 
 106           148 
 106           151 
 106           152 
 106           153 
 106           154 
 106           155 
 106           158 
 106           159 
 106           162 
 106           164 
 106           165 
 106           166 
 106           168 
 106           169 
 106           171 
 106           173 
 106           178 
 106           179 
 106           182 
 106           183 
 107           131 
 107           150 
 107           160 
 107           162 
 107           164 
 107           165 
 107           168 
 107           170 
 107           171 
 107           174 
 107           179 
 107           180 
 107           181 
 108           134 
 108           143 
 108           151 
 108           153 
 108           155 
 108           156 
 108           160 
 108           161 
 108           164 
 108           165 
 108           168 
 108           169 
 108           194 
 109           146 
 109           155 
 109           156 
 109           157 
 109           159 
 109           160 
 109           161 
 109           166 
 109           172 
 109           174 
 109           176 
 109           178 
 109           180 
 109           185 
 109           190 
 110           131 
 110           136 
 110           145 
 110           147 
 110           149 
 110           151 
 110           152 
 110           155 
 110           157 
 110           159 
 110           160 
 110           162 
 110           168 
 110           171 
 110           179 
 111           127 
 111           132 
 111           149 
 111           151 
 111           156 
 111           157 
 111           163 
 111           172 
 111           175 
 112           140 
 112           148 
 112           150 
 112           151 
 112           154 
 112           156 
 112           159 
 112           161 
 112           166 
 112           174 
 113           121 
 113           146 
 113           150 
 113           151 
 113           152 
 113           155 
 113           156 
 113           158 
 113           159 
 113           160 
 113           164 
 113           168 
 114           134 
 114           140 
 114           144 
 114           146 
 114           149 
 114           151 
 114           153 
 114           156 
 114           158 
 114           161 
 114           164 
 114           165 
 114           168 
 114           169 
 114           194 
 115           156 
 115           159 
 115           160 
 115           165 
 115           167 
 115           169 
 115           177 
 115           181 
 115           189 
 116           131 
 116           151 
 116           152 
 116           155 
 116           165 
 116           171 
 116           174 
 116           177 
 116           178 
 116           179 
 116           180 
 116           181 
 116           182 
 116           189 
 117           136 
 117           140 
 117           154 
 117           156 
 117           163 
 117           164 
 117           165 
 117           166 
 118           141 
 118           148 
 118           157 
 118           163 
 118           165 
 118           166 
 118           175 
 118           176 
 119           150 
 119           162 
 119           166 
 119           174 
 119           176 
 119           181 
 119           183 
 119           185 
 119           193 
 120           138 
 120           154 
 120           155 
 120           156 
 120           165 
 120           166 
 120           170 
 120           174 
 120           177 
 120           178 
 120           179 
 120           183 
 120           188 
 120           189 
 120           194 
 121           147 
 121           149 
 121           154 
 121           161 
 121           162 
 121           166 
 121           169 
 121           170 
 121           171 
 121           173 
 121           174 
 121           179 
 121           185 
 121           194 
 122           144 
 122           150 
 122           152 
 122           157 
 122           158 
 122           160 
 122           161 
 122           162 
 122           168 
 122           170 
 122           171 
 122           174 
 122           176 
 122           180 
 122           181 
 122           185 
 122           194 
 123           136 
 123           144 
 123           148 
 123           149 
 123           151 
 123           152 
 123           154 
 123           157 
 123           158 
 123           160 
 123           161 
 123           165 
 123           171 
 123           178 
 123           179 
 124           144 
 124           151 
 124           153 
 124           154 
 124           159 
 124           160 
 124           162 
 124           163 
 124           164 
 124           169 
 124           178 
 124           182 
 125           156 
 125           160 
 125           165 
 125           168 
 125           169 
 125           172 
 125           176 
 125           179 
 125           180 
 125           181 
 125           185 
 125           186 
 125           189 
 126           161 
 126           162 
 126           171 
 126           173 
 126           176 
 126           178 
 126           182 
 126           184 
 126           185 
 126           189 
 126           194 
 127           159 
 127           161 
 127           166 
 127           169 
 127           171 
 127           173 
 127           174 
 127           176 
 127           178 
 127           185 
 127           189 
 127           190 
 128           162 
 128           164 
 128           165 
 128           166 
 128           169 
 128           171 
 128           175 
 128           179 
 128           180 
 128           181 
 128           183 
 128           185 
 128           189 
 128           194 
 128           197 
 128           200 
 129           151 
 129           160 
 129           165 
 129           166 
 129           174 
 129           177 
 129           178 
 129           181 
 129           182 
 129           189 
 129           197 
 130           171 
 130           174 
 130           176 
 130           181 
 130           183 
 130           184 
 130           187 
 130           192 
 130           194 
 130           195 
 130           196 
 130           198 
 130           199 
 130           200 
 130           201 
 130           204 
 130           210 
 130           211 
 130           217 
 131           161 
 131           163 
 131           166 
 131           173 
 131           175 
 131           176 
 131           183 
 131           185 
 131           187 
 131           191 
 131           193 
 131           194 
 131           210 
 132           161 
 132           171 
 132           177 
 132           178 
 132           179 
 132           181 
 132           183 
 132           184 
 132           185 
 132           187 
 132           189 
 132           192 
 132           194 
 132           196 
 132           204 
 132           211 
 133           150 
 133           161 
 133           166 
 133           171 
 133           174 
 133           177 
 133           183 
 133           185 
 134           154 
 134           162 
 134           163 
 134           166 
 134           178 
 134           185 
 134           187 
 134           193 
 135           150 
 135           154 
 135           166 
 135           171 
 135           174 
 135           177 
 135           179 
 135           183 
 135           185 
 135           188 
 136           174 
 136           184 
 136           189 
 136           191 
 136           193 
 136           194 
 136           195 
 136           198 
 136           201 
 136           204 
 136           210 
 136           211 
 136           217 
 136           221 
 137           161 
 137           170 
 137           182 
 137           184 
 137           187 
 137           191 
 137           194 
 137           196 
 137           204 
 138           173 
 138           184 
 138           185 
 138           191 
 138           192 
 138           193 
 138           196 
 138           197 
 138           198 
 138           201 
 138           202 
 138           204 
 138           211 
 138           217 
 139           167 
 139           178 
 139           179 
 139           182 
 139           189 
 139           192 
 139           195 
 139           196 
 139           199 
 139           200 
 139           201 
 139           204 
 139           211 
 139           213 
 140           155 
 140           160 
 140           172 
 140           176 
 140           179 
 140           181 
 140           184 
 140           185 
 140           191 
 140           202 
 141           150 
 141           174 
 141           177 
 141           179 
 141           183 
 141           188 
 141           190 
 141           192 
 141           193 
 141           194 
 141           195 
 142           154 
 142           171 
 142           172 
 142           179 
 142           183 
 142           187 
 142           188 
 142           189 
 142           196 
 143           174 
 143           179 
 143           180 
 143           181 
 143           182 
 143           183 
 143           189 
 143           190 
 143           193 
 143           198 
 143           201 
 143           202 
 143           204 
 143           211 
 144           166 
 144           173 
 144           177 
 144           184 
 144           186 
 144           187 
 144           191 
 144           195 
 144           196 
 144           197 
 144           199 
 144           200 
 144           203 
 144           204 
 144           208 
 144           218 
 145           154 
 145           166 
 145           177 
 145           178 
 145           182 
 145           187 
 145           188 
 145           196 
 146           175 
 146           177 
 146           181 
 146           186 
 146           188 
 146           189 
 146           192 
 146           195 
 146           196 
 146           197 
 146           199 
 146           202 
 146           204 
 146           208 
 146           211 
 146           218 
 147           165 
 147           180 
 147           182 
 147           183 
 147           186 
 147           189 
 147           191 
 147           195 
 147           196 
 147           197 
 147           200 
 147           201 
 147           203 
 147           211 
 147           212 
 148           172 
 148           180 
 148           186 
 148           188 
 148           198 
 148           205 
 148           211 
 148           213 
 148           219 
 149           176 
 149           180 
 149           183 
 149           184 
 149           186 
 149           187 
 149           188 
 149           191 
 149           192 
 149           193 
 149           197 
 149           198 
 149           203 
 149           204 
 149           208 
 149           210 
 149           213 
 150           167 
 150           169 
 150           178 
 150           182 
 150           189 
 150           199 
 150           200 
 150           201 
 150           204 
 150           213 
 151           176 
 151           184 
 151           185 
 151           186 
 151           188 
 151           190 
 151           191 
 151           192 
 151           193 
 151           196 
 151           198 
 151           200 
 151           201 
 151           202 
 151           203 
 151           204 
 151           208 
 151           210 
 151           213 
 152           163 
 152           175 
 152           187 
 152           190 
 152           192 
 152           195 
 152           196 
 152           197 
 152           199 
 152           207 
 152           218 
 152           222 
 153           174 
 153           184 
 153           189 
 153           193 
 153           195 
 153           199 
 153           200 
 153           201 
 153           202 
 153           203 
 153           204 
 153           207 
 153           210 
 153           221 
 154           167 
 154           175 
 154           176 
 154           180 
 154           181 
 154           184 
 154           190 
 154           192 
 154           195 
 154           200 
 154           201 
 154           202 
 154           204 
 154           210 
 154           211 
 155           187 
 155           192 
 155           196 
 155           197 
 155           198 
 155           200 
 155           201 
 155           203 
 155           204 
 155           205 
 155           207 
 155           208 
 155           210 
 155           211 
 155           212 
 155           213 
 155           214 
 155           216 
 155           217 
 155           218 
 155           219 
 155           222 
 156           171 
 156           182 
 156           184 
 156           191 
 156           200 
 156           203 
 156           204 
 156           217 
 157           164 
 157           167 
 157           169 
 157           183 
 157           189 
 157           195 
 157           200 
 157           201 
 157           202 
 157           204 
 158           186 
 158           192 
 158           198 
 158           200 
 158           203 
 158           205 
 158           211 
 158           212 
 158           213 
 158           216 
 158           218 
 158           219 
 158           220 
 158           225 
 158           228 
 159           184 
 159           192 
 159           194 
 159           195 
 159           196 
 159           197 
 159           199 
 159           202 
 159           203 
 159           204 
 159           207 
 159           216 
 159           230 
 160           173 
 160           175 
 160           183 
 160           187 
 160           188 
 160           192 
 160           195 
 160           198 
 160           203 
 160           204 
 160           217 
 160           218 
 160           222 
 160           230 
 161           167 
 161           188 
 161           195 
 161           199 
 161           200 
 161           201 
 161           203 
 161           213 
 161           216 
 162           172 
 162           186 
 162           188 
 162           196 
 162           202 
 162           205 
 162           207 
 162           211 
 162           213 
 162           219 
 163           186 
 163           188 
 163           202 
 163           203 
 163           204 
 163           208 
 163           211 
 163           213 
 163           215 
 163           216 
 163           219 
 163           220 
 163           221 
 163           228 
 163           230 
 164           207 
 164           209 
 164           210 
 164           211 
 164           213 
 164           217 
 164           220 
 164           222 
 164           223 
 164           224 
 164           225 
 164           228 
 164           231 
 164           235 
 164           236 
 165           198 
 165           204 
 165           205 
 165           208 
 165           209 
 165           210 
 165           213 
 165           214 
 165           216 
 165           218 
 165           219 
 165           220 
 165           221 
 165           222 
 165           224 
 165           226 
 165           228 
 165           229 
 165           231 
 165           241 
 166           192 
 166           209 
 166           211 
 166           215 
 166           216 
 166           219 
 166           222 
 166           223 
 166           224 
 166           228 
 166           229 
 166           230 
 166           231 
 166           233 
 167           186 
 167           197 
 167           198 
 167           205 
 167           207 
 167           208 
 167           212 
 167           218 
 167           219 
 167           221 
 167           222 
 167           225 
 167           229 
 167           230 
 168           190 
 168           197 
 168           208 
 168           217 
 168           221 
 168           222 
 168           226 
 168           227 
 168           229 
 168           232 
 168           236 
 169           184 
 169           187 
 169           191 
 169           196 
 169           208 
 169           211 
 169           215 
 169           217 
 170           192 
 170           193 
 170           195 
 170           199 
 170           200 
 170           201 
 170           205 
 170           206 
 170           209 
 170           210 
 170           211 
 170           212 
 170           213 
 170           216 
 170           217 
 170           219 
 170           222 
 171           193 
 171           202 
 171           205 
 171           208 
 171           209 
 171           220 
 171           222 
 171           223 
 171           224 
 171           225 
 171           231 
 171           232 
 171           233 
 171           234 
 171           235 
 171           241 
 172           177 
 172           192 
 172           195 
 172           199 
 172           204 
 172           206 
 172           209 
 172           215 
 172           218 
 172           229 
 173           213 
 173           215 
 173           216 
 173           221 
 173           223 
 173           224 
 173           226 
 173           227 
 173           228 
 173           231 
 173           235 
 173           236 
 173           237 
 173           242 
 174           208 
 174           209 
 174           212 
 174           213 
 174           215 
 174           216 
 174           218 
 174           219 
 174           220 
 174           222 
 174           223 
 174           224 
 174           225 
 174           226 
 174           228 
 174           229 
 174           230 
 174           231 
 174           235 
 174           236 
 174           240 
 175           205 
 175           214 
 175           215 
 175           219 
 175           220 
 175           225 
 175           229 
 175           231 
 175           235 
 175           241 
 175           246 
 176           218 
 176           226 
 176           227 
 176           231 
 176           232 
 176           233 
 176           234 
 176           235 
 176           236 
 176           237 
 176           241 
 176           242 
 176           246 
 177           201 
 177           210 
 177           212 
 177           216 
 177           217 
 177           222 
 177           223 
 177           226 
 177           227 
 177           232 
 177           233 
 177           234 
 177           235 
 177           237 
 177           240 
 178           191 
 178           202 
 178           203 
 178           210 
 178           215 
 178           217 
 178           220 
 178           221 
 178           233 
 179           210 
 179           214 
 179           215 
 179           216 
 179           217 
 179           220 
 179           222 
 179           223 
 179           224 
 179           225 
 179           229 
 179           235 
 179           236 
 179           237 
 179           240 
 179           241 
 180           199 
 180           225 
 180           227 
 180           230 
 180           232 
 180           233 
 180           237 
 180           242 
 180           243 
 181           203 
 181           207 
 181           212 
 181           213 
 181           216 
 181           219 
 181           222 
 181           223 
 181           224 
 181           226 
 181           227 
 181           228 
 181           229 
 181           230 
 181           234 
 181           236 
 182           209 
 182           210 
 182           214 
 182           215 
 182           221 
 182           223 
 182           224 
 182           226 
 182           228 
 182           229 
 182           231 
 182           233 
 182           240 
 183           216 
 183           225 
 183           226 
 183           231 
 183           232 
 183           233 
 183           235 
 183           236 
 183           237 
 183           240 
 183           241 
 183           242 
 183           243 
 183           244 
 183           246 
 184           205 
 184           209 
 184           212 
 184           220 
 184           223 
 184           224 
 184           225 
 184           229 
 184           233 
 184           234 
 184           235 
 184           241 
 184           242 
 185           195 
 185           199 
 185           216 
 185           224 
 185           227 
 185           229 
 185           230 
 185           240 
 185           242 
 186           206 
 186           209 
 186           217 
 186           223 
 186           227 
 186           232 
 186           234 
 186           236 
 186           242 
 187           206 
 187           209 
 187           226 
 187           227 
 187           228 
 187           229 
 187           232 
 187           234 
 187           235 
 187           236 
 188           214 
 188           226 
 188           231 
 188           233 
 188           238 
 188           239 
 188           240 
 188           249 
 189           206 
 189           223 
 189           232 
 189           233 
 189           238 
 189           248 
 189           250 
 190           206 
 190           216 
 190           223 
 190           225 
 190           233 
 190           234 
 190           235 
 190           237 
 190           240 
 190           242 
 190           244 
 191           206 
 191           207 
 191           214 
 191           216 
 191           219 
 191           222 
 191           223 
 191           230 
 191           232 
 191           234 
 191           236 
 192           221 
 192           226 
 192           227 
 192           232 
 192           238 
 192           239 
 192           241 
 192           243 
 192           245 
 192           250 
 192           251 
 193           226 
 193           238 
 193           242 
 193           244 
 193           248 
 193           249 
 193           250 
 193           251 
 193           254 
 193           256 
 193           257 
 193           260 
 193           262 
 194           242 
 194           247 
 194           251 
 194           252 
 194           256 
 194           257 
 194           259 
 194           260 
 194           262 
 194           266 
 194           268 
 194           271 
 195           220 
 195           223 
 195           228 
 195           233 
 195           235 
 195           236 
 195           237 
 195           247 
 195           249 
 196           220 
 196           223 
 196           227 
 196           231 
 196           232 
 196           235 
 196           236 
 196           238 
 196           245 
 196           246 
 196           247 
 196           251 
 196           255 
 197           215 
 197           220 
 197           228 
 197           233 
 197           240 
 197           241 
 197           242 
 197           244 
 197           245 
 197           249 
 197           250 
 197           254 
 198           223 
 198           234 
 198           235 
 198           238 
 198           242 
 198           244 
 198           245 
 198           246 
 198           247 
 198           248 
 198           251 
 198           260 
 198           262 
 199           226 
 199           235 
 199           244 
 199           245 
 199           246 
 199           248 
 199           249 
 199           253 
 199           255 
 199           256 
 199           257 
 199           260 
 199           262 
 200           215 
 200           227 
 200           229 
 200           230 
 200           232 
 200           233 
 200           235 
 200           238 
 200           240 
 200           241 
 200           242 
 200           243 
 200           245 
 201           225 
 201           228 
 201           236 
 201           238 
 201           241 
 201           247 
 201           260 
 202           212 
 202           214 
 202           229 
 202           237 
 202           240 
 202           243 
 202           246 
 202           249 
 202           251 
 203           235 
 203           243 
 203           244 
 203           246 
 203           248 
 203           249 
 203           250 
 203           251 
 203           253 
 203           255 
 203           256 
 203           257 
 203           262 
 204           225 
 204           234 
 204           236 
 204           246 
 204           250 
 204           260 
 204           265 
 204           266 
 205           236 
 205           237 
 205           240 
 205           243 
 205           244 
 205           252 
 205           255 
 205           261 
 205           265 
 205           266 
 206           224 
 206           231 
 206           239 
 206           241 
 206           245 
 206           246 
 206           247 
 206           249 
 206           251 
 206           255 
 206           257 
 206           262 
 206           264 
 206           265 
 207           237 
 207           239 
 207           242 
 207           244 
 207           246 
 207           247 
 207           248 
 207           251 
 207           266 
 208           245 
 208           246 
 208           252 
 208           253 
 208           255 
 208           257 
 208           259 
 208           261 
 208           262 
 208           263 
 208           268 
 208           269 
 208           272 
 208           273 
 208           275 
 209           237 
 209           239 
 209           244 
 209           247 
 209           248 
 209           255 
 209           265 
 209           266 
 209           267 
 210           230 
 210           238 
 210           239 
 210           243 
 210           245 
 210           246 
 210           248 
 210           250 
 210           254 
 210           255 
 210           260 
 210           264 
 211           239 
 211           240 
 211           241 
 211           243 
 211           246 
 211           247 
 211           248 
 211           250 
 211           251 
 211           253 
 211           255 
 211           257 
 211           259 
 211           260 
 211           264 
 211           265 
 211           266 
 211           272 
 212           239 
 212           250 
 212           253 
 212           254 
 212           257 
 212           259 
 212           264 
 212           265 
 212           266 
 212           267 
 212           279 
 213           232 
 213           233 
 213           245 
 213           248 
 213           250 
 213           259 
 213           271 
 214           227 
 214           242 
 214           245 
 214           247 
 214           252 
 214           253 
 214           254 
 214           262 
 214           263 
 214           266 
 214           267 
 214           268 
 214           272 
 215           234 
 215           247 
 215           251 
 215           253 
 215           257 
 215           259 
 215           260 
 215           262 
 215           265 
 215           271 
 215           274 
 216           248 
 216           253 
 216           255 
 216           256 
 216           261 
 216           262 
 216           264 
 216           265 
 216           267 
 216           268 
 216           270 
 216           274 
 216           277 
 216           278 
 216           284 
 216           289 
 217           239 
 217           244 
 217           245 
 217           248 
 217           254 
 217           264 
 217           266 
 217           267 
 217           272 
 217           279 
 217           280 
 218           243 
 218           245 
 218           247 
 218           248 
 218           250 
 218           251 
 218           259 
 218           264 
 218           265 
 218           266 
 218           268 
 218           271 
 218           272 
 218           273 
 219           259 
 219           262 
 219           268 
 219           271 
 219           272 
 219           273 
 219           274 
 219           275 
 219           276 
 219           277 
 219           278 
 219           279 
 219           280 
 219           283 
 219           287 
 219           288 
 220           248 
 220           253 
 220           256 
 220           257 
 220           264 
 220           265 
 220           267 
 220           270 
 220           271 
 220           272 
 220           273 
 220           274 
 220           277 
 220           278 
 220           279 
 220           284 
 220           289 
 220           291 
 221           248 
 221           249 
 221           252 
 221           255 
 221           258 
 221           259 
 221           262 
 221           263 
 221           267 
 221           268 
 222           242 
 222           257 
 222           262 
 222           268 
 222           269 
 222           270 
 222           273 
 222           280 
 222           283 
 222           289 
 223           239 
 223           243 
 223           254 
 223           256 
 223           257 
 223           259 
 223           264 
 223           265 
 223           266 
 223           267 
 223           272 
 223           279 
 224           256 
 224           259 
 224           260 
 224           261 
 224           267 
 224           269 
 224           271 
 224           277 
 224           278 
 224           279 
 224           280 
 224           288 
 225           239 
 225           245 
 225           249 
 225           254 
 225           256 
 225           257 
 225           259 
 225           264 
 225           267 
 225           272 
 225           279 
 226           247 
 226           258 
 226           259 
 226           264 
 226           265 
 226           266 
 226           267 
 226           268 
 226           272 
 226           273 
 226           274 
 226           276 
 226           278 
 227           244 
 227           248 
 227           256 
 227           257 
 227           260 
 227           261 
 227           280 
 228           239 
 228           246 
 228           251 
 228           256 
 228           257 
 228           259 
 228           262 
 228           264 
 228           265 
 228           266 
 228           272 
 229           256 
 229           259 
 229           260 
 229           266 
 229           267 
 229           268 
 229           269 
 229           271 
 229           274 
 229           277 
 229           279 
 229           280 
 229           282 
 229           288 
 230           247 
 230           251 
 230           257 
 230           259 
 230           262 
 230           265 
 230           266 
 230           268 
 230           272 
 230           273 
 230           274 
 231           254 
 231           256 
 231           266 
 231           267 
 231           270 
 231           272 
 231           273 
 231           274 
 231           280 
 231           287 
 231           288 
 231           289 
 231           291 
 231           292 
 232           249 
 232           254 
 232           260 
 232           261 
 232           263 
 232           265 
 232           266 
 232           267 
 232           269 
 232           270 
 232           273 
 232           276 
 232           278 
 232           288 
 232           289 
 233           251 
 233           252 
 233           255 
 233           257 
 233           262 
 233           264 
 233           265 
 233           268 
 233           269 
 233           270 
 233           273 
 233           288 
 234           255 
 234           256 
 234           264 
 234           268 
 234           270 
 234           273 
 234           280 
 234           284 
 234           287 
 234           288 
 235           239 
 235           254 
 235           259 
 235           264 
 235           265 
 235           266 
 235           267 
 235           272 
 235           279 
 235           280 
 236           254 
 236           259 
 236           262 
 236           267 
 236           273 
 236           274 
 236           276 
 236           283 
 236           287 
 236           288 
 237           238 
 237           245 
 237           250 
 237           256 
 237           257 
 237           260 
 237           262 
 237           263 
 237           264 
 237           268 
 237           269 
 237           270 
 237           271 
 237           273 
 237           279 
 238           253 
 238           272 
 238           277 
 238           278 
 238           281 
 238           284 
 238           285 
 238           286 
 238           287 
 238           289 
 238           297 
 239           252 
 239           258 
 239           261 
 239           263 
 239           268 
 239           269 
 239           270 
 239           271 
 239           273 
 239           275 
 239           278 
 239           284 
 239           286 
 240           269 
 240           273 
 240           276 
 240           277 
 240           281 
 240           283 
 240           285 
 240           286 
 240           287 
 240           289 
 240           290 
 240           291 
 240           292 
 240           293 
 240           294 
 240           295 
 240           297 
 241           270 
 241           275 
 241           276 
 241           280 
 241           282 
 241           283 
 241           284 
 241           287 
 241           288 
 241           289 
 241           292 
 241           295 
 241           297 
 242           255 
 242           265 
 242           274 
 242           276 
 242           277 
 242           278 
 242           284 
 242           287 
 242           288 
 242           291 
 242           292 
 242           297 
 243           270 
 243           277 
 243           280 
 243           285 
 243           286 
 243           288 
 243           291 
 243           292 
 243           294 
 243           295 
 243           297 
 243           300 
 244           259 
 244           271 
 244           273 
 244           276 
 244           277 
 244           278 
 245           258 
 245           274 
 245           276 
 245           281 
 245           283 
 245           284 
 245           285 
 245           286 
 245           287 
 245           289 
 245           291 
 245           293 
 245           295 
 245           297 
 245           298 
 246           267 
 246           270 
 246           271 
 246           278 
 246           279 
 246           280 
 246           284 
 246           286 
 246           289 
 246           295 
 247           269 
 247           270 
 247           277 
 247           283 
 247           284 
 247           285 
 247           287 
 247           288 
 247           289 
 247           291 
 247           295 
 248           269 
 248           275 
 248           282 
 248           283 
 248           288 
 248           292 
 248           294 
 248           295 
 248           296 
 248           298 
 248           300 
 249           280 
 249           283 
 249           292 
 249           294 
 249           295 
 249           296 
 249           297 
 249           300 
 250           282 
 250           283 
 250           285 
 250           293 
 250           296 
 250           297 
 250           298 
 251           261 
 251           263 
 251           267 
 251           275 
 251           276 
 251           277 
 251           278 
 251           279 
 251           280 
 251           281 
 251           284 
 251           295 
 251           298 
 252           274 
 252           276 
 252           277 
 252           282 
 252           285 
 252           287 
 252           289 
 252           291 
 252           292 
 252           293 
 252           295 
 252           297 
 253           276 
 253           280 
 253           283 
 253           290 
 253           292 
 253           293 
 253           294 
 253           295 
 253           298 
 253           299 
 254           275 
 254           277 
 254           281 
 254           285 
 254           290 
 254           294 
 254           295 
 254           297 
 254           298 
 254           300 
 254           301 
 255           279 
 255           282 
 255           285 
 255           286 
 255           290 
 255           293 
 255           294 
 255           295 
 255           296 
 255           301 
 256           275 
 256           276 
 256           286 
 256           293 
 256           295 
 256           296 
 256           297 
 256           299 
 256           301 
 257           287 
 257           290 
 257           293 
 257           299 
 257           300 
 257           301 
 258           277 
 258           288 
 258           294 
 258           296 
 258           299 
 258           300 
 259           270 
 259           284 
 259           285 
 259           286 
 259           289 
 259           291 
 259           292 
 259           294 
 259           295 
 260           283 
 260           284 
 260           286 
 260           287 
 260           290 
 260           295 
 260           296 
 260           297 
 260           299 
 261           283 
 261           287 
 262           293 
 262           298 
 262           300 
 262           301 
 263           283 
 263           285 
 263           290 
 263           292 
 263           293 
 263           297 
 263           300 
 264           283 
 264           292 
 264           296 
 264           297 
 264           298 
 264           299 
 265           285 
 265           293 
 265           294 
 265           298 
 265           300 
 265           301 
 266           286 
 266           293 
 266           294 
 266           296 
 266           297 
 266           299 
 266           300 
 266           301 
 267           294 
 267           299 
 268           291 
 268           297 
 268           301 
 269           302 
 270           281 
 270           290 
 270           293 
 270           298 
 270           299 
 270           301 
 271           297 
 272           299 
 272           301 
 273           282 
 273           296 
 274           299 
 275           302 
 276           300 
 277           302 
 278           301 
 279           299 
 280           302 
 281           296 
 282           299 
 283           301 
 284           302 
 285           299 
 286           302 
 287           302 
 288           301 
 289           299 
 289           300 
 289           301 
 290           302 
 291           302 
 292           302 
 293           302 
 294           302 
 295           302 
 296           302 
 297           302 
 298           302 
 299           302 
 300           302 
 301           302 
