 1             2 
 1             3 
 1             4 
 1             5 
 1             6 
 1             7 
 1             8 
 1             9 
 1             10 
 1             11 
 1             12 
 1             13 
 1             14 
 1             15 
 1             16 
 1             19 
 1             20 
 1             21 
 1             22 
 1             27 
 1             32 
 2             17 
 2             18 
 2             26 
 2             35 
 2             39 
 2             40 
 2             43 
 2             52 
 2             53 
 2             56 
 3             18 
 3             24 
 3             25 
 3             29 
 3             36 
 3             38 
 3             39 
 3             41 
 3             50 
 3             51 
 3             53 
 3             61 
 3             67 
 4             30 
 4             37 
 4             38 
 4             41 
 4             46 
 4             49 
 4             50 
 4             51 
 4             54 
 4             58 
 4             61 
 4             67 
 5             42 
 5             43 
 5             55 
 5             56 
 5             57 
 5             59 
 5             60 
 5             61 
 5             62 
 5             64 
 5             66 
 5             67 
 5             70 
 5             71 
 5             75 
 6             23 
 6             25 
 6             35 
 6             36 
 6             37 
 6             38 
 6             41 
 6             42 
 6             43 
 6             44 
 6             46 
 6             47 
 6             48 
 6             50 
 6             53 
 6             56 
 7             28 
 7             34 
 7             36 
 7             40 
 7             41 
 7             42 
 7             43 
 7             44 
 7             48 
 7             50 
 7             54 
 7             55 
 7             56 
 7             59 
 7             67 
 8             36 
 8             42 
 8             43 
 8             45 
 8             46 
 8             48 
 8             50 
 8             55 
 8             56 
 8             59 
 8             61 
 8             62 
 8             68 
 8             70 
 9             39 
 9             59 
 9             60 
 9             61 
 9             62 
 9             63 
 9             64 
 9             66 
 9             70 
 9             71 
 9             73 
 9             75 
 9             76 
 9             77 
 9             78 
 9             79 
 9             84 
 9             85 
 9             91 
 10            33 
 10            40 
 10            42 
 10            45 
 10            47 
 10            49 
 10            51 
 10            52 
 10            54 
 10            55 
 10            59 
 10            68 
 10            79 
 11            42 
 11            43 
 11            45 
 11            54 
 11            55 
 11            60 
 11            62 
 11            63 
 11            67 
 11            68 
 11            69 
 11            70 
 11            71 
 11            79 
 12            26 
 12            28 
 12            30 
 12            31 
 12            37 
 12            40 
 12            44 
 12            46 
 12            47 
 12            48 
 12            52 
 12            53 
 12            54 
 12            58 
 12            70 
 13            36 
 13            45 
 13            54 
 13            59 
 13            62 
 13            65 
 13            70 
 13            84 
 14            39 
 14            44 
 14            45 
 14            46 
 14            48 
 14            51 
 14            61 
 14            62 
 14            63 
 14            64 
 14            65 
 14            66 
 14            68 
 14            69 
 14            70 
 14            71 
 14            78 
 14            85 
 14            91 
 15            45 
 15            46 
 15            47 
 15            48 
 15            53 
 15            55 
 15            56 
 15            59 
 15            60 
 15            62 
 15            64 
 15            65 
 15            66 
 16            45 
 16            46 
 16            47 
 16            48 
 16            59 
 16            60 
 16            62 
 16            63 
 16            64 
 16            67 
 16            74 
 16            76 
 16            78 
 16            91 
 17            34 
 17            41 
 17            44 
 17            45 
 17            48 
 17            58 
 17            59 
 17            61 
 17            62 
 17            65 
 17            67 
 18            30 
 18            37 
 18            47 
 18            48 
 18            64 
 18            70 
 19            44 
 19            46 
 19            49 
 19            53 
 19            55 
 19            59 
 19            62 
 19            63 
 19            64 
 19            65 
 19            66 
 19            68 
 19            70 
 19            71 
 19            77 
 19            84 
 19            85 
 19            91 
 20            43 
 20            46 
 20            62 
 20            69 
 20            75 
 20            76 
 21            30 
 21            41 
 21            52 
 21            54 
 21            61 
 21            65 
 21            67 
 22            48 
 22            56 
 22            57 
 22            60 
 22            61 
 22            63 
 22            64 
 22            67 
 22            68 
 22            69 
 22            70 
 22            71 
 22            73 
 22            75 
 22            78 
 22            79 
 22            80 
 22            83 
 22            93 
 23            39 
 23            52 
 23            59 
 23            61 
 23            63 
 23            64 
 23            67 
 23            68 
 23            70 
 23            73 
 23            75 
 23            79 
 23            80 
 23            84 
 23            85 
 23            91 
 23            97 
 24            52 
 24            57 
 24            62 
 24            64 
 24            66 
 24            68 
 24            69 
 24            73 
 24            74 
 24            75 
 24            76 
 24            79 
 24            84 
 24            85 
 24            87 
 24            91 
 24            97 
 25            55 
 25            58 
 25            63 
 25            68 
 25            72 
 25            73 
 25            75 
 25            77 
 25            79 
 25            81 
 25            83 
 25            91 
 25            97 
 25            101 
 26            51 
 26            60 
 26            63 
 26            66 
 26            67 
 26            69 
 26            71 
 26            73 
 26            74 
 26            75 
 26            76 
 26            83 
 26            85 
 26            91 
 26            105 
 26            110 
 27            54 
 27            56 
 27            60 
 27            61 
 27            65 
 27            66 
 27            67 
 27            69 
 27            71 
 27            72 
 27            75 
 27            77 
 27            78 
 27            79 
 27            83 
 27            84 
 28            57 
 28            65 
 28            66 
 28            68 
 28            69 
 28            71 
 28            74 
 28            75 
 28            78 
 28            79 
 28            81 
 28            82 
 28            83 
 28            85 
 28            88 
 28            91 
 28            110 
 29            56 
 29            64 
 29            65 
 29            71 
 29            73 
 29            74 
 29            75 
 29            81 
 29            84 
 29            88 
 29            93 
 29            99 
 29            101 
 29            103 
 29            110 
 30            42 
 30            45 
 30            55 
 30            59 
 30            60 
 30            62 
 30            63 
 30            66 
 30            68 
 30            71 
 30            79 
 30            85 
 31            42 
 31            55 
 31            56 
 31            66 
 31            67 
 31            69 
 31            79 
 31            81 
 31            85 
 31            87 
 31            88 
 31            97 
 31            100 
 31            110 
 32            59 
 32            62 
 32            66 
 32            73 
 32            74 
 32            77 
 32            84 
 32            85 
 32            91 
 33            43 
 33            56 
 33            57 
 33            60 
 33            62 
 33            63 
 33            64 
 33            66 
 33            69 
 33            75 
 33            77 
 33            78 
 33            84 
 33            110 
 34            69 
 34            72 
 34            75 
 34            78 
 34            79 
 34            81 
 34            82 
 34            83 
 34            84 
 34            88 
 34            92 
 34            93 
 34            100 
 34            101 
 34            106 
 35            63 
 35            65 
 35            74 
 35            76 
 35            80 
 35            84 
 35            85 
 35            86 
 35            89 
 35            93 
 35            96 
 35            97 
 35            101 
 35            110 
 36            49 
 36            52 
 36            57 
 36            60 
 36            63 
 36            64 
 36            66 
 36            71 
 36            73 
 36            76 
 36            79 
 36            85 
 36            91 
 37            62 
 37            65 
 37            66 
 37            68 
 37            69 
 37            74 
 37            75 
 37            77 
 37            78 
 37            79 
 37            81 
 37            85 
 37            87 
 37            88 
 37            91 
 37            96 
 37            97 
 37            110 
 38            57 
 38            64 
 38            73 
 38            77 
 38            78 
 38            79 
 38            80 
 38            81 
 38            83 
 38            84 
 38            86 
 38            92 
 38            93 
 38            110 
 39            74 
 39            81 
 39            86 
 39            87 
 39            88 
 39            89 
 39            92 
 39            93 
 39            96 
 39            99 
 39            100 
 39            101 
 39            103 
 39            104 
 39            105 
 39            106 
 39            107 
 39            109 
 39            130 
 40            60 
 40            61 
 40            62 
 40            66 
 40            72 
 40            76 
 40            77 
 40            85 
 40            91 
 40            100 
 40            110 
 41            60 
 41            64 
 41            70 
 41            71 
 41            72 
 41            76 
 41            79 
 41            84 
 41            91 
 41            92 
 41            93 
 41            110 
 42            72 
 42            73 
 42            74 
 42            76 
 42            77 
 42            78 
 42            80 
 42            82 
 42            83 
 42            84 
 42            86 
 42            89 
 42            91 
 42            92 
 43            58 
 43            65 
 43            74 
 43            82 
 43            83 
 43            91 
 43            93 
 43            94 
 43            96 
 43            97 
 43            99 
 43            101 
 43            103 
 44            60 
 44            76 
 44            80 
 44            86 
 44            97 
 44            99 
 44            100 
 44            105 
 45            57 
 45            75 
 45            80 
 45            81 
 45            82 
 45            88 
 45            89 
 45            92 
 45            93 
 45            97 
 45            101 
 45            106 
 45            110 
 46            73 
 46            79 
 46            80 
 46            81 
 46            82 
 46            89 
 46            90 
 46            92 
 46            95 
 46            98 
 46            99 
 46            101 
 46            103 
 46            104 
 46            105 
 47            71 
 47            82 
 47            85 
 47            90 
 47            92 
 47            93 
 47            101 
 47            108 
 47            116 
 48            77 
 48            84 
 48            86 
 48            88 
 48            90 
 48            95 
 48            96 
 48            97 
 48            98 
 48            99 
 48            101 
 48            102 
 48            103 
 48            104 
 48            105 
 48            106 
 48            107 
 48            108 
 48            110 
 48            112 
 48            113 
 48            120 
 48            130 
 49            81 
 49            86 
 49            87 
 49            90 
 49            92 
 49            95 
 49            96 
 49            97 
 49            98 
 49            99 
 49            100 
 49            102 
 49            105 
 49            106 
 49            107 
 49            108 
 49            109 
 49            115 
 49            121 
 49            130 
 50            65 
 50            71 
 50            81 
 50            82 
 50            89 
 50            90 
 50            92 
 50            99 
 50            102 
 50            103 
 50            106 
 50            107 
 51            84 
 51            90 
 51            94 
 51            98 
 51            100 
 51            102 
 51            109 
 51            112 
 51            117 
 51            124 
 51            127 
 51            143 
 52            72 
 52            78 
 52            83 
 52            88 
 52            94 
 52            100 
 52            101 
 52            102 
 52            106 
 52            108 
 52            109 
 52            110 
 52            115 
 53            75 
 53            79 
 53            80 
 53            90 
 53            92 
 53            93 
 53            95 
 53            96 
 53            97 
 53            98 
 53            99 
 53            100 
 53            101 
 53            102 
 53            103 
 53            105 
 53            106 
 53            108 
 53            109 
 53            112 
 53            113 
 53            115 
 53            116 
 53            130 
 54            64 
 54            74 
 54            86 
 54            91 
 54            92 
 54            100 
 54            105 
 54            109 
 54            110 
 54            112 
 54            130 
 55            74 
 55            78 
 55            80 
 55            82 
 55            86 
 55            89 
 55            92 
 55            96 
 55            106 
 55            109 
 55            112 
 56            76 
 56            90 
 56            91 
 56            92 
 56            94 
 56            95 
 56            96 
 56            107 
 56            108 
 56            112 
 56            115 
 57            72 
 57            94 
 57            95 
 57            98 
 57            100 
 57            102 
 57            104 
 57            109 
 57            124 
 58            85 
 58            87 
 58            88 
 58            92 
 58            95 
 58            98 
 58            100 
 58            105 
 58            106 
 58            108 
 58            115 
 58            116 
 58            120 
 58            143 
 59            69 
 59            72 
 59            88 
 59            92 
 59            93 
 59            98 
 59            100 
 59            103 
 59            104 
 59            106 
 59            110 
 60            81 
 60            82 
 60            88 
 60            89 
 60            90 
 60            95 
 60            96 
 60            98 
 60            101 
 60            102 
 60            103 
 60            104 
 60            109 
 60            112 
 60            130 
 61            74 
 61            103 
 61            105 
 61            106 
 61            107 
 61            109 
 61            115 
 61            127 
 62            82 
 62            83 
 62            95 
 62            99 
 62            102 
 62            109 
 62            117 
 62            122 
 62            130 
 63            88 
 63            90 
 63            98 
 63            99 
 63            102 
 63            103 
 63            104 
 63            106 
 63            107 
 63            113 
 63            115 
 63            116 
 63            120 
 63            122 
 63            130 
 63            143 
 64            82 
 64            89 
 64            94 
 64            95 
 64            102 
 64            106 
 64            116 
 64            125 
 65            100 
 65            104 
 65            105 
 65            109 
 65            111 
 65            112 
 65            113 
 65            114 
 65            117 
 65            118 
 65            119 
 65            121 
 65            124 
 65            125 
 65            130 
 65            133 
 65            135 
 65            136 
 65            143 
 65            146 
 66            80 
 66            86 
 66            90 
 66            92 
 66            93 
 66            98 
 66            101 
 66            103 
 66            104 
 66            109 
 66            112 
 66            113 
 66            116 
 66            130 
 67            96 
 67            104 
 67            107 
 67            111 
 67            114 
 67            117 
 67            119 
 67            120 
 67            121 
 67            122 
 67            124 
 67            126 
 67            127 
 67            135 
 67            143 
 68            106 
 68            111 
 68            116 
 68            118 
 68            119 
 68            123 
 68            124 
 68            126 
 68            127 
 68            129 
 68            134 
 68            136 
 68            137 
 68            138 
 68            144 
 68            146 
 68            147 
 68            148 
 68            151 
 69            86 
 69            89 
 69            94 
 69            95 
 69            102 
 69            109 
 69            111 
 69            116 
 69            119 
 69            121 
 69            123 
 69            127 
 69            130 
 69            143 
 70            88 
 70            98 
 70            100 
 70            101 
 70            103 
 70            104 
 70            108 
 70            112 
 70            113 
 70            115 
 70            116 
 70            122 
 71            86 
 71            87 
 71            94 
 71            95 
 71            96 
 71            97 
 71            98 
 71            100 
 71            109 
 71            115 
 71            123 
 71            127 
 71            130 
 72            90 
 72            96 
 72            99 
 72            105 
 72            107 
 72            111 
 72            112 
 72            116 
 72            117 
 72            119 
 72            120 
 72            121 
 72            125 
 72            127 
 72            130 
 72            143 
 73            96 
 73            106 
 73            107 
 73            108 
 73            109 
 73            111 
 73            112 
 73            114 
 73            116 
 73            118 
 73            119 
 73            121 
 73            122 
 73            124 
 73            125 
 73            127 
 73            130 
 73            131 
 73            134 
 73            135 
 73            143 
 74            90 
 74            95 
 74            98 
 74            102 
 74            108 
 74            113 
 74            117 
 74            120 
 74            121 
 74            122 
 74            123 
 74            125 
 74            126 
 74            133 
 74            143 
 74            147 
 75            104 
 75            107 
 75            111 
 75            117 
 75            118 
 75            121 
 75            122 
 75            124 
 75            126 
 75            134 
 75            135 
 75            137 
 75            138 
 76            104 
 76            114 
 76            117 
 76            121 
 76            122 
 76            124 
 76            125 
 76            130 
 76            134 
 76            135 
 76            136 
 76            137 
 76            138 
 76            146 
 77            115 
 77            119 
 77            123 
 77            124 
 77            125 
 77            126 
 77            127 
 77            129 
 77            131 
 77            132 
 77            136 
 77            137 
 77            143 
 77            144 
 77            145 
 77            146 
 77            147 
 77            148 
 77            154 
 78            98 
 78            103 
 78            104 
 78            117 
 78            118 
 78            120 
 78            124 
 78            130 
 78            135 
 78            136 
 78            146 
 79            117 
 79            122 
 79            123 
 79            124 
 79            125 
 79            126 
 79            127 
 79            128 
 79            132 
 79            134 
 79            137 
 79            138 
 79            144 
 79            147 
 79            151 
 79            153 
 80            107 
 80            111 
 80            119 
 80            120 
 80            122 
 80            125 
 80            129 
 80            134 
 80            137 
 80            143 
 80            147 
 80            158 
 81            94 
 81            111 
 81            114 
 81            116 
 81            123 
 81            131 
 81            132 
 81            134 
 81            137 
 81            143 
 81            146 
 82            111 
 82            113 
 82            119 
 82            123 
 82            124 
 82            126 
 82            127 
 82            132 
 82            134 
 82            136 
 82            137 
 82            138 
 82            139 
 82            142 
 82            143 
 82            144 
 82            145 
 82            151 
 82            156 
 83            112 
 83            114 
 83            118 
 83            119 
 83            121 
 83            124 
 83            125 
 83            127 
 83            128 
 83            129 
 83            133 
 83            135 
 83            136 
 83            138 
 83            143 
 83            145 
 83            151 
 83            154 
 84            116 
 84            121 
 84            122 
 84            123 
 84            125 
 84            126 
 84            132 
 84            134 
 84            142 
 84            144 
 84            145 
 84            146 
 84            151 
 84            158 
 85            102 
 85            104 
 85            113 
 85            118 
 85            119 
 85            121 
 85            122 
 85            124 
 85            134 
 85            135 
 85            137 
 86            117 
 86            124 
 86            125 
 86            128 
 86            132 
 86            134 
 86            137 
 86            144 
 86            146 
 86            148 
 86            151 
 86            154 
 87            112 
 87            117 
 87            124 
 87            128 
 87            132 
 87            133 
 87            134 
 87            136 
 87            137 
 87            144 
 87            146 
 87            151 
 87            154 
 88            111 
 88            114 
 88            117 
 88            118 
 88            119 
 88            121 
 88            124 
 88            125 
 88            133 
 88            134 
 88            135 
 88            136 
 88            137 
 88            138 
 88            146 
 88            147 
 88            151 
 89            108 
 89            115 
 89            117 
 89            118 
 89            126 
 89            128 
 89            133 
 89            136 
 89            137 
 89            147 
 90            118 
 90            135 
 90            136 
 90            140 
 90            141 
 90            144 
 90            145 
 90            146 
 90            148 
 90            151 
 90            153 
 90            156 
 90            157 
 90            162 
 91            111 
 91            117 
 91            118 
 91            124 
 91            127 
 91            134 
 91            135 
 91            136 
 91            137 
 91            138 
 91            143 
 91            144 
 91            148 
 91            151 
 92            119 
 92            124 
 92            127 
 92            128 
 92            136 
 92            145 
 92            146 
 92            148 
 92            149 
 92            153 
 93            123 
 93            128 
 93            129 
 93            141 
 93            142 
 93            145 
 93            148 
 93            151 
 93            153 
 93            158 
 94            113 
 94            120 
 94            122 
 94            129 
 94            133 
 94            135 
 94            136 
 94            142 
 94            147 
 94            149 
 94            150 
 94            151 
 94            152 
 94            158 
 95            118 
 95            129 
 95            131 
 95            137 
 95            140 
 95            144 
 95            148 
 95            150 
 95            157 
 95            158 
 95            162 
 96            129 
 96            137 
 96            138 
 96            142 
 96            144 
 96            145 
 96            146 
 96            148 
 96            149 
 96            151 
 96            152 
 96            154 
 96            157 
 96            162 
 97            132 
 97            139 
 97            140 
 97            142 
 97            143 
 97            144 
 97            145 
 97            148 
 97            151 
 97            152 
 97            155 
 97            156 
 97            157 
 97            158 
 98            111 
 98            114 
 98            119 
 98            134 
 98            137 
 98            138 
 98            139 
 98            145 
 98            148 
 98            151 
 99            132 
 99            135 
 99            138 
 99            139 
 99            140 
 99            145 
 99            148 
 99            151 
 99            152 
 99            153 
 99            155 
 99            157 
 99            159 
 99            160 
 99            162 
 99            163 
 99            164 
 100           128 
 100           137 
 100           138 
 100           139 
 100           141 
 100           144 
 100           148 
 100           149 
 100           150 
 100           151 
 100           153 
 100           154 
 100           156 
 100           163 
 101           123 
 101           126 
 101           127 
 101           128 
 101           129 
 101           131 
 101           137 
 101           138 
 101           141 
 101           148 
 101           151 
 101           153 
 101           154 
 101           163 
 102           114 
 102           136 
 102           138 
 102           140 
 102           141 
 102           142 
 102           145 
 102           146 
 102           148 
 102           150 
 102           152 
 102           153 
 102           154 
 102           155 
 102           156 
 102           162 
 103           121 
 103           123 
 103           128 
 103           133 
 103           138 
 103           141 
 103           142 
 103           144 
 103           151 
 103           154 
 103           164 
 104           123 
 104           128 
 104           129 
 104           131 
 104           132 
 104           141 
 104           144 
 104           147 
 104           148 
 104           151 
 104           152 
 104           158 
 104           163 
 105           134 
 105           137 
 105           150 
 105           151 
 105           157 
 105           160 
 105           163 
 105           166 
 105           167 
 105           174 
 105           177 
 106           145 
 106           150 
 106           157 
 106           158 
 106           162 
 106           163 
 106           167 
 106           171 
 106           174 
 106           180 
 106           182 
 106           191 
 107           132 
 107           133 
 107           136 
 107           139 
 107           142 
 107           144 
 107           146 
 107           151 
 107           153 
 107           157 
 107           162 
 107           167 
 107           171 
 108           132 
 108           141 
 108           144 
 108           145 
 108           148 
 108           150 
 108           151 
 108           152 
 108           154 
 108           155 
 108           156 
 108           158 
 108           162 
 108           163 
 109           129 
 109           148 
 109           149 
 109           157 
 109           163 
 109           165 
 109           166 
 109           167 
 109           172 
 110           142 
 110           151 
 110           152 
 110           155 
 110           157 
 110           158 
 110           159 
 110           164 
 110           165 
 110           172 
 110           174 
 111           128 
 111           141 
 111           149 
 111           150 
 111           153 
 111           154 
 111           163 
 112           126 
 112           140 
 112           142 
 112           147 
 112           148 
 112           149 
 112           150 
 112           153 
 112           158 
 112           161 
 112           162 
 112           164 
 113           128 
 113           141 
 113           148 
 113           160 
 114           144 
 114           149 
 114           157 
 114           158 
 114           163 
 114           166 
 114           167 
 114           171 
 114           174 
 115           134 
 115           139 
 115           140 
 115           141 
 115           142 
 115           151 
 115           153 
 115           158 
 115           160 
 115           162 
 116           140 
 116           153 
 116           154 
 116           157 
 116           159 
 116           160 
 116           162 
 116           164 
 116           171 
 116           172 
 116           174 
 116           176 
 116           177 
 117           129 
 117           131 
 117           140 
 117           142 
 117           145 
 117           149 
 117           150 
 117           152 
 117           160 
 117           162 
 118           132 
 118           142 
 118           159 
 118           161 
 118           166 
 118           167 
 118           168 
 118           171 
 118           184 
 119           140 
 119           157 
 119           163 
 119           166 
 119           171 
 119           174 
 119           176 
 119           177 
 119           180 
 119           183 
 119           191 
 120           139 
 120           145 
 120           154 
 120           159 
 120           160 
 120           162 
 120           163 
 120           171 
 120           183 
 120           191 
 121           140 
 121           148 
 121           149 
 121           150 
 121           152 
 121           153 
 121           156 
 121           157 
 121           159 
 121           161 
 121           162 
 121           163 
 121           166 
 121           172 
 121           174 
 122           139 
 122           148 
 122           154 
 122           157 
 122           159 
 122           161 
 122           162 
 122           163 
 122           165 
 122           176 
 122           183 
 123           149 
 123           150 
 123           160 
 123           161 
 123           165 
 123           168 
 123           171 
 123           174 
 123           175 
 123           177 
 123           185 
 124           159 
 124           160 
 124           161 
 124           162 
 124           165 
 124           166 
 124           167 
 124           168 
 124           169 
 124           172 
 124           173 
 124           174 
 124           175 
 124           176 
 124           177 
 124           180 
 124           183 
 124           184 
 124           191 
 124           198 
 125           141 
 125           160 
 125           162 
 125           166 
 125           167 
 125           168 
 125           169 
 125           176 
 125           177 
 125           180 
 125           181 
 125           184 
 125           191 
 126           152 
 126           159 
 126           167 
 126           170 
 126           172 
 126           174 
 126           177 
 126           184 
 126           186 
 127           140 
 127           150 
 127           158 
 127           159 
 127           160 
 127           162 
 127           171 
 127           172 
 127           175 
 127           191 
 128           140 
 128           155 
 128           157 
 128           159 
 128           162 
 128           166 
 128           171 
 128           172 
 128           177 
 128           180 
 128           184 
 128           191 
 129           139 
 129           155 
 129           156 
 129           161 
 129           164 
 129           193 
 130           150 
 130           160 
 130           166 
 130           168 
 130           169 
 130           172 
 130           175 
 130           176 
 130           179 
 130           180 
 130           182 
 130           185 
 130           186 
 130           197 
 131           155 
 131           159 
 131           166 
 131           168 
 131           169 
 131           171 
 131           172 
 131           174 
 131           175 
 131           177 
 131           178 
 131           179 
 131           184 
 131           191 
 132           149 
 132           165 
 132           169 
 132           170 
 132           172 
 132           173 
 132           174 
 132           175 
 132           185 
 132           189 
 132           196 
 133           161 
 133           166 
 133           169 
 133           172 
 133           173 
 133           174 
 133           175 
 133           182 
 133           183 
 133           187 
 133           189 
 133           190 
 133           194 
 133           197 
 133           198 
 134           155 
 134           159 
 134           164 
 134           165 
 134           169 
 134           171 
 134           172 
 134           175 
 134           191 
 134           194 
 135           170 
 135           171 
 135           172 
 135           174 
 135           176 
 135           183 
 135           186 
 135           187 
 135           194 
 136           160 
 136           161 
 136           163 
 136           164 
 136           165 
 136           172 
 136           173 
 136           175 
 136           176 
 136           184 
 136           191 
 137           169 
 137           173 
 137           178 
 137           180 
 137           183 
 137           185 
 137           186 
 137           190 
 137           191 
 137           196 
 137           197 
 137           198 
 137           201 
 137           202 
 137           210 
 137           211 
 137           220 
 138           158 
 138           165 
 138           167 
 138           168 
 138           170 
 138           175 
 138           180 
 138           184 
 138           185 
 138           186 
 138           189 
 138           191 
 138           194 
 138           198 
 139           173 
 139           174 
 139           177 
 139           181 
 139           182 
 139           184 
 139           186 
 139           187 
 139           188 
 139           189 
 139           192 
 139           194 
 139           196 
 139           198 
 139           208 
 139           214 
 139           220 
 140           165 
 140           167 
 140           168 
 140           169 
 140           170 
 140           173 
 140           182 
 140           185 
 140           186 
 140           194 
 140           201 
 140           202 
 140           208 
 141           165 
 141           173 
 141           174 
 141           179 
 141           182 
 141           183 
 141           186 
 141           187 
 141           188 
 141           189 
 141           192 
 141           193 
 141           197 
 141           201 
 141           208 
 142           163 
 142           176 
 142           177 
 142           179 
 142           180 
 142           183 
 142           190 
 142           192 
 142           194 
 142           198 
 142           199 
 143           165 
 143           167 
 143           170 
 143           172 
 143           182 
 143           185 
 143           186 
 143           189 
 143           191 
 143           192 
 143           197 
 143           198 
 143           200 
 144           159 
 144           160 
 144           165 
 144           169 
 144           172 
 144           176 
 144           177 
 144           179 
 144           180 
 144           183 
 144           186 
 144           191 
 144           198 
 145           161 
 145           165 
 145           166 
 145           168 
 145           169 
 145           170 
 145           172 
 145           175 
 145           176 
 145           178 
 145           184 
 145           185 
 145           187 
 145           197 
 145           198 
 146           163 
 146           170 
 146           177 
 146           178 
 146           186 
 146           188 
 146           191 
 146           192 
 146           194 
 146           196 
 146           197 
 146           198 
 146           199 
 146           200 
 146           203 
 147           157 
 147           166 
 147           170 
 147           173 
 147           177 
 147           179 
 147           182 
 147           184 
 147           186 
 147           187 
 147           191 
 147           193 
 147           208 
 148           169 
 148           170 
 148           171 
 148           179 
 148           180 
 148           181 
 148           185 
 148           186 
 148           188 
 148           189 
 148           191 
 148           193 
 148           194 
 148           199 
 148           200 
 148           202 
 148           211 
 149           176 
 149           180 
 149           182 
 149           183 
 149           186 
 149           187 
 149           188 
 149           190 
 149           191 
 149           192 
 149           193 
 149           194 
 149           197 
 149           198 
 149           199 
 149           203 
 149           204 
 149           210 
 150           183 
 150           184 
 150           187 
 150           190 
 150           192 
 150           193 
 150           194 
 150           195 
 150           198 
 150           201 
 150           208 
 150           214 
 150           220 
 151           161 
 151           173 
 151           176 
 151           180 
 151           183 
 151           184 
 151           188 
 151           189 
 151           190 
 151           194 
 151           197 
 151           198 
 151           201 
 152           169 
 152           171 
 152           175 
 152           178 
 152           180 
 152           181 
 152           182 
 152           183 
 152           185 
 152           188 
 152           189 
 152           191 
 152           193 
 152           194 
 152           199 
 152           200 
 152           211 
 153           165 
 153           170 
 153           182 
 153           186 
 153           188 
 153           191 
 153           192 
 153           193 
 153           194 
 153           195 
 153           198 
 153           202 
 153           204 
 153           205 
 153           222 
 154           167 
 154           180 
 154           181 
 154           182 
 154           185 
 154           187 
 154           190 
 154           199 
 154           200 
 154           202 
 155           170 
 155           176 
 155           182 
 155           183 
 155           185 
 155           186 
 155           187 
 155           196 
 155           199 
 155           201 
 155           203 
 155           204 
 155           208 
 155           210 
 156           179 
 156           180 
 156           181 
 156           186 
 156           189 
 156           190 
 156           191 
 156           197 
 156           199 
 156           202 
 156           211 
 157           175 
 157           178 
 157           181 
 157           185 
 157           188 
 157           190 
 157           194 
 157           197 
 157           198 
 157           199 
 157           202 
 157           205 
 157           211 
 157           222 
 158           173 
 158           176 
 158           177 
 158           178 
 158           181 
 158           187 
 158           190 
 158           192 
 158           195 
 158           203 
 158           208 
 158           220 
 159           182 
 159           185 
 159           187 
 159           189 
 159           193 
 159           196 
 159           197 
 159           199 
 159           202 
 159           203 
 159           208 
 159           220 
 160           170 
 160           178 
 160           188 
 160           193 
 160           196 
 160           202 
 160           205 
 160           208 
 160           210 
 160           214 
 160           222 
 161           179 
 161           186 
 161           192 
 161           199 
 161           204 
 161           206 
 161           211 
 162           186 
 162           192 
 162           193 
 162           194 
 162           195 
 162           199 
 162           200 
 162           203 
 162           204 
 162           205 
 162           207 
 162           208 
 162           211 
 162           214 
 162           218 
 162           220 
 162           222 
 162           224 
 163           181 
 163           185 
 163           187 
 163           189 
 163           193 
 163           202 
 163           204 
 163           207 
 163           208 
 163           220 
 164           168 
 164           179 
 164           183 
 164           185 
 164           188 
 164           197 
 164           198 
 164           199 
 164           200 
 164           202 
 164           211 
 165           190 
 165           203 
 165           212 
 165           213 
 165           214 
 165           215 
 165           217 
 165           218 
 165           220 
 165           225 
 165           229 
 165           232 
 165           239 
 166           199 
 166           201 
 166           202 
 166           205 
 166           206 
 166           209 
 166           210 
 166           212 
 166           216 
 166           219 
 166           220 
 166           223 
 166           226 
 166           233 
 166           242 
 167           178 
 167           179 
 167           188 
 167           193 
 167           206 
 167           211 
 168           192 
 168           209 
 168           210 
 168           212 
 168           214 
 168           216 
 168           217 
 168           218 
 168           224 
 168           225 
 168           226 
 168           228 
 168           233 
 168           237 
 168           242 
 168           246 
 169           195 
 169           203 
 169           206 
 169           209 
 169           213 
 169           214 
 169           219 
 169           222 
 169           224 
 169           227 
 169           231 
 169           234 
 169           235 
 169           245 
 170           190 
 170           206 
 170           207 
 170           209 
 170           212 
 170           213 
 170           216 
 170           217 
 170           220 
 170           223 
 170           224 
 170           225 
 170           226 
 170           234 
 170           242 
 171           190 
 171           192 
 171           196 
 171           197 
 171           198 
 171           201 
 171           203 
 171           204 
 171           207 
 171           209 
 171           212 
 171           214 
 171           220 
 171           222 
 171           225 
 172           181 
 172           188 
 172           193 
 172           199 
 172           204 
 172           208 
 172           214 
 172           219 
 172           220 
 173           199 
 173           200 
 173           205 
 173           207 
 173           212 
 173           218 
 173           222 
 173           223 
 173           226 
 173           237 
 173           243 
 173           245 
 173           246 
 174           199 
 174           202 
 174           203 
 174           204 
 174           205 
 174           210 
 174           211 
 174           212 
 174           215 
 174           218 
 174           219 
 174           222 
 174           223 
 174           224 
 174           233 
 174           245 
 175           203 
 175           206 
 175           207 
 175           210 
 175           212 
 175           213 
 175           214 
 175           215 
 175           217 
 175           223 
 175           224 
 175           225 
 175           227 
 175           229 
 175           231 
 175           233 
 175           234 
 175           237 
 175           245 
 175           252 
 176           200 
 176           202 
 176           207 
 176           214 
 176           215 
 176           216 
 176           219 
 176           221 
 176           222 
 176           225 
 176           226 
 176           229 
 176           233 
 176           237 
 176           242 
 176           245 
 177           202 
 177           206 
 177           207 
 177           210 
 177           215 
 177           216 
 177           217 
 177           224 
 177           227 
 177           233 
 177           240 
 177           242 
 177           245 
 177           252 
 178           204 
 178           215 
 178           216 
 178           225 
 178           227 
 178           228 
 178           234 
 178           240 
 178           242 
 178           244 
 178           246 
 178           250 
 179           195 
 179           196 
 179           203 
 179           205 
 179           207 
 179           209 
 179           210 
 179           214 
 179           218 
 179           219 
 179           220 
 179           222 
 179           224 
 179           234 
 179           245 
 180           205 
 180           207 
 180           208 
 180           216 
 180           218 
 180           219 
 180           221 
 180           223 
 180           226 
 180           227 
 180           231 
 180           233 
 180           234 
 180           237 
 180           238 
 180           239 
 180           242 
 180           252 
 180           254 
 181           201 
 181           209 
 181           213 
 181           225 
 181           226 
 181           227 
 181           229 
 181           231 
 181           233 
 181           236 
 181           244 
 181           245 
 181           246 
 182           213 
 182           215 
 182           216 
 182           221 
 182           225 
 182           226 
 182           227 
 182           230 
 182           231 
 182           232 
 182           235 
 182           237 
 182           238 
 182           239 
 182           240 
 182           242 
 182           244 
 182           251 
 182           264 
 183           205 
 183           206 
 183           209 
 183           215 
 183           216 
 183           219 
 183           221 
 183           222 
 183           223 
 183           224 
 183           227 
 183           229 
 183           242 
 183           245 
 184           199 
 184           203 
 184           204 
 184           207 
 184           212 
 184           215 
 184           223 
 184           224 
 184           238 
 184           245 
 185           195 
 185           214 
 185           218 
 185           219 
 185           228 
 185           234 
 185           235 
 185           238 
 185           239 
 185           240 
 185           246 
 186           230 
 186           235 
 186           246 
 186           247 
 186           251 
 186           252 
 186           254 
 186           255 
 186           256 
 186           258 
 186           259 
 186           263 
 186           264 
 186           265 
 186           266 
 186           267 
 186           270 
 186           274 
 186           275 
 186           276 
 187           205 
 187           211 
 187           217 
 187           219 
 187           222 
 187           224 
 187           226 
 187           229 
 187           232 
 187           233 
 187           237 
 187           240 
 187           242 
 187           245 
 187           246 
 187           248 
 188           212 
 188           215 
 188           216 
 188           218 
 188           223 
 188           227 
 188           229 
 188           231 
 188           235 
 188           238 
 188           239 
 188           240 
 188           245 
 188           246 
 188           252 
 189           210 
 189           212 
 189           215 
 189           216 
 189           223 
 189           224 
 189           226 
 189           229 
 189           235 
 189           237 
 189           245 
 190           219 
 190           227 
 190           230 
 190           233 
 190           235 
 190           236 
 190           238 
 190           241 
 190           244 
 190           245 
 190           246 
 190           247 
 190           248 
 190           249 
 190           251 
 190           252 
 190           254 
 191           212 
 191           216 
 191           226 
 191           228 
 191           232 
 191           237 
 191           239 
 191           242 
 191           246 
 191           252 
 191           254 
 192           213 
 192           229 
 192           231 
 192           232 
 192           234 
 192           235 
 192           236 
 192           238 
 192           239 
 192           240 
 192           241 
 192           243 
 192           244 
 192           250 
 192           251 
 192           254 
 192           255 
 192           267 
 193           221 
 193           226 
 193           230 
 193           238 
 193           239 
 193           241 
 193           242 
 193           246 
 193           247 
 193           248 
 193           250 
 193           251 
 193           252 
 193           254 
 193           255 
 194           213 
 194           221 
 194           223 
 194           230 
 194           231 
 194           232 
 194           236 
 194           238 
 194           240 
 194           243 
 194           245 
 194           247 
 194           248 
 194           251 
 194           252 
 194           254 
 194           256 
 194           267 
 195           212 
 195           215 
 195           216 
 195           217 
 195           223 
 195           225 
 195           226 
 195           229 
 195           233 
 195           237 
 195           242 
 195           252 
 196           221 
 196           228 
 196           241 
 196           252 
 196           257 
 196           265 
 196           266 
 196           270 
 196           276 
 197           230 
 197           231 
 197           232 
 197           233 
 197           244 
 197           246 
 197           247 
 197           248 
 197           249 
 197           250 
 197           251 
 197           252 
 197           255 
 197           256 
 197           263 
 197           264 
 197           274 
 198           216 
 198           226 
 198           230 
 198           233 
 198           234 
 198           235 
 198           242 
 198           250 
 198           251 
 198           264 
 198           266 
 199           217 
 199           227 
 199           228 
 199           231 
 199           232 
 199           234 
 199           247 
 199           248 
 199           249 
 199           252 
 199           254 
 199           255 
 199           264 
 199           269 
 199           271 
 200           209 
 200           217 
 200           227 
 200           236 
 200           239 
 200           241 
 200           249 
 200           250 
 200           251 
 200           269 
 200           271 
 201           217 
 201           224 
 201           228 
 201           235 
 201           237 
 201           238 
 201           240 
 201           243 
 201           247 
 201           249 
 201           250 
 201           255 
 202           228 
 202           231 
 202           234 
 202           246 
 202           250 
 202           253 
 202           257 
 202           264 
 202           265 
 202           266 
 202           271 
 202           276 
 203           216 
 203           226 
 203           228 
 203           240 
 203           242 
 203           244 
 203           250 
 203           253 
 203           254 
 203           266 
 204           226 
 204           229 
 204           230 
 204           232 
 204           237 
 204           243 
 204           247 
 204           248 
 204           252 
 204           255 
 204           264 
 204           269 
 204           274 
 205           213 
 205           225 
 205           235 
 205           236 
 205           241 
 205           259 
 205           260 
 206           218 
 206           228 
 206           232 
 206           236 
 206           241 
 206           244 
 206           246 
 206           248 
 206           249 
 206           255 
 207           230 
 207           235 
 207           244 
 207           247 
 207           249 
 207           251 
 207           253 
 207           256 
 207           259 
 207           261 
 207           263 
 207           266 
 207           267 
 207           274 
 208           228 
 208           229 
 208           241 
 208           243 
 208           244 
 208           245 
 208           247 
 208           249 
 208           257 
 208           265 
 208           269 
 208           271 
 209           230 
 209           232 
 209           238 
 209           247 
 209           248 
 209           252 
 209           255 
 209           256 
 209           263 
 209           264 
 209           267 
 209           273 
 209           274 
 210           230 
 210           238 
 210           247 
 210           249 
 210           250 
 210           255 
 210           256 
 210           257 
 210           259 
 210           261 
 210           263 
 210           264 
 210           265 
 210           266 
 210           269 
 210           271 
 210           274 
 211           227 
 211           234 
 211           247 
 211           251 
 211           254 
 211           255 
 211           258 
 211           259 
 211           260 
 211           267 
 211           270 
 211           271 
 211           272 
 211           274 
 211           287 
 212           230 
 212           241 
 212           244 
 212           247 
 212           248 
 212           250 
 212           251 
 212           255 
 212           256 
 212           258 
 212           261 
 212           265 
 212           267 
 212           271 
 212           274 
 212           276 
 213           249 
 213           253 
 213           261 
 213           263 
 213           268 
 213           269 
 213           271 
 213           274 
 213           280 
 213           281 
 213           285 
 213           286 
 214           251 
 214           253 
 214           259 
 214           263 
 214           267 
 214           272 
 214           273 
 214           277 
 214           278 
 214           280 
 214           286 
 214           295 
 214           296 
 215           254 
 215           255 
 215           257 
 215           259 
 215           260 
 215           262 
 215           266 
 215           268 
 215           270 
 215           271 
 215           272 
 215           275 
 215           276 
 215           278 
 215           282 
 215           287 
 215           289 
 216           236 
 216           243 
 216           247 
 216           248 
 216           255 
 216           265 
 216           268 
 216           269 
 216           270 
 216           271 
 216           272 
 216           274 
 217           253 
 217           257 
 217           263 
 217           268 
 217           278 
 217           285 
 217           286 
 217           287 
 217           289 
 217           291 
 217           294 
 217           295 
 217           296 
 217           300 
 218           247 
 218           251 
 218           257 
 218           258 
 218           261 
 218           265 
 218           269 
 218           271 
 218           272 
 218           273 
 218           274 
 218           275 
 218           277 
 218           280 
 218           285 
 218           286 
 218           287 
 218           288 
 219           243 
 219           255 
 219           256 
 219           257 
 219           261 
 219           265 
 219           266 
 219           267 
 219           269 
 219           270 
 219           271 
 219           272 
 219           274 
 219           275 
 219           276 
 219           277 
 219           282 
 219           283 
 219           284 
 219           285 
 219           287 
 219           294 
 220           231 
 220           236 
 220           243 
 220           247 
 220           251 
 220           258 
 220           259 
 220           260 
 220           263 
 220           265 
 220           266 
 220           270 
 220           274 
 220           275 
 220           276 
 220           278 
 220           281 
 220           285 
 221           259 
 221           262 
 221           269 
 221           272 
 221           273 
 221           274 
 221           278 
 221           281 
 221           283 
 221           284 
 221           287 
 221           288 
 221           289 
 221           290 
 222           230 
 222           239 
 222           252 
 222           253 
 222           256 
 222           258 
 222           263 
 222           265 
 222           271 
 222           275 
 223           241 
 223           249 
 223           250 
 223           255 
 223           260 
 223           261 
 223           262 
 223           263 
 223           265 
 223           270 
 223           274 
 223           276 
 224           239 
 224           251 
 224           254 
 224           257 
 224           258 
 224           261 
 224           263 
 224           264 
 224           267 
 224           271 
 224           272 
 224           275 
 224           276 
 224           288 
 224           289 
 225           265 
 225           266 
 225           267 
 225           273 
 225           276 
 225           278 
 225           279 
 225           282 
 225           286 
 225           287 
 225           288 
 225           291 
 225           294 
 225           295 
 225           300 
 226           249 
 226           256 
 226           257 
 226           261 
 226           262 
 226           263 
 226           265 
 226           267 
 226           268 
 226           271 
 226           276 
 226           285 
 226           287 
 227           253 
 227           263 
 227           266 
 227           277 
 227           278 
 227           281 
 227           285 
 227           286 
 227           289 
 227           291 
 227           294 
 227           295 
 227           297 
 227           300 
 228           230 
 228           251 
 228           256 
 228           258 
 228           259 
 228           261 
 228           263 
 228           267 
 228           273 
 228           274 
 228           275 
 228           289 
 229           253 
 229           266 
 229           273 
 229           277 
 229           285 
 229           286 
 229           287 
 229           289 
 229           297 
 229           300 
 230           260 
 230           262 
 230           268 
 230           272 
 230           279 
 230           282 
 230           283 
 230           285 
 230           286 
 230           287 
 230           288 
 230           295 
 230           297 
 231           272 
 231           279 
 231           282 
 231           283 
 231           284 
 231           286 
 231           287 
 231           289 
 231           291 
 231           293 
 231           294 
 231           296 
 232           257 
 232           258 
 232           259 
 232           260 
 232           261 
 232           262 
 232           265 
 232           266 
 232           270 
 232           272 
 232           275 
 232           276 
 232           278 
 232           286 
 232           287 
 232           288 
 232           289 
 233           259 
 233           262 
 233           267 
 233           268 
 233           271 
 233           278 
 233           283 
 233           286 
 233           288 
 233           289 
 234           273 
 234           280 
 234           281 
 234           285 
 234           288 
 234           292 
 234           294 
 234           295 
 234           296 
 234           299 
 234           300 
 235           257 
 235           271 
 235           272 
 235           273 
 235           285 
 235           288 
 235           289 
 235           291 
 235           292 
 235           295 
 236           262 
 236           279 
 236           282 
 236           283 
 236           284 
 236           286 
 236           287 
 236           295 
 236           296 
 236           297 
 236           298 
 237           258 
 237           261 
 237           263 
 237           265 
 237           270 
 237           272 
 237           275 
 237           276 
 237           277 
 237           279 
 237           286 
 237           287 
 237           288 
 237           291 
 237           295 
 238           272 
 238           275 
 238           281 
 238           282 
 238           284 
 238           286 
 238           289 
 238           291 
 238           294 
 238           295 
 238           296 
 238           297 
 239           266 
 239           268 
 239           274 
 239           278 
 239           279 
 239           280 
 239           284 
 239           285 
 239           286 
 239           290 
 239           295 
 239           300 
 240           269 
 240           280 
 240           281 
 240           300 
 241           264 
 241           275 
 241           277 
 241           278 
 241           279 
 241           280 
 241           283 
 241           284 
 241           286 
 241           289 
 241           290 
 241           294 
 241           297 
 242           279 
 242           285 
 242           286 
 242           288 
 242           298 
 243           273 
 243           279 
 243           280 
 243           286 
 243           288 
 243           289 
 243           293 
 243           296 
 244           275 
 244           278 
 244           282 
 244           283 
 244           284 
 244           286 
 244           287 
 244           291 
 244           293 
 244           294 
 244           296 
 244           298 
 245           284 
 245           292 
 245           293 
 245           296 
 245           297 
 245           301 
 246           278 
 246           285 
 246           287 
 246           289 
 246           292 
 246           295 
 246           296 
 246           301 
 247           282 
 247           283 
 247           284 
 247           289 
 247           292 
 247           293 
 247           294 
 247           298 
 247           300 
 248           257 
 248           259 
 248           260 
 248           262 
 248           278 
 248           282 
 248           289 
 248           295 
 248           296 
 249           258 
 249           272 
 249           273 
 249           275 
 249           277 
 249           282 
 249           284 
 249           288 
 249           289 
 249           291 
 249           295 
 249           299 
 250           286 
 250           287 
 250           298 
 250           301 
 251           268 
 251           291 
 251           292 
 251           293 
 251           294 
 251           300 
 251           301 
 252           281 
 252           282 
 252           287 
 252           288 
 252           289 
 252           294 
 252           296 
 252           299 
 253           279 
 253           284 
 253           288 
 253           290 
 253           292 
 253           293 
 253           299 
 254           277 
 254           279 
 254           284 
 254           285 
 254           286 
 254           291 
 254           295 
 254           296 
 254           298 
 255           288 
 255           291 
 255           296 
 255           300 
 256           288 
 256           297 
 257           281 
 257           297 
 258           292 
 258           293 
 258           294 
 258           297 
 258           298 
 258           301 
 259           279 
 259           292 
 259           297 
 259           298 
 259           299 
 259           301 
 260           284 
 260           300 
 261           290 
 261           292 
 261           293 
 261           296 
 261           301 
 262           277 
 262           280 
 262           291 
 262           294 
 262           300 
 263           282 
 263           283 
 263           284 
 263           292 
 263           298 
 263           299 
 264           298 
 265           298 
 266           292 
 266           296 
 267           293 
 267           299 
 267           301 
 268           298 
 269           295 
 269           296 
 270           290 
 270           292 
 270           299 
 271           279 
 271           293 
 271           296 
 271           299 
 272           298 
 272           301 
 273           298 
 274           292 
 274           298 
 274           299 
 274           301 
 275           300 
 276           302 
 277           292 
 277           293 
 277           301 
 278           302 
 279           302 
 280           302 
 281           293 
 281           301 
 282           290 
 282           301 
 283           302 
 284           302 
 285           302 
 286           292 
 286           299 
 287           302 
 288           302 
 289           302 
 290           302 
 291           302 
 292           302 
 293           302 
 294           302 
 295           302 
 296           302 
 297           302 
 298           302 
 299           302 
 300           302 
 301           302 
