 1             2 
 1             3 
 1             4 
 1             5 
 1             6 
 1             7 
 1             8 
 1             9 
 1             10 
 1             11 
 1             12 
 1             13 
 1             14 
 1             15 
 1             16 
 1             17 
 1             18 
 1             19 
 1             20 
 1             21 
 1             22 
 1             23 
 1             24 
 1             26 
 1             27 
 1             29 
 1             31 
 2             30 
 2             32 
 2             35 
 2             38 
 2             42 
 2             43 
 2             50 
 2             52 
 2             53 
 2             61 
 2             62 
 3             25 
 3             28 
 3             32 
 3             33 
 3             40 
 3             45 
 3             52 
 3             53 
 3             54 
 3             60 
 3             61 
 3             62 
 3             74 
 4             25 
 4             28 
 4             33 
 4             34 
 4             40 
 4             47 
 4             53 
 4             60 
 5             37 
 5             39 
 5             40 
 5             44 
 5             45 
 5             49 
 5             50 
 5             52 
 5             54 
 5             55 
 5             57 
 5             58 
 5             61 
 5             62 
 5             65 
 5             71 
 5             74 
 6             38 
 6             44 
 6             45 
 6             46 
 6             48 
 6             50 
 6             51 
 6             52 
 6             53 
 6             55 
 6             57 
 6             58 
 6             61 
 6             62 
 6             63 
 6             66 
 7             40 
 7             42 
 7             47 
 7             48 
 7             52 
 7             53 
 7             54 
 7             56 
 7             58 
 7             61 
 7             62 
 7             68 
 7             72 
 8             32 
 8             37 
 8             45 
 8             49 
 8             50 
 8             51 
 8             55 
 8             56 
 8             57 
 8             60 
 8             61 
 8             65 
 8             66 
 8             71 
 8             74 
 8             80 
 9             28 
 9             45 
 9             53 
 9             56 
 9             59 
 9             60 
 9             61 
 9             62 
 9             67 
 9             71 
 9             74 
 9             77 
 10            36 
 10            40 
 10            41 
 10            44 
 10            46 
 10            47 
 10            49 
 10            51 
 10            57 
 10            58 
 10            62 
 10            68 
 10            71 
 10            74 
 11            33 
 11            41 
 11            46 
 11            47 
 11            48 
 11            49 
 11            57 
 11            68 
 11            74 
 12            33 
 12            47 
 12            49 
 12            57 
 12            59 
 12            60 
 12            61 
 12            62 
 12            64 
 12            65 
 12            74 
 12            80 
 13            42 
 13            47 
 13            51 
 13            52 
 13            53 
 13            54 
 13            58 
 13            60 
 13            61 
 13            62 
 13            68 
 13            79 
 14            49 
 14            53 
 14            56 
 14            58 
 14            59 
 14            61 
 14            62 
 14            66 
 14            67 
 14            68 
 14            71 
 14            77 
 14            79 
 14            80 
 15            30 
 15            35 
 15            40 
 15            46 
 15            49 
 15            51 
 15            52 
 15            53 
 15            56 
 15            59 
 15            61 
 15            62 
 15            72 
 16            40 
 16            41 
 16            52 
 16            53 
 16            56 
 16            58 
 16            62 
 16            63 
 16            64 
 16            68 
 16            71 
 16            72 
 16            77 
 16            79 
 17            40 
 17            44 
 17            55 
 17            57 
 17            58 
 17            59 
 17            62 
 17            63 
 17            65 
 17            68 
 17            71 
 17            72 
 17            74 
 17            79 
 18            42 
 18            46 
 18            51 
 18            52 
 18            57 
 18            58 
 18            62 
 18            68 
 18            71 
 18            72 
 19            35 
 19            44 
 19            51 
 19            53 
 19            55 
 19            57 
 19            60 
 19            62 
 19            63 
 19            68 
 19            71 
 19            79 
 20            35 
 20            37 
 20            47 
 20            49 
 20            53 
 20            54 
 20            55 
 20            59 
 20            60 
 20            61 
 20            62 
 20            68 
 20            71 
 20            74 
 20            77 
 21            47 
 21            58 
 21            61 
 21            62 
 21            63 
 21            65 
 21            66 
 21            67 
 21            68 
 21            70 
 21            71 
 21            72 
 21            74 
 21            75 
 21            79 
 21            82 
 21            83 
 22            33 
 22            40 
 22            44 
 22            48 
 22            52 
 22            57 
 22            60 
 22            61 
 22            62 
 22            65 
 22            68 
 22            74 
 23            56 
 23            59 
 23            66 
 23            67 
 23            68 
 23            70 
 23            71 
 23            73 
 23            76 
 23            77 
 23            82 
 23            84 
 23            85 
 23            87 
 23            91 
 23            94 
 24            46 
 24            51 
 24            54 
 24            58 
 24            59 
 24            61 
 24            62 
 24            63 
 24            65 
 24            67 
 24            68 
 24            69 
 24            72 
 24            78 
 24            80 
 25            38 
 25            46 
 25            51 
 25            56 
 25            58 
 25            59 
 25            64 
 25            66 
 25            69 
 25            72 
 25            76 
 26            45 
 26            49 
 26            51 
 26            56 
 26            62 
 26            66 
 26            67 
 26            71 
 26            74 
 26            80 
 27            52 
 27            54 
 27            55 
 27            58 
 27            59 
 27            61 
 27            63 
 27            64 
 27            65 
 27            66 
 27            67 
 27            69 
 27            70 
 27            72 
 27            77 
 27            79 
 27            84 
 28            55 
 28            57 
 28            65 
 28            66 
 28            69 
 28            73 
 28            76 
 28            78 
 28            79 
 28            80 
 28            81 
 28            84 
 28            90 
 28            91 
 29            56 
 29            62 
 29            63 
 29            64 
 29            69 
 29            70 
 29            72 
 29            74 
 29            76 
 29            77 
 29            79 
 29            80 
 29            82 
 29            84 
 29            87 
 29            94 
 30            47 
 30            54 
 30            57 
 30            67 
 30            68 
 30            69 
 30            71 
 30            73 
 30            74 
 30            76 
 30            77 
 30            79 
 30            80 
 30            81 
 31            45 
 31            62 
 31            65 
 31            67 
 31            71 
 31            74 
 31            75 
 31            78 
 31            80 
 31            88 
 31            94 
 32            64 
 32            68 
 32            72 
 32            75 
 32            76 
 32            78 
 32            79 
 32            81 
 32            82 
 32            83 
 32            90 
 33            51 
 33            55 
 33            58 
 33            66 
 33            67 
 33            69 
 33            70 
 33            71 
 33            72 
 33            75 
 33            76 
 33            77 
 33            78 
 33            79 
 33            85 
 33            90 
 34            45 
 34            52 
 34            58 
 34            62 
 34            63 
 34            64 
 34            65 
 34            66 
 34            67 
 34            71 
 34            74 
 34            78 
 35            58 
 35            64 
 35            65 
 35            66 
 35            67 
 35            69 
 35            70 
 35            73 
 35            75 
 35            76 
 35            78 
 35            80 
 35            81 
 35            84 
 35            85 
 35            88 
 35            90 
 35            91 
 35            95 
 35            117 
 36            55 
 36            65 
 36            67 
 36            69 
 36            70 
 36            72 
 36            75 
 36            79 
 36            81 
 36            82 
 36            83 
 36            84 
 36            85 
 36            87 
 36            90 
 36            91 
 36            93 
 36            95 
 37            67 
 37            69 
 37            72 
 37            75 
 37            79 
 37            83 
 37            84 
 37            86 
 37            90 
 38            67 
 38            79 
 38            80 
 38            82 
 38            86 
 38            87 
 38            89 
 38            90 
 38            91 
 38            94 
 38            103 
 38            104 
 38            111 
 38            114 
 39            59 
 39            79 
 39            80 
 39            85 
 39            88 
 39            89 
 39            94 
 39            97 
 39            101 
 40            66 
 40            76 
 40            87 
 40            89 
 40            90 
 40            91 
 40            95 
 40            96 
 40            97 
 40            100 
 40            104 
 40            105 
 40            110 
 40            117 
 41            59 
 41            61 
 41            65 
 41            69 
 41            70 
 41            76 
 41            80 
 41            82 
 41            83 
 41            84 
 41            88 
 41            104 
 42            49 
 42            64 
 42            66 
 42            67 
 42            73 
 42            74 
 42            75 
 42            77 
 42            82 
 42            86 
 42            88 
 43            81 
 43            82 
 43            86 
 43            89 
 43            92 
 43            93 
 43            102 
 43            103 
 43            108 
 43            109 
 43            116 
 43            127 
 43            132 
 44            56 
 44            64 
 44            67 
 44            69 
 44            70 
 44            73 
 44            80 
 44            81 
 44            82 
 44            86 
 44            87 
 44            90 
 44            94 
 44            95 
 45            68 
 45            69 
 45            70 
 45            72 
 45            73 
 45            79 
 45            81 
 45            82 
 45            83 
 45            84 
 45            85 
 45            87 
 45            90 
 45            104 
 46            70 
 46            73 
 46            75 
 46            77 
 46            79 
 46            81 
 46            82 
 46            85 
 46            86 
 46            87 
 46            88 
 46            90 
 46            93 
 46            111 
 47            86 
 47            89 
 47            90 
 47            91 
 47            92 
 47            94 
 47            96 
 47            97 
 47            105 
 47            109 
 47            111 
 47            113 
 47            114 
 47            117 
 47            132 
 48            75 
 48            77 
 48            79 
 48            83 
 48            86 
 48            88 
 48            90 
 48            99 
 48            108 
 48            111 
 49            63 
 49            69 
 49            70 
 49            76 
 49            78 
 49            83 
 49            93 
 49            117 
 50            59 
 50            77 
 50            82 
 50            84 
 50            85 
 50            87 
 50            88 
 50            89 
 50            94 
 50            97 
 50            104 
 50            106 
 51            81 
 51            82 
 51            83 
 51            84 
 51            86 
 51            89 
 51            92 
 51            93 
 51            94 
 51            101 
 51            104 
 51            106 
 51            108 
 51            109 
 51            111 
 51            117 
 52            75 
 52            76 
 52            80 
 52            82 
 52            83 
 52            87 
 52            88 
 52            93 
 52            94 
 52            104 
 52            105 
 52            108 
 52            109 
 52            117 
 53            65 
 53            76 
 53            82 
 53            83 
 53            84 
 53            85 
 53            93 
 53            95 
 53            108 
 53            117 
 54            82 
 54            89 
 54            91 
 54            94 
 54            101 
 54            104 
 54            105 
 54            110 
 54            111 
 54            114 
 54            118 
 55            92 
 55            96 
 55            98 
 55            99 
 55            100 
 55            101 
 55            102 
 55            105 
 55            109 
 55            112 
 55            114 
 55            118 
 55            119 
 55            122 
 55            124 
 55            125 
 55            126 
 55            127 
 55            129 
 55            130 
 55            135 
 55            136 
 56            75 
 56            78 
 56            83 
 56            88 
 56            93 
 56            98 
 56            99 
 56            101 
 56            107 
 56            108 
 56            117 
 56            119 
 57            75 
 57            82 
 57            83 
 57            85 
 57            86 
 57            87 
 57            88 
 57            93 
 57            94 
 57            95 
 57            101 
 57            104 
 57            105 
 57            109 
 57            111 
 57            117 
 58            87 
 58            89 
 58            94 
 58            96 
 58            97 
 58            98 
 58            99 
 58            100 
 58            103 
 58            106 
 58            107 
 58            111 
 58            112 
 58            113 
 58            114 
 58            119 
 58            132 
 59            86 
 59            92 
 59            93 
 59            95 
 59            99 
 59            102 
 59            103 
 59            105 
 59            108 
 59            109 
 59            111 
 59            112 
 59            113 
 59            116 
 59            117 
 59            123 
 59            124 
 60            87 
 60            89 
 60            90 
 60            91 
 60            99 
 60            107 
 60            108 
 60            113 
 60            125 
 60            127 
 60            132 
 60            135 
 61            90 
 61            96 
 61            99 
 61            105 
 61            107 
 61            110 
 61            113 
 61            114 
 61            126 
 61            127 
 61            135 
 61            139 
 62            73 
 62            86 
 62            92 
 62            97 
 62            109 
 62            112 
 62            117 
 62            119 
 63            81 
 63            85 
 63            90 
 63            91 
 63            95 
 63            96 
 63            97 
 63            103 
 63            104 
 63            106 
 63            108 
 63            109 
 63            110 
 63            114 
 64            97 
 64            98 
 64            103 
 64            104 
 64            110 
 64            111 
 64            116 
 64            120 
 64            121 
 64            124 
 64            130 
 64            132 
 65            86 
 65            96 
 65            101 
 65            105 
 65            106 
 65            111 
 65            113 
 65            119 
 65            124 
 65            137 
 66            93 
 66            98 
 66            99 
 66            106 
 66            107 
 66            108 
 66            109 
 66            112 
 66            113 
 66            118 
 66            120 
 66            123 
 66            124 
 66            125 
 66            127 
 66            130 
 66            132 
 66            139 
 66            142 
 67            92 
 67            99 
 67            101 
 67            102 
 67            110 
 67            113 
 67            119 
 67            120 
 67            126 
 67            127 
 67            128 
 67            129 
 67            132 
 67            135 
 67            142 
 68            86 
 68            93 
 68            95 
 68            97 
 68            99 
 68            102 
 68            103 
 68            105 
 68            106 
 68            108 
 68            109 
 68            113 
 68            116 
 68            119 
 68            120 
 68            123 
 68            124 
 69            89 
 69            96 
 69            97 
 69            101 
 69            106 
 69            110 
 69            111 
 69            116 
 69            138 
 70            98 
 70            108 
 70            110 
 70            113 
 70            114 
 70            116 
 70            118 
 70            119 
 70            122 
 70            126 
 70            127 
 70            129 
 70            130 
 70            135 
 70            137 
 70            139 
 70            142 
 71            97 
 71            98 
 71            99 
 71            101 
 71            107 
 71            108 
 71            110 
 71            112 
 71            113 
 71            116 
 71            117 
 71            119 
 71            120 
 71            121 
 71            127 
 71            130 
 71            132 
 71            139 
 72            89 
 72            92 
 72            96 
 72            98 
 72            99 
 72            100 
 72            101 
 72            102 
 72            105 
 72            106 
 72            107 
 72            108 
 72            109 
 72            110 
 72            111 
 72            112 
 72            116 
 72            117 
 72            118 
 72            119 
 72            124 
 72            132 
 73            101 
 73            103 
 73            105 
 73            106 
 73            108 
 73            113 
 73            114 
 73            116 
 73            118 
 73            120 
 73            123 
 73            124 
 73            125 
 73            126 
 73            127 
 73            131 
 73            135 
 73            136 
 73            153 
 74            92 
 74            97 
 74            99 
 74            101 
 74            103 
 74            105 
 74            111 
 74            113 
 74            115 
 74            119 
 74            120 
 74            121 
 74            125 
 74            129 
 74            130 
 74            131 
 74            136 
 75            89 
 75            92 
 75            97 
 75            100 
 75            102 
 75            110 
 75            112 
 75            113 
 75            114 
 75            116 
 75            120 
 75            124 
 75            127 
 75            135 
 76            92 
 76            98 
 76            99 
 76            101 
 76            103 
 76            106 
 76            107 
 76            111 
 76            113 
 76            120 
 76            123 
 76            124 
 76            125 
 76            130 
 76            131 
 76            132 
 76            142 
 77            95 
 77            98 
 77            100 
 77            101 
 77            103 
 77            105 
 77            107 
 77            110 
 77            112 
 77            114 
 77            116 
 77            118 
 77            119 
 77            120 
 77            121 
 77            122 
 77            123 
 77            124 
 77            127 
 77            129 
 77            130 
 77            135 
 78            92 
 78            103 
 78            104 
 78            105 
 78            106 
 78            109 
 78            110 
 78            111 
 78            114 
 78            120 
 78            122 
 78            126 
 78            130 
 78            138 
 79            96 
 79            105 
 79            106 
 79            109 
 79            110 
 79            112 
 79            115 
 79            117 
 79            119 
 79            122 
 79            127 
 79            128 
 79            130 
 79            138 
 79            139 
 80            107 
 80            119 
 80            121 
 80            122 
 80            127 
 80            128 
 80            129 
 80            130 
 80            131 
 80            134 
 80            138 
 80            142 
 80            153 
 81            105 
 81            112 
 81            113 
 81            115 
 81            118 
 81            119 
 81            121 
 81            122 
 81            124 
 81            130 
 81            133 
 81            135 
 81            136 
 81            151 
 82            96 
 82            99 
 82            113 
 82            115 
 82            124 
 82            125 
 82            126 
 82            129 
 82            130 
 82            135 
 82            139 
 82            141 
 82            142 
 83            97 
 83            102 
 83            103 
 83            110 
 83            115 
 83            116 
 83            120 
 83            127 
 83            130 
 83            132 
 83            137 
 84            110 
 84            112 
 84            113 
 84            114 
 84            115 
 84            122 
 84            129 
 84            130 
 84            135 
 84            138 
 84            146 
 85            99 
 85            100 
 85            115 
 85            118 
 85            119 
 85            122 
 85            124 
 85            126 
 85            127 
 85            130 
 85            134 
 85            135 
 85            136 
 86            98 
 86            100 
 86            107 
 86            110 
 86            118 
 86            122 
 86            126 
 86            130 
 86            138 
 86            139 
 87            116 
 87            120 
 87            133 
 87            139 
 87            140 
 87            143 
 87            144 
 87            147 
 87            150 
 87            153 
 87            154 
 87            167 
 88            120 
 88            123 
 88            130 
 88            133 
 88            134 
 88            135 
 88            136 
 88            137 
 88            138 
 88            140 
 88            142 
 88            143 
 88            144 
 88            146 
 88            147 
 88            148 
 88            149 
 88            150 
 88            153 
 88            155 
 88            156 
 88            157 
 88            158 
 88            164 
 88            169 
 89            122 
 89            123 
 89            126 
 89            128 
 89            129 
 89            130 
 89            133 
 89            134 
 89            136 
 89            137 
 89            139 
 89            146 
 89            149 
 89            151 
 89            157 
 90            98 
 90            101 
 90            118 
 90            119 
 90            121 
 90            122 
 90            124 
 90            129 
 90            130 
 90            136 
 90            137 
 90            140 
 90            142 
 90            157 
 91            102 
 91            112 
 91            116 
 91            119 
 91            122 
 91            130 
 91            133 
 91            134 
 91            136 
 91            142 
 91            153 
 92            137 
 92            139 
 92            140 
 92            148 
 92            155 
 92            160 
 92            162 
 92            163 
 92            166 
 92            177 
 92            178 
 92            189 
 93            114 
 93            122 
 93            126 
 93            128 
 93            129 
 93            131 
 93            135 
 93            136 
 93            138 
 93            148 
 93            151 
 93            153 
 94            124 
 94            125 
 94            128 
 94            130 
 94            131 
 94            134 
 94            136 
 94            137 
 94            139 
 94            141 
 94            143 
 94            144 
 94            145 
 94            146 
 94            148 
 94            149 
 94            150 
 94            153 
 95            125 
 95            126 
 95            128 
 95            132 
 95            137 
 95            140 
 95            142 
 95            143 
 95            146 
 95            149 
 95            150 
 95            151 
 95            153 
 95            154 
 95            160 
 96            120 
 96            123 
 96            133 
 96            134 
 96            140 
 96            143 
 96            146 
 96            147 
 96            148 
 96            149 
 96            150 
 96            153 
 96            155 
 96            156 
 96            157 
 96            158 
 96            163 
 96            167 
 96            168 
 96            169 
 97            118 
 97            122 
 97            126 
 97            134 
 97            140 
 97            142 
 97            144 
 97            145 
 97            146 
 97            147 
 97            149 
 97            151 
 97            152 
 97            153 
 97            154 
 97            157 
 98            115 
 98            128 
 98            134 
 98            141 
 98            146 
 98            148 
 98            150 
 98            151 
 98            154 
 98            160 
 98            161 
 98            163 
 99            137 
 99            138 
 99            144 
 99            145 
 99            146 
 99            147 
 99            148 
 99            150 
 99            151 
 99            152 
 99            154 
 99            155 
 99            156 
 99            157 
 99            159 
 99            160 
 99            161 
 99            163 
 99            165 
 99            168 
 99            173 
 100           133 
 100           140 
 100           142 
 100           143 
 100           147 
 100           148 
 100           149 
 100           151 
 100           153 
 100           154 
 100           156 
 100           157 
 100           163 
 100           165 
 100           167 
 100           168 
 100           172 
 100           176 
 100           177 
 100           182 
 101           133 
 101           144 
 101           147 
 101           148 
 101           150 
 101           159 
 101           163 
 101           169 
 101           175 
 101           176 
 102           121 
 102           131 
 102           138 
 102           143 
 102           151 
 102           152 
 102           160 
 102           162 
 102           164 
 103           133 
 103           139 
 103           143 
 103           154 
 103           155 
 103           163 
 103           168 
 103           169 
 103           177 
 104           125 
 104           128 
 104           135 
 104           137 
 104           140 
 104           143 
 104           145 
 104           148 
 104           149 
 104           151 
 104           153 
 104           154 
 104           160 
 104           161 
 105           142 
 105           145 
 105           149 
 105           154 
 105           156 
 105           157 
 105           159 
 105           161 
 105           162 
 105           164 
 105           165 
 105           166 
 105           170 
 105           178 
 105           182 
 105           188 
 106           121 
 106           129 
 106           140 
 106           143 
 106           145 
 106           148 
 106           152 
 106           154 
 106           155 
 106           158 
 106           160 
 106           172 
 107           136 
 107           140 
 107           143 
 107           145 
 107           147 
 107           148 
 107           150 
 107           151 
 107           152 
 107           156 
 107           160 
 107           161 
 107           163 
 107           164 
 107           165 
 107           167 
 107           169 
 107           173 
 107           176 
 107           182 
 108           138 
 108           140 
 108           143 
 108           146 
 108           148 
 108           155 
 108           161 
 108           164 
 108           166 
 108           167 
 108           171 
 108           173 
 108           177 
 108           182 
 109           145 
 109           146 
 109           148 
 109           150 
 109           151 
 109           152 
 109           153 
 109           160 
 109           162 
 109           163 
 109           167 
 109           168 
 109           173 
 109           175 
 109           176 
 109           178 
 110           125 
 110           131 
 110           134 
 110           136 
 110           140 
 110           143 
 110           145 
 110           147 
 110           148 
 110           149 
 110           151 
 110           153 
 110           156 
 110           158 
 110           160 
 110           164 
 111           127 
 111           135 
 111           146 
 111           147 
 111           148 
 111           161 
 111           164 
 111           173 
 111           177 
 112           137 
 112           140 
 112           152 
 112           154 
 112           155 
 112           157 
 112           159 
 112           161 
 112           162 
 112           163 
 112           167 
 112           168 
 112           173 
 112           178 
 113           147 
 113           152 
 113           155 
 113           157 
 113           159 
 113           160 
 113           161 
 113           166 
 113           168 
 113           170 
 113           171 
 113           172 
 113           182 
 113           186 
 114           133 
 114           134 
 114           140 
 114           141 
 114           149 
 114           150 
 114           155 
 114           157 
 114           167 
 114           168 
 114           178 
 114           182 
 115           144 
 115           147 
 115           149 
 115           153 
 115           155 
 115           156 
 115           159 
 115           164 
 115           167 
 115           168 
 115           169 
 115           170 
 115           171 
 116           141 
 116           148 
 116           149 
 116           151 
 116           152 
 116           155 
 116           156 
 116           157 
 116           160 
 116           161 
 116           162 
 116           163 
 116           164 
 116           165 
 116           168 
 116           169 
 116           170 
 116           177 
 116           178 
 116           182 
 117           126 
 117           135 
 117           151 
 117           154 
 117           155 
 117           157 
 117           158 
 117           159 
 117           160 
 117           162 
 117           164 
 117           169 
 117           173 
 117           178 
 118           163 
 118           164 
 118           165 
 118           171 
 118           172 
 118           173 
 118           174 
 118           179 
 118           185 
 118           188 
 118           197 
 119           141 
 119           145 
 119           146 
 119           147 
 119           148 
 119           152 
 119           154 
 119           160 
 119           161 
 119           164 
 119           165 
 119           166 
 119           167 
 119           168 
 119           169 
 119           172 
 119           176 
 119           177 
 119           178 
 119           180 
 119           182 
 120           160 
 120           165 
 120           166 
 120           170 
 120           171 
 120           172 
 120           174 
 120           176 
 120           178 
 120           180 
 120           184 
 120           186 
 120           189 
 120           195 
 120           203 
 121           144 
 121           149 
 121           156 
 121           161 
 121           166 
 121           168 
 121           169 
 121           170 
 121           171 
 121           174 
 121           175 
 121           176 
 121           180 
 121           188 
 121           197 
 122           143 
 122           150 
 122           156 
 122           158 
 122           160 
 122           163 
 122           169 
 122           170 
 122           171 
 122           173 
 122           175 
 122           176 
 122           182 
 123           145 
 123           154 
 123           160 
 123           162 
 123           166 
 123           172 
 123           173 
 123           175 
 123           177 
 123           180 
 123           182 
 123           184 
 123           186 
 123           188 
 123           192 
 123           197 
 124           138 
 124           147 
 124           152 
 124           154 
 124           159 
 124           161 
 124           163 
 124           164 
 124           166 
 124           167 
 124           173 
 124           175 
 124           176 
 124           177 
 124           178 
 124           180 
 124           182 
 125           157 
 125           159 
 125           162 
 125           163 
 125           166 
 125           167 
 125           168 
 125           170 
 125           172 
 125           173 
 125           175 
 125           188 
 125           195 
 126           156 
 126           166 
 126           167 
 126           168 
 126           170 
 126           174 
 126           175 
 126           176 
 126           177 
 126           179 
 126           180 
 126           182 
 126           184 
 126           185 
 126           186 
 126           188 
 126           191 
 126           197 
 127           151 
 127           159 
 127           162 
 127           163 
 127           167 
 127           168 
 127           176 
 127           178 
 127           185 
 127           186 
 127           188 
 127           191 
 127           195 
 127           197 
 128           152 
 128           155 
 128           158 
 128           162 
 128           164 
 128           165 
 128           166 
 128           167 
 128           169 
 128           170 
 128           171 
 128           172 
 128           178 
 128           179 
 129           147 
 129           163 
 129           164 
 129           166 
 129           167 
 129           175 
 129           178 
 129           180 
 129           182 
 129           188 
 129           189 
 129           190 
 129           200 
 129           204 
 130           152 
 130           160 
 130           163 
 130           171 
 130           172 
 130           177 
 130           184 
 130           186 
 130           188 
 130           189 
 130           190 
 130           191 
 130           192 
 130           197 
 130           204 
 131           154 
 131           155 
 131           157 
 131           161 
 131           163 
 131           165 
 131           166 
 131           167 
 131           169 
 131           170 
 131           172 
 131           173 
 131           178 
 131           182 
 131           185 
 131           186 
 132           161 
 132           171 
 132           172 
 132           180 
 132           183 
 132           185 
 132           186 
 132           188 
 132           189 
 132           190 
 132           193 
 132           195 
 132           199 
 132           204 
 132           205 
 132           211 
 133           145 
 133           152 
 133           160 
 133           161 
 133           162 
 133           166 
 133           170 
 133           173 
 133           186 
 133           188 
 133           189 
 133           192 
 133           197 
 134           171 
 134           179 
 134           186 
 134           193 
 134           195 
 134           197 
 134           199 
 134           200 
 134           203 
 134           204 
 134           208 
 135           163 
 135           167 
 135           168 
 135           171 
 135           172 
 135           175 
 135           179 
 135           182 
 135           184 
 135           185 
 135           186 
 135           188 
 135           190 
 135           203 
 135           204 
 136           168 
 136           171 
 136           175 
 136           177 
 136           178 
 136           179 
 136           184 
 136           185 
 136           186 
 136           190 
 136           192 
 136           195 
 136           197 
 136           200 
 137           172 
 137           182 
 137           183 
 137           184 
 137           185 
 137           187 
 137           190 
 137           193 
 137           196 
 137           198 
 137           199 
 137           203 
 137           204 
 137           205 
 137           206 
 137           208 
 137           211 
 138           172 
 138           181 
 138           183 
 138           185 
 138           187 
 138           190 
 138           192 
 138           193 
 138           196 
 138           199 
 138           203 
 138           206 
 138           220 
 139           156 
 139           165 
 139           170 
 139           171 
 139           172 
 139           188 
 139           195 
 139           203 
 140           170 
 140           186 
 140           188 
 140           195 
 140           196 
 140           197 
 140           199 
 140           202 
 140           203 
 140           204 
 140           207 
 140           211 
 140           213 
 141           159 
 141           171 
 141           173 
 141           183 
 141           185 
 141           186 
 141           189 
 141           191 
 141           195 
 141           199 
 141           202 
 141           208 
 141           211 
 142           174 
 142           180 
 142           181 
 142           187 
 142           189 
 142           191 
 142           193 
 142           194 
 142           195 
 142           197 
 142           198 
 142           199 
 142           200 
 142           203 
 142           205 
 142           208 
 142           213 
 143           159 
 143           178 
 143           186 
 143           187 
 143           189 
 143           195 
 143           197 
 143           199 
 144           177 
 144           178 
 144           181 
 144           182 
 144           183 
 144           184 
 144           185 
 144           186 
 144           199 
 144           200 
 144           201 
 144           206 
 144           207 
 144           210 
 144           211 
 145           171 
 145           185 
 145           193 
 145           194 
 145           198 
 145           199 
 145           200 
 145           203 
 145           204 
 145           208 
 146           170 
 146           179 
 146           184 
 146           186 
 146           187 
 146           191 
 146           199 
 146           201 
 146           202 
 146           203 
 146           213 
 147           162 
 147           179 
 147           184 
 147           191 
 147           194 
 147           195 
 147           197 
 147           198 
 147           211 
 148           179 
 148           183 
 148           185 
 148           187 
 148           188 
 148           190 
 148           194 
 148           195 
 148           197 
 148           198 
 148           199 
 148           200 
 148           201 
 148           203 
 148           204 
 148           205 
 148           209 
 148           211 
 148           213 
 149           173 
 149           179 
 149           181 
 149           183 
 149           193 
 149           194 
 149           195 
 149           196 
 149           198 
 149           199 
 149           200 
 149           203 
 149           205 
 149           208 
 149           210 
 149           211 
 150           172 
 150           177 
 150           187 
 150           188 
 150           195 
 150           198 
 150           201 
 150           202 
 150           204 
 150           205 
 150           206 
 150           209 
 150           211 
 150           213 
 151           166 
 151           174 
 151           180 
 151           183 
 151           184 
 151           187 
 151           193 
 151           199 
 151           200 
 151           202 
 151           205 
 151           208 
 151           211 
 151           213 
 152           195 
 152           202 
 152           207 
 152           209 
 152           212 
 152           218 
 152           219 
 152           222 
 152           224 
 152           225 
 152           229 
 152           240 
 153           179 
 153           180 
 153           190 
 153           194 
 153           195 
 153           198 
 153           199 
 153           200 
 153           202 
 153           204 
 153           205 
 153           211 
 153           213 
 154           189 
 154           190 
 154           191 
 154           193 
 154           194 
 154           195 
 154           196 
 154           200 
 154           202 
 154           204 
 154           205 
 155           174 
 155           175 
 155           176 
 155           180 
 155           181 
 155           184 
 155           188 
 155           193 
 155           197 
 155           199 
 155           212 
 155           213 
 156           181 
 156           190 
 156           198 
 156           201 
 156           202 
 156           205 
 156           207 
 156           210 
 156           212 
 156           213 
 156           218 
 157           183 
 157           184 
 157           189 
 157           197 
 157           199 
 157           200 
 157           202 
 157           206 
 157           207 
 157           209 
 157           212 
 157           218 
 157           220 
 157           228 
 158           177 
 158           180 
 158           189 
 158           192 
 158           193 
 158           194 
 158           195 
 158           198 
 158           200 
 158           205 
 158           209 
 158           211 
 158           213 
 159           174 
 159           179 
 159           184 
 159           193 
 159           198 
 159           200 
 159           203 
 159           205 
 159           213 
 160           185 
 160           187 
 160           193 
 160           196 
 160           198 
 160           199 
 160           200 
 160           205 
 160           211 
 160           213 
 161           191 
 161           194 
 161           198 
 161           201 
 161           203 
 161           206 
 161           207 
 161           208 
 161           209 
 161           215 
 161           218 
 161           221 
 161           225 
 161           228 
 161           240 
 162           183 
 162           187 
 162           196 
 162           199 
 162           205 
 162           206 
 162           207 
 162           208 
 162           212 
 162           213 
 162           220 
 163           183 
 163           193 
 163           194 
 163           198 
 163           199 
 163           202 
 163           205 
 163           206 
 163           208 
 163           210 
 163           211 
 163           213 
 163           215 
 163           218 
 163           228 
 164           186 
 164           193 
 164           195 
 164           201 
 164           202 
 164           203 
 164           205 
 164           206 
 164           211 
 164           225 
 165           175 
 165           183 
 165           187 
 165           191 
 165           193 
 165           199 
 165           204 
 165           206 
 165           212 
 166           181 
 166           196 
 166           198 
 166           207 
 166           212 
 166           217 
 166           240 
 167           198 
 167           199 
 167           201 
 167           209 
 167           221 
 167           223 
 167           226 
 167           228 
 167           230 
 167           236 
 168           189 
 168           193 
 168           199 
 168           205 
 168           210 
 168           213 
 168           215 
 168           216 
 168           217 
 168           218 
 168           220 
 168           228 
 168           238 
 169           208 
 169           209 
 169           220 
 169           221 
 169           222 
 169           223 
 169           230 
 169           232 
 169           236 
 169           239 
 169           241 
 169           245 
 170           181 
 170           198 
 170           205 
 170           214 
 170           217 
 170           218 
 170           225 
 171           181 
 171           187 
 171           196 
 171           213 
 171           214 
 171           217 
 171           240 
 172           194 
 172           200 
 172           217 
 172           219 
 172           221 
 172           222 
 172           223 
 172           224 
 172           225 
 172           228 
 172           230 
 172           231 
 172           232 
 172           237 
 172           240 
 173           212 
 173           213 
 173           216 
 173           219 
 173           222 
 173           224 
 173           225 
 173           227 
 173           228 
 173           229 
 173           230 
 173           231 
 173           232 
 173           236 
 173           237 
 173           238 
 173           240 
 174           190 
 174           192 
 174           196 
 174           204 
 174           206 
 174           210 
 174           214 
 174           219 
 174           220 
 174           221 
 174           224 
 174           238 
 174           240 
 175           201 
 175           205 
 175           207 
 175           209 
 175           211 
 175           217 
 175           218 
 175           220 
 175           221 
 175           223 
 175           224 
 175           226 
 175           239 
 176           198 
 176           200 
 176           202 
 176           208 
 176           214 
 176           215 
 176           216 
 176           218 
 176           222 
 176           226 
 176           228 
 176           230 
 177           203 
 177           214 
 177           217 
 177           218 
 177           222 
 177           223 
 177           227 
 177           230 
 177           233 
 177           237 
 177           238 
 177           240 
 177           243 
 178           202 
 178           205 
 178           208 
 178           218 
 178           220 
 178           222 
 178           224 
 178           225 
 178           239 
 179           206 
 179           207 
 179           212 
 179           216 
 179           218 
 179           219 
 179           220 
 179           221 
 179           222 
 179           224 
 179           227 
 179           229 
 179           232 
 179           238 
 179           240 
 180           201 
 180           217 
 180           220 
 180           221 
 180           232 
 180           233 
 180           239 
 180           240 
 180           246 
 180           255 
 181           209 
 181           215 
 181           219 
 181           221 
 181           222 
 181           223 
 181           224 
 181           226 
 181           228 
 181           229 
 181           230 
 181           238 
 181           239 
 181           241 
 181           243 
 182           195 
 182           202 
 182           209 
 182           213 
 182           214 
 182           218 
 182           219 
 182           220 
 182           222 
 182           224 
 182           225 
 182           226 
 182           230 
 182           239 
 183           214 
 183           224 
 183           225 
 183           226 
 183           231 
 183           232 
 183           233 
 183           237 
 183           238 
 183           243 
 183           247 
 184           214 
 184           216 
 184           221 
 184           223 
 184           224 
 184           225 
 184           226 
 184           229 
 184           230 
 184           232 
 184           237 
 184           238 
 185           212 
 185           216 
 185           222 
 185           223 
 185           224 
 185           225 
 185           229 
 185           236 
 185           237 
 185           243 
 185           247 
 186           194 
 186           198 
 186           215 
 186           217 
 186           222 
 186           223 
 186           228 
 186           230 
 186           240 
 187           210 
 187           215 
 187           222 
 187           224 
 187           225 
 187           228 
 187           233 
 187           235 
 187           236 
 187           238 
 187           239 
 187           243 
 187           245 
 187           246 
 187           261 
 188           208 
 188           218 
 188           219 
 188           225 
 188           226 
 188           227 
 188           232 
 188           236 
 188           238 
 189           201 
 189           214 
 189           219 
 189           224 
 189           225 
 189           226 
 189           229 
 189           231 
 189           232 
 189           236 
 189           237 
 189           247 
 190           216 
 190           217 
 190           223 
 190           225 
 190           230 
 190           231 
 190           232 
 190           234 
 190           235 
 190           239 
 190           241 
 190           245 
 190           246 
 190           247 
 190           255 
 190           258 
 191           220 
 191           223 
 191           227 
 191           230 
 191           235 
 191           236 
 191           237 
 191           239 
 191           242 
 191           244 
 191           245 
 191           246 
 191           247 
 191           248 
 191           251 
 191           252 
 191           253 
 191           255 
 191           256 
 191           258 
 191           261 
 191           264 
 191           265 
 192           215 
 192           218 
 192           226 
 192           235 
 192           237 
 192           239 
 192           242 
 192           246 
 192           247 
 192           248 
 192           252 
 193           207 
 193           219 
 193           226 
 193           235 
 193           241 
 193           248 
 193           251 
 193           258 
 194           212 
 194           216 
 194           227 
 194           236 
 194           242 
 194           243 
 194           247 
 195           215 
 195           221 
 195           228 
 195           233 
 195           234 
 195           237 
 195           238 
 195           241 
 195           243 
 195           245 
 195           255 
 196           201 
 196           209 
 196           218 
 196           225 
 196           228 
 196           236 
 196           239 
 197           226 
 197           229 
 197           231 
 197           234 
 197           235 
 197           241 
 197           242 
 197           246 
 197           247 
 197           248 
 197           250 
 197           252 
 197           253 
 197           257 
 197           258 
 197           259 
 198           219 
 198           220 
 198           224 
 198           227 
 198           229 
 198           231 
 198           232 
 198           237 
 198           238 
 198           239 
 198           241 
 198           245 
 198           249 
 198           255 
 198           258 
 198           261 
 199           219 
 199           224 
 199           227 
 199           229 
 199           231 
 199           239 
 199           247 
 199           251 
 199           258 
 199           261 
 200           229 
 200           234 
 200           236 
 200           239 
 200           241 
 200           242 
 200           244 
 200           246 
 200           247 
 200           248 
 200           249 
 200           250 
 200           251 
 200           252 
 200           253 
 200           254 
 200           255 
 200           257 
 200           258 
 200           261 
 200           265 
 200           267 
 201           222 
 201           235 
 201           243 
 201           248 
 201           250 
 201           266 
 201           267 
 201           268 
 202           223 
 202           231 
 202           233 
 202           236 
 202           245 
 202           246 
 202           248 
 202           255 
 202           258 
 202           260 
 202           263 
 202           265 
 202           267 
 203           226 
 203           234 
 203           235 
 203           236 
 203           241 
 203           242 
 203           247 
 203           252 
 203           253 
 203           268 
 204           223 
 204           226 
 204           230 
 204           231 
 204           232 
 204           235 
 204           236 
 204           241 
 204           246 
 204           247 
 204           248 
 204           250 
 204           252 
 204           253 
 204           266 
 205           229 
 205           240 
 205           241 
 205           242 
 205           245 
 205           249 
 205           252 
 205           253 
 205           254 
 205           255 
 205           257 
 205           259 
 205           260 
 205           261 
 205           264 
 205           265 
 205           267 
 205           276 
 206           233 
 206           235 
 206           241 
 206           248 
 206           255 
 206           258 
 206           261 
 206           265 
 206           267 
 207           230 
 207           231 
 207           237 
 207           244 
 207           245 
 207           246 
 207           247 
 207           249 
 207           253 
 207           254 
 207           255 
 207           259 
 207           260 
 207           265 
 207           266 
 207           267 
 208           217 
 208           231 
 208           233 
 208           235 
 208           237 
 208           243 
 208           246 
 208           247 
 208           255 
 208           258 
 209           216 
 209           227 
 209           233 
 209           235 
 209           237 
 209           246 
 209           248 
 209           250 
 209           255 
 209           258 
 209           259 
 209           261 
 209           267 
 210           223 
 210           241 
 210           244 
 210           252 
 210           253 
 210           254 
 210           255 
 210           256 
 210           258 
 210           262 
 210           263 
 210           264 
 210           266 
 210           279 
 210           282 
 211           235 
 211           236 
 211           237 
 211           245 
 211           247 
 211           248 
 211           251 
 211           253 
 211           254 
 211           255 
 211           256 
 211           258 
 211           261 
 211           264 
 211           265 
 211           266 
 211           267 
 211           268 
 212           214 
 212           226 
 212           233 
 212           239 
 212           248 
 212           251 
 212           259 
 213           221 
 213           243 
 213           248 
 213           250 
 213           251 
 213           252 
 213           254 
 213           255 
 213           259 
 213           260 
 213           263 
 213           264 
 213           266 
 213           270 
 214           234 
 214           235 
 214           241 
 214           244 
 214           245 
 214           246 
 214           250 
 214           252 
 214           254 
 214           255 
 214           256 
 214           258 
 214           261 
 214           264 
 214           265 
 214           266 
 214           267 
 214           268 
 215           231 
 215           232 
 215           244 
 215           249 
 215           250 
 215           253 
 215           254 
 215           260 
 215           263 
 215           264 
 215           266 
 215           267 
 215           268 
 215           299 
 216           244 
 216           249 
 216           251 
 216           253 
 216           254 
 216           256 
 216           257 
 216           263 
 216           266 
 216           268 
 216           270 
 216           273 
 216           274 
 216           279 
 216           299 
 217           229 
 217           242 
 217           244 
 217           248 
 217           250 
 217           251 
 217           252 
 217           254 
 217           257 
 217           259 
 217           260 
 217           261 
 217           265 
 217           267 
 217           283 
 218           231 
 218           234 
 218           241 
 218           244 
 218           249 
 218           250 
 218           254 
 218           257 
 218           258 
 218           259 
 218           261 
 218           265 
 218           299 
 219           233 
 219           242 
 219           246 
 219           250 
 219           260 
 219           265 
 219           267 
 219           270 
 219           274 
 219           282 
 220           250 
 220           254 
 220           267 
 220           269 
 220           270 
 220           273 
 220           274 
 220           275 
 220           278 
 220           279 
 220           283 
 220           287 
 220           289 
 220           290 
 220           292 
 220           294 
 220           299 
 221           247 
 221           253 
 221           256 
 221           257 
 221           258 
 221           261 
 221           262 
 221           265 
 221           267 
 221           268 
 221           271 
 221           275 
 221           276 
 221           277 
 221           280 
 221           282 
 221           299 
 222           234 
 222           252 
 222           256 
 222           257 
 222           258 
 222           277 
 222           280 
 223           259 
 223           268 
 223           269 
 223           270 
 223           273 
 223           275 
 223           276 
 223           281 
 223           285 
 223           287 
 223           289 
 223           290 
 223           293 
 223           294 
 223           295 
 223           299 
 224           252 
 224           254 
 224           256 
 224           263 
 224           264 
 224           266 
 224           275 
 224           277 
 224           278 
 224           282 
 224           283 
 224           290 
 224           292 
 224           294 
 224           296 
 225           242 
 225           244 
 225           248 
 225           252 
 225           259 
 225           264 
 225           267 
 225           274 
 225           276 
 225           279 
 225           282 
 225           283 
 226           244 
 226           245 
 226           249 
 226           254 
 226           255 
 226           256 
 226           261 
 226           262 
 226           263 
 226           264 
 226           265 
 226           267 
 226           274 
 226           276 
 226           277 
 226           278 
 226           283 
 227           262 
 227           269 
 227           275 
 227           277 
 227           279 
 227           283 
 227           285 
 227           287 
 227           291 
 227           294 
 227           297 
 227           299 
 228           244 
 228           247 
 228           250 
 228           251 
 228           254 
 228           256 
 228           267 
 228           272 
 228           273 
 228           279 
 228           283 
 228           299 
 229           256 
 229           262 
 229           263 
 229           268 
 229           269 
 229           270 
 229           273 
 229           275 
 229           279 
 229           280 
 229           282 
 229           290 
 229           294 
 230           263 
 230           268 
 230           271 
 230           275 
 230           276 
 230           280 
 230           281 
 230           282 
 230           286 
 230           290 
 230           295 
 230           296 
 230           299 
 231           256 
 231           262 
 231           270 
 231           271 
 231           274 
 231           275 
 231           277 
 231           282 
 231           287 
 231           290 
 231           296 
 232           251 
 232           259 
 232           265 
 232           273 
 232           275 
 232           278 
 232           282 
 232           285 
 232           286 
 232           289 
 232           292 
 232           293 
 233           244 
 233           252 
 233           253 
 233           254 
 233           256 
 233           257 
 233           262 
 233           264 
 233           266 
 233           268 
 233           276 
 233           279 
 233           283 
 234           262 
 234           263 
 234           269 
 234           270 
 234           271 
 234           274 
 234           276 
 234           278 
 234           279 
 234           283 
 234           286 
 234           287 
 234           290 
 234           291 
 234           294 
 235           249 
 235           260 
 235           262 
 235           263 
 235           270 
 235           273 
 235           275 
 235           276 
 235           278 
 235           279 
 235           280 
 235           283 
 235           291 
 235           299 
 236           262 
 236           273 
 236           275 
 236           279 
 236           282 
 236           285 
 236           287 
 236           288 
 236           289 
 236           293 
 237           257 
 237           272 
 237           273 
 237           276 
 237           277 
 237           280 
 237           282 
 237           283 
 237           284 
 237           285 
 237           286 
 237           287 
 237           288 
 237           295 
 237           296 
 237           299 
 238           248 
 238           254 
 238           263 
 238           264 
 238           267 
 238           282 
 238           286 
 238           288 
 238           289 
 238           291 
 238           292 
 238           299 
 239           260 
 239           262 
 239           268 
 239           270 
 239           271 
 239           274 
 239           282 
 239           285 
 239           287 
 239           290 
 239           291 
 239           294 
 240           268 
 240           269 
 240           272 
 240           273 
 240           278 
 240           280 
 240           281 
 240           284 
 240           285 
 240           287 
 240           288 
 240           290 
 240           292 
 240           295 
 240           299 
 241           270 
 241           271 
 241           274 
 241           275 
 241           277 
 241           280 
 241           283 
 241           285 
 241           286 
 241           290 
 241           292 
 241           293 
 241           294 
 241           295 
 241           296 
 241           298 
 241           301 
 242           263 
 242           266 
 242           269 
 242           272 
 242           275 
 242           278 
 242           280 
 242           281 
 242           286 
 242           287 
 242           288 
 242           289 
 242           290 
 242           292 
 242           293 
 242           295 
 242           299 
 243           265 
 243           272 
 243           276 
 243           277 
 243           282 
 243           285 
 243           290 
 243           291 
 243           292 
 243           293 
 243           294 
 243           297 
 243           298 
 243           299 
 244           271 
 244           275 
 244           280 
 244           281 
 244           285 
 244           286 
 244           289 
 244           290 
 244           291 
 244           292 
 244           293 
 244           294 
 244           295 
 244           301 
 245           275 
 245           279 
 245           281 
 245           285 
 245           287 
 245           288 
 245           290 
 245           293 
 245           295 
 245           297 
 246           269 
 246           276 
 246           280 
 246           281 
 246           286 
 246           288 
 246           290 
 246           297 
 247           274 
 247           285 
 247           289 
 247           290 
 247           293 
 247           294 
 247           295 
 247           296 
 248           273 
 248           281 
 248           287 
 248           290 
 248           294 
 248           296 
 249           281 
 249           282 
 249           285 
 249           286 
 249           287 
 249           288 
 249           289 
 249           290 
 249           293 
 249           296 
 249           298 
 249           301 
 250           277 
 250           280 
 250           281 
 250           293 
 250           295 
 250           301 
 251           269 
 251           276 
 251           280 
 251           281 
 251           287 
 251           290 
 251           291 
 251           295 
 251           297 
 252           273 
 252           287 
 252           299 
 252           300 
 253           292 
 253           295 
 254           271 
 254           285 
 254           293 
 254           295 
 254           297 
 255           284 
 255           292 
 255           299 
 255           300 
 256           285 
 256           286 
 256           288 
 256           289 
 256           293 
 256           295 
 256           297 
 256           300 
 257           278 
 257           289 
 257           291 
 257           297 
 257           300 
 258           272 
 258           283 
 258           285 
 258           289 
 258           290 
 258           291 
 258           293 
 258           294 
 258           295 
 258           296 
 258           298 
 259           271 
 259           277 
 259           288 
 260           289 
 260           300 
 261           269 
 261           272 
 261           273 
 261           281 
 261           285 
 261           287 
 261           290 
 262           272 
 262           281 
 262           284 
 262           292 
 262           295 
 262           298 
 262           300 
 262           301 
 263           285 
 263           297 
 264           284 
 264           287 
 264           297 
 264           300 
 264           301 
 265           279 
 265           287 
 266           302 
 267           298 
 267           300 
 268           298 
 268           300 
 269           296 
 270           288 
 270           297 
 271           284 
 272           302 
 273           297 
 274           300 
 275           302 
 276           301 
 277           302 
 278           298 
 279           296 
 280           300 
 281           302 
 282           302 
 283           302 
 284           302 
 285           302 
 286           302 
 287           302 
 288           302 
 289           302 
 290           302 
 291           302 
 292           302 
 293           302 
 294           302 
 295           302 
 296           300 
 297           302 
 298           302 
 299           302 
 300           302 
 301           302 
