 1             2 
 1             3 
 1             4 
 1             5 
 1             6 
 1             7 
 1             8 
 1             9 
 1             10 
 1             11 
 1             12 
 1             13 
 1             14 
 1             15 
 1             16 
 1             17 
 1             18 
 1             19 
 1             20 
 1             21 
 1             22 
 1             23 
 1             25 
 1             27 
 1             33 
 1             39 
 2             49 
 2             50 
 2             52 
 2             53 
 2             57 
 2             62 
 2             68 
 2             69 
 2             72 
 2             78 
 2             79 
 2             90 
 3             30 
 3             44 
 3             45 
 3             48 
 3             49 
 3             50 
 3             51 
 3             55 
 3             56 
 3             57 
 3             60 
 3             61 
 3             62 
 3             63 
 3             66 
 3             68 
 4             26 
 4             35 
 4             38 
 4             44 
 4             45 
 4             46 
 4             48 
 4             51 
 4             59 
 5             24 
 5             34 
 5             37 
 5             38 
 5             40 
 5             42 
 5             44 
 5             48 
 5             49 
 5             50 
 5             51 
 5             57 
 5             59 
 5             65 
 5             66 
 6             38 
 6             42 
 6             51 
 6             52 
 6             53 
 6             55 
 6             57 
 6             60 
 6             64 
 6             65 
 6             66 
 6             67 
 6             72 
 6             73 
 6             83 
 7             47 
 7             48 
 7             50 
 7             51 
 7             53 
 7             55 
 7             60 
 7             63 
 7             64 
 7             68 
 7             69 
 7             71 
 7             75 
 7             82 
 8             31 
 8             34 
 8             41 
 8             46 
 8             49 
 8             58 
 8             61 
 8             66 
 8             72 
 9             36 
 9             40 
 9             48 
 9             51 
 9             54 
 9             56 
 9             57 
 9             60 
 9             64 
 9             68 
 9             71 
 9             75 
 9             82 
 10            28 
 10            31 
 10            32 
 10            44 
 10            47 
 10            51 
 10            56 
 10            58 
 10            62 
 11            51 
 11            54 
 11            58 
 11            61 
 11            64 
 11            67 
 11            68 
 11            69 
 11            74 
 11            75 
 11            77 
 11            79 
 11            83 
 11            89 
 11            92 
 11            96 
 11            99 
 12            48 
 12            50 
 12            51 
 12            53 
 12            54 
 12            55 
 12            60 
 12            64 
 12            65 
 12            68 
 12            69 
 12            71 
 12            75 
 12            77 
 12            82 
 13            24 
 13            31 
 13            45 
 13            46 
 13            49 
 13            55 
 13            56 
 13            67 
 13            90 
 14            37 
 14            50 
 14            51 
 14            54 
 14            57 
 14            59 
 14            63 
 14            64 
 14            67 
 14            71 
 14            74 
 14            79 
 14            83 
 14            89 
 15            29 
 15            35 
 15            40 
 15            44 
 15            45 
 15            48 
 15            59 
 15            60 
 15            64 
 15            75 
 16            58 
 16            61 
 16            63 
 16            64 
 16            65 
 16            66 
 16            67 
 16            68 
 16            69 
 16            72 
 16            73 
 16            74 
 16            76 
 16            80 
 16            84 
 16            92 
 17            44 
 17            47 
 17            57 
 17            58 
 17            64 
 17            65 
 17            66 
 17            67 
 17            77 
 17            83 
 18            34 
 18            42 
 18            51 
 18            54 
 18            57 
 18            61 
 18            62 
 18            64 
 18            65 
 18            66 
 18            67 
 18            69 
 18            72 
 19            35 
 19            44 
 19            46 
 19            49 
 19            50 
 19            51 
 19            55 
 19            56 
 19            61 
 19            62 
 20            44 
 20            51 
 20            55 
 20            62 
 20            64 
 20            65 
 20            66 
 20            67 
 20            68 
 20            69 
 20            77 
 20            82 
 20            83 
 21            42 
 21            49 
 21            51 
 21            54 
 21            56 
 21            57 
 21            62 
 21            65 
 21            66 
 21            67 
 21            69 
 21            72 
 21            74 
 22            35 
 22            47 
 22            48 
 22            50 
 22            51 
 22            56 
 22            58 
 22            64 
 22            68 
 22            69 
 22            75 
 23            54 
 23            57 
 23            63 
 23            64 
 23            66 
 23            67 
 23            68 
 23            71 
 23            73 
 23            76 
 23            80 
 23            82 
 23            84 
 23            90 
 23            92 
 23            96 
 23            99 
 24            64 
 24            69 
 24            70 
 24            72 
 24            74 
 24            75 
 24            76 
 24            77 
 24            78 
 24            80 
 24            82 
 24            84 
 24            86 
 24            89 
 24            92 
 24            94 
 24            99 
 25            51 
 25            56 
 25            57 
 25            67 
 25            68 
 25            69 
 25            73 
 25            74 
 25            75 
 25            77 
 25            79 
 25            82 
 25            83 
 25            89 
 25            92 
 25            96 
 25            99 
 26            43 
 26            50 
 26            54 
 26            58 
 26            63 
 26            66 
 26            68 
 26            72 
 26            74 
 26            84 
 26            89 
 27            54 
 27            56 
 27            60 
 27            63 
 27            64 
 27            68 
 27            70 
 27            73 
 27            75 
 27            80 
 27            83 
 27            84 
 27            89 
 27            90 
 27            99 
 28            49 
 28            54 
 28            55 
 28            65 
 28            67 
 28            74 
 28            79 
 29            51 
 29            54 
 29            61 
 29            68 
 29            69 
 29            70 
 29            71 
 29            72 
 29            83 
 29            89 
 29            92 
 29            99 
 30            58 
 30            64 
 30            67 
 30            69 
 30            72 
 30            73 
 30            74 
 30            75 
 30            76 
 30            77 
 30            78 
 30            79 
 30            80 
 30            83 
 30            84 
 30            89 
 30            92 
 30            99 
 31            50 
 31            57 
 31            63 
 31            71 
 31            75 
 31            78 
 31            79 
 31            82 
 31            83 
 31            86 
 31            87 
 31            96 
 31            98 
 31            99 
 32            49 
 32            63 
 32            66 
 32            67 
 32            68 
 32            69 
 32            71 
 32            72 
 32            78 
 32            82 
 33            51 
 33            56 
 33            58 
 33            64 
 33            67 
 33            68 
 33            69 
 33            73 
 33            75 
 33            77 
 33            78 
 33            79 
 33            83 
 33            92 
 33            96 
 33            99 
 34            53 
 34            68 
 34            70 
 34            73 
 34            74 
 34            75 
 34            76 
 34            77 
 34            79 
 34            80 
 34            82 
 34            83 
 34            87 
 34            98 
 34            99 
 35            57 
 35            63 
 35            65 
 35            70 
 35            72 
 35            78 
 35            79 
 35            80 
 35            81 
 35            84 
 35            86 
 35            92 
 36            67 
 36            72 
 36            74 
 36            76 
 36            77 
 36            79 
 36            80 
 36            84 
 36            87 
 36            88 
 36            98 
 36            99 
 37            56 
 37            60 
 37            61 
 37            62 
 37            68 
 37            70 
 37            75 
 37            84 
 37            90 
 37            99 
 38            61 
 38            63 
 38            68 
 38            69 
 38            74 
 38            75 
 38            79 
 38            87 
 38            89 
 38            90 
 38            91 
 38            92 
 38            99 
 38            106 
 39            61 
 39            71 
 39            74 
 39            75 
 39            76 
 39            79 
 39            80 
 39            81 
 39            83 
 39            85 
 39            88 
 39            89 
 39            92 
 39            97 
 40            55 
 40            67 
 40            76 
 40            77 
 40            79 
 40            88 
 40            89 
 40            90 
 40            92 
 40            98 
 40            99 
 41            51 
 41            56 
 41            57 
 41            60 
 41            64 
 41            65 
 41            67 
 41            69 
 41            73 
 41            74 
 41            75 
 41            77 
 41            78 
 41            79 
 41            82 
 42            58 
 42            68 
 42            70 
 42            75 
 42            76 
 42            77 
 42            78 
 42            80 
 42            81 
 42            84 
 42            87 
 42            89 
 42            92 
 42            96 
 42            98 
 42            99 
 43            61 
 43            70 
 43            73 
 43            76 
 43            79 
 43            81 
 43            83 
 43            87 
 43            94 
 43            97 
 43            99 
 44            54 
 44            71 
 44            72 
 44            74 
 44            84 
 44            85 
 44            86 
 44            87 
 44            89 
 44            90 
 44            92 
 44            108 
 45            69 
 45            72 
 45            76 
 45            77 
 45            78 
 45            85 
 45            86 
 45            87 
 45            93 
 45            98 
 45            102 
 45            104 
 45            106 
 46            60 
 46            64 
 46            68 
 46            70 
 46            73 
 46            75 
 46            76 
 46            77 
 46            80 
 46            82 
 46            99 
 47            54 
 47            70 
 47            73 
 47            80 
 47            87 
 47            90 
 47            92 
 47            96 
 47            99 
 48            67 
 48            73 
 48            74 
 48            78 
 48            79 
 48            80 
 48            81 
 48            84 
 48            87 
 48            88 
 48            92 
 48            98 
 48            99 
 49            64 
 49            70 
 49            75 
 49            76 
 49            77 
 49            80 
 49            83 
 49            84 
 49            86 
 49            92 
 49            94 
 49            99 
 50            70 
 50            73 
 50            80 
 50            92 
 50            103 
 51            76 
 51            80 
 51            81 
 51            84 
 51            86 
 51            87 
 51            88 
 51            90 
 51            93 
 51            94 
 51            97 
 51            98 
 51            110 
 51            111 
 52            75 
 52            91 
 52            92 
 52            95 
 52            99 
 52            102 
 52            106 
 52            121 
 52            126 
 53            88 
 53            93 
 53            95 
 53            96 
 53            97 
 53            100 
 53            102 
 53            103 
 53            110 
 53            112 
 53            113 
 53            118 
 53            119 
 53            123 
 53            124 
 54            78 
 54            81 
 54            88 
 54            91 
 54            93 
 54            97 
 54            98 
 54            102 
 54            105 
 54            107 
 54            110 
 54            111 
 54            112 
 54            119 
 55            80 
 55            86 
 55            96 
 55            97 
 55            102 
 55            103 
 55            104 
 55            105 
 55            106 
 55            107 
 55            110 
 55            111 
 55            112 
 55            118 
 55            119 
 56            76 
 56            93 
 56            94 
 56            95 
 56            98 
 56            102 
 56            103 
 56            104 
 56            108 
 56            109 
 56            110 
 56            111 
 56            118 
 56            121 
 56            124 
 56            126 
 57            85 
 57            93 
 57            94 
 57            104 
 57            106 
 57            107 
 57            108 
 57            110 
 57            111 
 57            117 
 57            118 
 57            119 
 57            123 
 57            138 
 58            71 
 58            82 
 58            88 
 58            90 
 58            95 
 58            97 
 58            100 
 58            102 
 58            103 
 58            104 
 58            106 
 58            108 
 58            109 
 58            111 
 58            112 
 59            82 
 59            91 
 59            92 
 59            93 
 59            96 
 59            97 
 59            99 
 59            102 
 59            103 
 59            106 
 59            111 
 59            122 
 59            126 
 60            85 
 60            92 
 60            93 
 60            94 
 60            95 
 60            96 
 60            97 
 60            98 
 60            102 
 60            103 
 60            105 
 60            106 
 60            109 
 60            110 
 60            111 
 60            126 
 61            78 
 61            93 
 61            98 
 61            100 
 61            104 
 61            105 
 61            108 
 61            110 
 61            111 
 61            113 
 61            121 
 61            124 
 62            80 
 62            86 
 62            88 
 62            91 
 62            98 
 62            104 
 62            106 
 62            107 
 62            110 
 62            112 
 62            117 
 62            118 
 62            121 
 63            77 
 63            88 
 63            97 
 63            100 
 63            102 
 63            104 
 63            105 
 63            107 
 63            110 
 63            118 
 63            119 
 63            123 
 63            124 
 64            81 
 64            85 
 64            87 
 64            88 
 64            91 
 64            93 
 64            97 
 64            98 
 64            100 
 64            102 
 64            105 
 64            108 
 64            109 
 64            110 
 64            111 
 64            112 
 64            119 
 65            89 
 65            91 
 65            98 
 65            99 
 65            100 
 65            106 
 65            109 
 65            111 
 65            113 
 65            117 
 66            75 
 66            79 
 66            94 
 66            95 
 66            102 
 66            104 
 66            113 
 66            121 
 67            70 
 67            86 
 67            93 
 67            94 
 67            95 
 67            97 
 67            100 
 67            103 
 67            107 
 67            108 
 67            110 
 67            112 
 68            86 
 68            94 
 68            109 
 68            111 
 68            114 
 68            115 
 68            117 
 68            118 
 68            119 
 68            120 
 68            123 
 68            124 
 68            125 
 68            134 
 68            138 
 69            100 
 69            105 
 69            111 
 69            113 
 69            114 
 69            116 
 69            117 
 69            123 
 69            124 
 70            85 
 70            91 
 70            101 
 70            102 
 70            105 
 70            106 
 70            109 
 70            111 
 70            118 
 70            119 
 70            122 
 70            123 
 70            125 
 70            126 
 71            91 
 71            94 
 71            110 
 71            113 
 71            114 
 71            117 
 71            120 
 71            125 
 71            126 
 71            127 
 71            138 
 72            96 
 72            110 
 72            113 
 72            116 
 72            117 
 72            118 
 72            119 
 72            122 
 72            125 
 72            128 
 72            129 
 72            133 
 72            138 
 72            145 
 72            149 
 73            100 
 73            101 
 73            110 
 73            116 
 73            117 
 73            123 
 73            138 
 73            140 
 74            93 
 74            103 
 74            104 
 74            107 
 74            110 
 74            112 
 74            117 
 74            122 
 74            123 
 74            124 
 75            93 
 75            105 
 75            110 
 75            111 
 75            112 
 75            117 
 75            118 
 75            119 
 75            120 
 75            122 
 75            123 
 75            124 
 76            105 
 76            107 
 76            112 
 76            114 
 76            116 
 76            117 
 76            119 
 76            120 
 76            122 
 76            123 
 76            125 
 76            127 
 76            131 
 76            133 
 76            134 
 77            103 
 77            111 
 77            112 
 77            114 
 77            115 
 77            116 
 77            117 
 77            122 
 77            125 
 77            134 
 77            135 
 78            95 
 78            109 
 78            116 
 78            117 
 78            118 
 78            122 
 78            123 
 78            129 
 78            133 
 78            134 
 78            138 
 78            139 
 78            140 
 78            141 
 79            103 
 79            110 
 79            111 
 79            115 
 79            116 
 79            117 
 79            123 
 79            124 
 79            126 
 79            139 
 79            146 
 79            155 
 80            108 
 80            109 
 80            113 
 80            114 
 80            115 
 80            120 
 80            122 
 80            123 
 80            124 
 80            125 
 80            132 
 80            135 
 80            137 
 80            138 
 81            95 
 81            103 
 81            104 
 81            106 
 81            113 
 81            115 
 81            116 
 81            117 
 81            118 
 81            121 
 81            124 
 81            133 
 81            147 
 82            105 
 82            107 
 82            117 
 82            121 
 82            123 
 82            124 
 82            127 
 82            131 
 82            133 
 82            134 
 82            146 
 82            156 
 83            103 
 83            110 
 83            116 
 83            122 
 83            125 
 83            128 
 83            129 
 83            133 
 84            100 
 84            106 
 84            116 
 84            117 
 84            118 
 84            123 
 84            138 
 84            140 
 84            141 
 85            113 
 85            114 
 85            116 
 85            120 
 85            121 
 85            124 
 85            127 
 85            129 
 85            130 
 85            131 
 85            134 
 85            135 
 85            141 
 85            142 
 85            147 
 86            113 
 86            116 
 86            129 
 86            130 
 86            131 
 86            135 
 86            136 
 86            139 
 86            140 
 86            141 
 86            145 
 86            146 
 86            148 
 86            149 
 86            156 
 86            162 
 87            115 
 87            118 
 87            120 
 87            121 
 87            125 
 87            127 
 87            128 
 87            131 
 87            133 
 87            135 
 87            137 
 87            147 
 87            155 
 87            157 
 88            101 
 88            114 
 88            116 
 88            125 
 88            126 
 88            127 
 88            130 
 88            131 
 88            133 
 88            134 
 88            135 
 88            140 
 88            141 
 88            147 
 89            115 
 89            116 
 89            120 
 89            121 
 89            123 
 89            126 
 89            128 
 89            131 
 89            133 
 89            135 
 89            138 
 89            139 
 89            143 
 89            146 
 89            148 
 89            149 
 89            155 
 90            116 
 90            118 
 90            123 
 90            124 
 90            134 
 90            135 
 90            138 
 90            139 
 90            141 
 90            142 
 90            154 
 90            158 
 91            115 
 91            116 
 91            124 
 91            135 
 91            139 
 91            143 
 91            146 
 91            148 
 91            149 
 91            155 
 91            162 
 92            104 
 92            107 
 92            112 
 92            114 
 92            117 
 92            118 
 92            120 
 92            123 
 92            125 
 92            127 
 92            129 
 92            131 
 92            133 
 92            138 
 92            141 
 93            101 
 93            115 
 93            116 
 93            125 
 93            127 
 93            128 
 93            131 
 93            133 
 93            135 
 93            147 
 93            162 
 94            122 
 94            142 
 94            145 
 94            150 
 94            158 
 94            159 
 94            160 
 94            161 
 95            120 
 95            131 
 95            132 
 95            135 
 95            136 
 95            142 
 95            143 
 95            145 
 95            149 
 95            151 
 95            152 
 95            153 
 95            154 
 95            155 
 95            156 
 95            157 
 95            158 
 95            159 
 95            162 
 95            167 
 95            171 
 96            121 
 96            131 
 96            136 
 96            139 
 96            141 
 96            143 
 96            147 
 96            148 
 96            152 
 96            153 
 96            156 
 96            157 
 96            158 
 96            160 
 96            161 
 96            167 
 96            171 
 97            132 
 97            137 
 97            140 
 97            144 
 97            146 
 97            148 
 97            150 
 97            152 
 97            154 
 97            155 
 97            157 
 97            158 
 97            160 
 97            163 
 97            177 
 98            120 
 98            123 
 98            125 
 98            127 
 98            129 
 98            131 
 98            132 
 98            134 
 98            135 
 98            136 
 98            137 
 98            138 
 98            140 
 98            141 
 98            142 
 98            145 
 98            147 
 98            155 
 99            115 
 99            118 
 99            123 
 99            128 
 99            135 
 99            138 
 99            139 
 99            143 
 99            147 
 99            149 
 99            155 
 99            156 
 100           120 
 100           122 
 100           126 
 100           127 
 100           128 
 100           129 
 100           131 
 100           135 
 100           139 
 100           142 
 100           143 
 100           145 
 100           149 
 100           154 
 100           157 
 101           129 
 101           136 
 101           142 
 101           144 
 101           146 
 101           149 
 101           153 
 101           155 
 101           156 
 101           159 
 101           161 
 101           163 
 101           167 
 101           168 
 101           172 
 102           117 
 102           131 
 102           135 
 102           137 
 102           142 
 102           143 
 102           145 
 102           148 
 102           152 
 102           157 
 102           160 
 103           120 
 103           127 
 103           132 
 103           136 
 103           137 
 103           138 
 103           141 
 103           143 
 103           144 
 103           145 
 103           148 
 103           149 
 103           150 
 103           151 
 103           152 
 103           153 
 103           154 
 103           157 
 103           158 
 103           162 
 103           167 
 103           171 
 104           134 
 104           140 
 104           144 
 104           146 
 104           150 
 104           154 
 104           155 
 104           157 
 104           161 
 104           164 
 104           167 
 104           172 
 105           115 
 105           128 
 105           135 
 105           137 
 105           138 
 105           139 
 105           143 
 105           148 
 105           149 
 105           157 
 105           171 
 106           128 
 106           134 
 106           139 
 106           149 
 106           151 
 106           152 
 106           153 
 106           154 
 106           158 
 106           162 
 106           165 
 106           167 
 106           172 
 107           113 
 107           128 
 107           130 
 107           132 
 107           135 
 107           137 
 107           140 
 107           142 
 107           145 
 107           147 
 107           148 
 107           150 
 107           153 
 107           157 
 108           131 
 108           134 
 108           143 
 108           145 
 108           151 
 108           152 
 108           158 
 108           159 
 108           161 
 108           171 
 108           172 
 109           128 
 109           145 
 109           149 
 109           150 
 109           151 
 109           155 
 109           157 
 109           158 
 109           162 
 109           165 
 109           167 
 109           170 
 109           172 
 110           130 
 110           131 
 110           134 
 110           135 
 110           136 
 110           141 
 110           142 
 110           147 
 110           148 
 110           151 
 110           153 
 110           156 
 110           157 
 110           160 
 110           162 
 110           167 
 110           171 
 110           172 
 111           128 
 111           133 
 111           140 
 111           145 
 111           154 
 111           158 
 111           162 
 111           163 
 111           164 
 111           165 
 111           167 
 111           170 
 111           172 
 111           175 
 112           145 
 112           149 
 112           150 
 112           163 
 112           165 
 112           168 
 112           171 
 112           172 
 112           176 
 112           177 
 112           193 
 112           196 
 113           144 
 113           151 
 113           152 
 113           154 
 113           155 
 113           159 
 113           160 
 113           161 
 113           163 
 113           164 
 113           165 
 113           167 
 113           170 
 113           171 
 113           172 
 113           177 
 113           182 
 113           183 
 113           191 
 114           128 
 114           139 
 114           143 
 114           145 
 114           148 
 114           151 
 114           153 
 114           154 
 114           155 
 114           156 
 114           157 
 114           158 
 114           162 
 114           163 
 114           165 
 114           167 
 114           171 
 114           172 
 115           129 
 115           130 
 115           136 
 115           140 
 115           141 
 115           142 
 115           144 
 115           145 
 115           151 
 115           153 
 115           161 
 115           163 
 115           165 
 115           167 
 116           132 
 116           137 
 116           144 
 116           151 
 116           157 
 116           160 
 116           161 
 116           163 
 116           165 
 116           167 
 116           177 
 117           130 
 117           136 
 117           144 
 117           150 
 117           151 
 117           153 
 117           161 
 117           162 
 117           163 
 117           165 
 117           167 
 117           171 
 117           172 
 118           132 
 118           136 
 118           146 
 118           148 
 118           150 
 118           152 
 118           160 
 118           161 
 118           162 
 118           163 
 118           172 
 118           177 
 119           140 
 119           144 
 119           154 
 119           161 
 119           163 
 119           166 
 119           168 
 119           170 
 119           172 
 119           175 
 119           177 
 119           180 
 119           183 
 119           202 
 120           165 
 120           168 
 120           169 
 120           172 
 120           173 
 120           175 
 120           176 
 120           178 
 120           180 
 120           184 
 120           185 
 120           186 
 120           190 
 120           191 
 120           192 
 120           193 
 120           195 
 120           196 
 120           197 
 120           198 
 120           200 
 121           144 
 121           150 
 121           154 
 121           159 
 121           164 
 121           168 
 121           170 
 121           172 
 121           175 
 121           179 
 121           182 
 121           196 
 122           136 
 122           144 
 122           146 
 122           147 
 122           153 
 122           155 
 122           162 
 122           166 
 122           167 
 122           168 
 122           172 
 122           177 
 123           151 
 123           157 
 123           159 
 123           162 
 123           163 
 123           165 
 123           166 
 123           167 
 123           168 
 123           171 
 123           173 
 123           174 
 123           178 
 123           183 
 123           186 
 123           191 
 123           193 
 124           145 
 124           153 
 124           157 
 124           161 
 124           164 
 124           166 
 124           169 
 124           172 
 124           175 
 124           179 
 124           191 
 124           193 
 125           139 
 125           143 
 125           148 
 125           152 
 125           153 
 125           154 
 125           156 
 125           158 
 125           160 
 125           161 
 125           163 
 125           164 
 125           168 
 125           172 
 125           177 
 126           156 
 126           159 
 126           175 
 126           177 
 126           182 
 126           185 
 126           189 
 126           191 
 126           192 
 126           193 
 126           195 
 126           200 
 126           202 
 127           170 
 127           174 
 127           176 
 127           177 
 127           178 
 127           179 
 127           181 
 127           182 
 127           183 
 127           187 
 127           188 
 127           190 
 127           192 
 127           193 
 127           194 
 127           195 
 127           196 
 127           199 
 127           202 
 128           136 
 128           144 
 128           159 
 128           160 
 128           161 
 128           166 
 128           168 
 128           177 
 128           179 
 128           180 
 128           182 
 128           183 
 129           150 
 129           152 
 129           158 
 129           164 
 129           170 
 129           177 
 129           179 
 129           182 
 129           188 
 129           194 
 130           154 
 130           158 
 130           159 
 130           166 
 130           168 
 130           170 
 130           174 
 130           177 
 130           181 
 130           182 
 130           183 
 130           192 
 130           196 
 130           198 
 130           202 
 130           208 
 131           144 
 131           150 
 131           165 
 131           170 
 131           174 
 131           175 
 131           177 
 131           178 
 131           179 
 131           180 
 131           182 
 131           187 
 131           196 
 131           202 
 132           164 
 132           168 
 132           169 
 132           170 
 132           175 
 132           176 
 132           179 
 132           180 
 132           182 
 132           183 
 132           184 
 132           186 
 132           188 
 132           190 
 132           191 
 132           192 
 132           195 
 132           196 
 132           202 
 132           208 
 132           210 
 133           159 
 133           179 
 133           181 
 133           184 
 133           185 
 133           186 
 133           187 
 133           188 
 133           189 
 133           190 
 133           193 
 133           194 
 133           195 
 133           196 
 133           201 
 133           202 
 134           163 
 134           168 
 134           173 
 134           177 
 134           178 
 134           180 
 134           181 
 134           182 
 134           183 
 134           186 
 134           187 
 134           188 
 134           190 
 134           191 
 134           192 
 134           193 
 134           196 
 134           200 
 134           202 
 134           208 
 135           161 
 135           163 
 135           164 
 135           165 
 135           166 
 135           169 
 135           173 
 135           176 
 135           177 
 135           180 
 135           181 
 135           183 
 135           191 
 135           192 
 135           193 
 135           202 
 136           174 
 136           187 
 136           188 
 136           189 
 136           192 
 136           193 
 136           195 
 136           198 
 136           200 
 136           201 
 136           202 
 136           208 
 136           224 
 137           166 
 137           169 
 137           172 
 137           173 
 137           174 
 137           175 
 137           176 
 137           178 
 137           179 
 137           182 
 137           184 
 137           186 
 137           187 
 137           188 
 137           189 
 137           192 
 137           193 
 137           194 
 137           195 
 137           196 
 138           161 
 138           163 
 138           164 
 138           175 
 138           181 
 138           182 
 138           183 
 138           190 
 138           199 
 138           200 
 138           201 
 139           169 
 139           176 
 139           178 
 139           183 
 139           186 
 139           187 
 139           188 
 139           189 
 139           190 
 139           195 
 139           197 
 139           200 
 139           201 
 139           204 
 139           205 
 139           208 
 140           159 
 140           176 
 140           178 
 140           179 
 140           182 
 140           186 
 140           187 
 140           188 
 140           189 
 140           190 
 140           191 
 140           192 
 140           193 
 140           195 
 140           196 
 140           200 
 140           201 
 140           205 
 140           208 
 140           214 
 141           174 
 141           176 
 141           178 
 141           180 
 141           181 
 141           184 
 141           186 
 141           187 
 141           188 
 141           189 
 141           193 
 141           194 
 141           195 
 141           197 
 141           198 
 141           200 
 141           201 
 141           202 
 141           208 
 142           169 
 142           176 
 142           177 
 142           180 
 142           181 
 142           182 
 142           185 
 142           188 
 142           193 
 142           194 
 142           196 
 142           198 
 142           200 
 142           201 
 142           202 
 143           166 
 143           170 
 143           174 
 143           176 
 143           180 
 143           181 
 143           182 
 143           183 
 143           187 
 143           188 
 143           189 
 143           192 
 143           193 
 143           194 
 143           195 
 143           197 
 143           198 
 143           208 
 144           169 
 144           173 
 144           181 
 144           185 
 144           189 
 144           192 
 144           193 
 144           197 
 144           200 
 145           180 
 145           181 
 145           182 
 145           183 
 145           188 
 145           189 
 145           195 
 145           198 
 145           199 
 145           200 
 145           202 
 145           206 
 145           208 
 145           215 
 145           224 
 146           151 
 146           165 
 146           170 
 146           171 
 146           174 
 146           178 
 146           179 
 146           182 
 146           183 
 146           186 
 146           187 
 146           189 
 146           190 
 146           191 
 146           193 
 146           195 
 146           196 
 146           199 
 147           163 
 147           174 
 147           181 
 147           187 
 147           190 
 147           196 
 147           200 
 147           201 
 147           202 
 147           208 
 147           213 
 148           181 
 148           190 
 148           197 
 148           201 
 148           202 
 148           206 
 148           212 
 148           213 
 148           215 
 148           217 
 148           224 
 149           160 
 149           164 
 149           178 
 149           182 
 149           183 
 149           184 
 149           185 
 149           186 
 149           188 
 149           191 
 149           195 
 149           202 
 149           206 
 150           166 
 150           169 
 150           173 
 150           183 
 150           186 
 150           189 
 150           191 
 150           195 
 150           208 
 151           175 
 151           176 
 151           180 
 151           181 
 151           184 
 151           188 
 151           192 
 151           198 
 151           202 
 152           174 
 152           181 
 152           186 
 152           187 
 152           190 
 152           192 
 152           195 
 152           196 
 152           198 
 152           202 
 152           207 
 152           208 
 152           213 
 152           217 
 152           224 
 153           170 
 153           173 
 153           174 
 153           176 
 153           182 
 153           188 
 153           189 
 153           190 
 153           192 
 153           194 
 153           196 
 153           197 
 153           210 
 154           176 
 154           178 
 154           188 
 154           189 
 154           190 
 154           203 
 155           173 
 155           181 
 155           195 
 155           200 
 155           213 
 155           215 
 156           173 
 156           184 
 156           186 
 156           187 
 156           190 
 156           194 
 156           196 
 156           197 
 156           198 
 156           207 
 156           208 
 156           210 
 157           184 
 157           189 
 157           196 
 157           198 
 157           201 
 157           203 
 157           204 
 157           205 
 157           206 
 157           207 
 157           208 
 157           209 
 157           211 
 157           214 
 157           215 
 157           216 
 157           217 
 157           218 
 157           224 
 157           229 
 158           173 
 158           187 
 158           191 
 158           193 
 158           195 
 158           200 
 158           203 
 158           210 
 158           215 
 158           219 
 159           203 
 159           213 
 159           217 
 159           218 
 159           220 
 159           221 
 159           222 
 159           223 
 159           224 
 159           228 
 159           229 
 159           233 
 159           235 
 159           236 
 159           239 
 160           190 
 160           192 
 160           198 
 160           200 
 160           203 
 160           204 
 160           205 
 160           208 
 160           209 
 160           213 
 160           219 
 160           227 
 160           229 
 161           178 
 161           186 
 161           196 
 161           204 
 161           205 
 161           206 
 161           207 
 161           208 
 161           217 
 161           218 
 161           219 
 161           220 
 161           239 
 162           176 
 162           181 
 162           182 
 162           184 
 162           188 
 162           190 
 162           194 
 162           198 
 162           199 
 162           200 
 162           201 
 163           179 
 163           185 
 163           194 
 163           195 
 163           207 
 163           210 
 163           215 
 163           219 
 163           226 
 164           187 
 164           189 
 164           203 
 164           205 
 164           207 
 164           214 
 164           215 
 164           221 
 164           223 
 164           224 
 164           227 
 165           188 
 165           194 
 165           203 
 165           204 
 165           205 
 165           208 
 165           209 
 165           210 
 165           212 
 165           213 
 165           215 
 165           217 
 165           220 
 165           221 
 165           224 
 165           225 
 165           227 
 166           190 
 166           200 
 166           203 
 166           204 
 166           206 
 166           213 
 166           214 
 166           215 
 166           217 
 166           219 
 166           224 
 166           226 
 166           227 
 166           229 
 167           187 
 167           188 
 167           200 
 167           202 
 167           203 
 167           205 
 167           206 
 167           213 
 167           215 
 167           216 
 167           220 
 167           223 
 167           225 
 167           227 
 168           194 
 168           199 
 168           204 
 168           205 
 168           209 
 168           211 
 168           216 
 168           219 
 168           220 
 168           221 
 168           227 
 168           228 
 168           229 
 168           231 
 168           233 
 168           235 
 169           203 
 169           207 
 169           212 
 169           217 
 169           218 
 169           221 
 169           222 
 169           223 
 169           225 
 169           226 
 169           227 
 169           229 
 169           230 
 169           236 
 169           239 
 169           243 
 169           248 
 169           249 
 170           200 
 170           201 
 170           206 
 170           212 
 170           214 
 170           215 
 170           216 
 170           217 
 170           219 
 170           222 
 170           223 
 170           226 
 170           229 
 170           231 
 171           203 
 171           204 
 171           208 
 171           213 
 171           214 
 171           216 
 171           219 
 171           221 
 171           224 
 171           228 
 171           229 
 171           233 
 171           236 
 172           181 
 172           207 
 172           215 
 172           218 
 172           224 
 172           225 
 172           227 
 172           230 
 173           199 
 173           201 
 173           205 
 173           206 
 173           216 
 173           217 
 173           220 
 173           222 
 173           224 
 173           228 
 173           229 
 173           231 
 173           241 
 174           185 
 174           203 
 174           204 
 174           205 
 174           206 
 174           209 
 174           211 
 174           214 
 174           215 
 174           216 
 174           225 
 174           229 
 174           249 
 175           209 
 175           221 
 175           222 
 175           223 
 175           225 
 175           226 
 175           228 
 175           230 
 175           231 
 175           233 
 175           235 
 175           236 
 175           238 
 175           239 
 175           249 
 175           252 
 176           206 
 176           207 
 176           211 
 176           212 
 176           213 
 176           215 
 176           217 
 176           218 
 176           222 
 176           224 
 176           226 
 176           227 
 176           229 
 176           231 
 176           239 
 176           240 
 176           243 
 177           184 
 177           206 
 177           207 
 177           209 
 177           213 
 177           215 
 177           216 
 177           219 
 177           220 
 177           223 
 177           239 
 177           241 
 178           210 
 178           213 
 178           216 
 178           223 
 178           224 
 178           225 
 178           227 
 178           229 
 178           236 
 178           241 
 178           247 
 178           260 
 179           197 
 179           198 
 179           203 
 179           204 
 179           206 
 179           209 
 179           212 
 179           216 
 179           217 
 179           218 
 179           224 
 179           225 
 179           227 
 179           230 
 179           233 
 180           207 
 180           212 
 180           213 
 180           231 
 180           232 
 180           234 
 180           236 
 180           239 
 180           243 
 180           245 
 180           249 
 181           203 
 181           204 
 181           205 
 181           209 
 181           210 
 181           211 
 181           214 
 181           216 
 181           219 
 181           220 
 181           221 
 181           228 
 181           229 
 181           235 
 181           236 
 181           241 
 182           222 
 182           223 
 182           225 
 182           230 
 182           232 
 182           233 
 182           236 
 182           240 
 182           241 
 182           243 
 182           252 
 182           257 
 183           203 
 183           221 
 183           228 
 183           230 
 183           233 
 183           237 
 183           239 
 183           243 
 183           245 
 183           249 
 183           255 
 183           260 
 183           266 
 184           212 
 184           221 
 184           222 
 184           226 
 184           227 
 184           231 
 184           232 
 184           233 
 184           234 
 184           236 
 184           240 
 184           243 
 184           245 
 184           248 
 184           249 
 184           260 
 185           218 
 185           222 
 185           227 
 185           228 
 185           236 
 185           239 
 185           243 
 185           245 
 185           246 
 185           248 
 185           257 
 185           267 
 186           211 
 186           215 
 186           226 
 186           228 
 186           236 
 186           246 
 186           248 
 186           249 
 186           250 
 186           252 
 187           209 
 187           212 
 187           222 
 187           232 
 187           233 
 187           236 
 187           241 
 187           245 
 187           248 
 187           249 
 188           207 
 188           218 
 188           222 
 188           228 
 188           229 
 188           230 
 188           232 
 188           234 
 188           236 
 188           239 
 188           245 
 188           248 
 188           249 
 188           255 
 189           213 
 189           219 
 189           220 
 189           222 
 189           226 
 189           232 
 189           233 
 189           235 
 189           238 
 189           239 
 189           240 
 189           241 
 189           252 
 189           267 
 190           216 
 190           220 
 190           222 
 190           225 
 190           233 
 190           236 
 190           241 
 190           245 
 190           246 
 190           249 
 190           255 
 190           257 
 190           267 
 191           204 
 191           221 
 191           227 
 191           231 
 191           232 
 191           233 
 191           235 
 191           236 
 191           239 
 191           240 
 191           241 
 191           248 
 191           249 
 192           218 
 192           228 
 192           232 
 192           235 
 192           237 
 192           239 
 192           243 
 192           244 
 192           248 
 192           255 
 192           257 
 192           261 
 192           270 
 193           211 
 193           221 
 193           226 
 193           230 
 193           231 
 193           232 
 193           233 
 193           236 
 193           237 
 193           239 
 193           243 
 193           247 
 193           249 
 193           260 
 194           218 
 194           223 
 194           232 
 194           236 
 194           239 
 194           249 
 194           257 
 194           261 
 195           228 
 195           235 
 195           237 
 195           238 
 195           239 
 195           241 
 195           244 
 195           246 
 195           251 
 195           252 
 195           255 
 195           258 
 195           260 
 195           261 
 195           267 
 196           225 
 196           234 
 196           240 
 196           244 
 196           245 
 196           248 
 196           249 
 196           252 
 196           253 
 196           255 
 196           257 
 196           259 
 196           261 
 196           263 
 196           266 
 197           231 
 197           235 
 197           239 
 197           241 
 197           249 
 197           252 
 197           254 
 197           257 
 197           272 
 197           284 
 198           220 
 198           221 
 198           231 
 198           232 
 198           235 
 198           236 
 198           240 
 198           241 
 198           245 
 198           246 
 198           252 
 198           253 
 198           255 
 198           272 
 199           214 
 199           223 
 199           230 
 199           232 
 199           237 
 199           240 
 199           243 
 199           244 
 199           248 
 199           249 
 199           250 
 199           251 
 199           257 
 199           261 
 200           207 
 200           211 
 200           218 
 200           228 
 200           230 
 200           232 
 200           235 
 200           239 
 200           243 
 201           225 
 201           227 
 201           233 
 201           238 
 201           239 
 201           240 
 201           246 
 201           247 
 201           248 
 201           249 
 201           250 
 201           253 
 201           257 
 201           260 
 201           261 
 201           265 
 201           267 
 202           228 
 202           235 
 202           238 
 202           246 
 202           250 
 202           251 
 202           255 
 202           260 
 202           266 
 202           267 
 203           231 
 203           232 
 203           234 
 203           238 
 203           240 
 203           244 
 203           247 
 203           252 
 203           256 
 203           257 
 203           261 
 203           265 
 203           267 
 204           222 
 204           223 
 204           238 
 204           243 
 204           246 
 204           251 
 204           257 
 204           260 
 205           226 
 205           242 
 205           244 
 205           250 
 205           251 
 205           252 
 205           253 
 205           254 
 205           257 
 205           258 
 205           259 
 205           261 
 205           263 
 205           265 
 205           267 
 205           271 
 205           280 
 206           221 
 206           234 
 206           235 
 206           236 
 206           245 
 206           246 
 206           247 
 206           253 
 206           254 
 206           255 
 206           260 
 206           261 
 206           272 
 207           233 
 207           237 
 207           242 
 207           244 
 207           246 
 207           247 
 207           253 
 207           254 
 207           257 
 207           258 
 207           261 
 207           263 
 207           265 
 207           266 
 207           267 
 207           272 
 207           277 
 208           235 
 208           238 
 208           240 
 208           241 
 208           245 
 208           247 
 208           248 
 208           251 
 208           252 
 208           255 
 208           256 
 208           267 
 208           270 
 209           242 
 209           243 
 209           244 
 209           246 
 209           247 
 209           250 
 209           251 
 209           253 
 209           257 
 209           259 
 209           260 
 209           262 
 209           263 
 209           265 
 209           266 
 209           267 
 209           272 
 210           232 
 210           233 
 210           238 
 210           244 
 210           246 
 210           250 
 210           252 
 210           255 
 210           258 
 210           261 
 210           265 
 211           234 
 211           238 
 211           245 
 211           255 
 211           256 
 211           261 
 211           266 
 211           267 
 211           268 
 211           270 
 211           281 
 211           285 
 212           228 
 212           235 
 212           238 
 212           251 
 212           252 
 212           255 
 212           257 
 212           258 
 212           261 
 212           267 
 212           284 
 213           230 
 213           242 
 213           244 
 213           248 
 213           253 
 213           254 
 213           257 
 213           259 
 213           263 
 213           277 
 214           239 
 214           242 
 214           245 
 214           247 
 214           252 
 214           254 
 214           256 
 214           259 
 214           264 
 214           265 
 214           272 
 214           277 
 215           232 
 215           233 
 215           256 
 215           257 
 215           258 
 215           265 
 215           270 
 215           289 
 216           242 
 216           250 
 216           252 
 216           253 
 216           254 
 216           256 
 216           258 
 216           259 
 216           262 
 216           264 
 216           268 
 216           271 
 216           272 
 216           279 
 217           257 
 217           264 
 217           266 
 217           271 
 217           272 
 217           274 
 217           275 
 217           276 
 217           279 
 217           281 
 217           284 
 217           285 
 217           289 
 218           238 
 218           241 
 218           251 
 218           252 
 218           253 
 218           256 
 218           258 
 218           259 
 218           260 
 218           265 
 218           268 
 218           277 
 219           250 
 219           251 
 219           254 
 219           256 
 219           259 
 219           260 
 219           261 
 219           263 
 219           264 
 219           265 
 219           266 
 219           268 
 219           270 
 219           271 
 219           273 
 219           274 
 219           276 
 219           277 
 219           286 
 220           243 
 220           244 
 220           247 
 220           259 
 220           260 
 220           261 
 220           269 
 220           270 
 220           273 
 221           242 
 221           244 
 221           250 
 221           251 
 221           256 
 221           258 
 221           259 
 221           262 
 221           263 
 221           264 
 221           265 
 221           267 
 221           268 
 221           274 
 221           278 
 221           280 
 221           286 
 222           237 
 222           244 
 222           247 
 222           253 
 222           261 
 222           263 
 222           266 
 222           268 
 222           270 
 222           274 
 222           277 
 222           279 
 222           280 
 222           284 
 222           290 
 223           234 
 223           245 
 223           253 
 223           254 
 223           255 
 223           258 
 223           259 
 223           265 
 223           266 
 223           267 
 223           268 
 223           269 
 223           270 
 223           271 
 223           272 
 223           273 
 223           281 
 224           245 
 224           248 
 224           249 
 224           253 
 224           256 
 224           264 
 224           266 
 224           268 
 224           272 
 224           273 
 225           242 
 225           254 
 225           256 
 225           262 
 225           264 
 225           272 
 225           274 
 225           276 
 225           280 
 225           285 
 225           286 
 225           290 
 226           256 
 226           262 
 226           264 
 226           268 
 226           270 
 226           272 
 226           273 
 226           274 
 226           276 
 226           277 
 226           281 
 226           285 
 226           286 
 226           290 
 227           244 
 227           252 
 227           255 
 227           258 
 227           259 
 227           268 
 227           270 
 227           273 
 227           279 
 227           282 
 227           283 
 227           285 
 227           292 
 228           242 
 228           247 
 228           253 
 228           254 
 228           259 
 228           262 
 228           263 
 228           264 
 228           265 
 228           268 
 228           274 
 228           277 
 228           279 
 228           281 
 228           285 
 229           242 
 229           250 
 229           263 
 229           265 
 229           267 
 229           271 
 229           274 
 229           275 
 229           276 
 229           277 
 229           279 
 229           280 
 229           281 
 229           288 
 230           246 
 230           271 
 230           272 
 230           280 
 230           285 
 230           289 
 230           293 
 231           242 
 231           250 
 231           258 
 231           262 
 231           263 
 231           270 
 231           274 
 231           275 
 231           277 
 231           278 
 231           280 
 231           281 
 231           282 
 231           286 
 231           288 
 232           259 
 232           263 
 232           264 
 232           275 
 232           276 
 232           277 
 232           279 
 232           284 
 232           285 
 232           286 
 232           287 
 232           291 
 232           292 
 233           251 
 233           259 
 233           264 
 233           268 
 233           274 
 233           275 
 233           276 
 233           278 
 233           280 
 233           284 
 233           285 
 233           286 
 234           274 
 234           276 
 234           277 
 234           279 
 234           280 
 234           284 
 234           286 
 234           288 
 234           290 
 234           291 
 234           292 
 234           293 
 234           294 
 234           295 
 234           296 
 234           299 
 234           301 
 235           259 
 235           262 
 235           264 
 235           268 
 235           276 
 235           277 
 235           279 
 235           280 
 235           287 
 235           289 
 235           292 
 236           265 
 236           268 
 236           270 
 236           275 
 236           278 
 236           282 
 236           283 
 236           286 
 236           288 
 236           289 
 236           290 
 236           297 
 236           299 
 237           262 
 237           264 
 237           273 
 237           276 
 237           278 
 237           281 
 237           283 
 237           285 
 237           289 
 237           291 
 237           301 
 238           242 
 238           254 
 238           262 
 238           263 
 238           271 
 238           272 
 238           274 
 238           275 
 238           276 
 238           286 
 238           290 
 238           291 
 239           268 
 239           275 
 239           280 
 239           281 
 239           282 
 239           285 
 239           286 
 239           287 
 239           293 
 239           294 
 239           301 
 240           274 
 240           277 
 240           282 
 240           283 
 240           290 
 240           291 
 240           292 
 240           293 
 240           297 
 240           299 
 240           301 
 241           250 
 241           266 
 241           275 
 241           278 
 241           280 
 241           281 
 241           282 
 241           286 
 241           288 
 241           295 
 241           299 
 242           269 
 242           273 
 242           283 
 242           292 
 242           293 
 242           294 
 242           296 
 242           299 
 243           254 
 243           264 
 243           268 
 243           271 
 243           274 
 243           276 
 243           277 
 243           279 
 243           280 
 243           281 
 243           283 
 243           284 
 243           290 
 243           292 
 243           296 
 244           275 
 244           276 
 244           281 
 244           287 
 244           288 
 244           289 
 245           282 
 245           286 
 245           289 
 245           291 
 245           292 
 245           294 
 245           295 
 245           296 
 245           299 
 245           301 
 246           256 
 246           268 
 246           270 
 246           290 
 247           271 
 247           276 
 247           286 
 247           288 
 247           291 
 247           292 
 247           293 
 247           295 
 247           296 
 247           297 
 247           298 
 247           299 
 248           274 
 248           275 
 248           276 
 248           280 
 248           281 
 248           282 
 248           284 
 248           290 
 248           291 
 248           292 
 248           293 
 248           294 
 248           299 
 248           301 
 249           270 
 249           271 
 249           277 
 249           279 
 249           285 
 249           290 
 249           292 
 250           285 
 250           290 
 250           291 
 250           293 
 250           296 
 250           298 
 250           300 
 250           301 
 251           269 
 251           279 
 251           281 
 251           283 
 251           287 
 251           292 
 251           293 
 251           295 
 251           296 
 251           298 
 251           299 
 251           300 
 251           301 
 252           274 
 252           281 
 252           291 
 252           293 
 252           295 
 252           296 
 252           298 
 252           299 
 253           275 
 253           287 
 253           291 
 253           292 
 253           293 
 253           295 
 253           299 
 253           300 
 254           288 
 254           289 
 255           276 
 255           286 
 255           293 
 255           294 
 255           297 
 256           275 
 256           282 
 256           284 
 256           291 
 256           292 
 256           299 
 256           301 
 257           268 
 257           286 
 257           288 
 257           293 
 257           294 
 257           298 
 257           301 
 258           276 
 258           290 
 258           291 
 258           293 
 258           299 
 259           290 
 259           295 
 259           296 
 259           301 
 260           279 
 260           292 
 260           300 
 261           291 
 261           300 
 262           294 
 262           295 
 262           296 
 262           297 
 263           283 
 263           297 
 264           282 
 264           288 
 264           293 
 264           294 
 264           295 
 264           297 
 264           298 
 264           299 
 265           295 
 265           300 
 266           292 
 266           293 
 266           294 
 266           297 
 266           298 
 266           300 
 266           301 
 267           294 
 268           291 
 268           300 
 269           297 
 270           287 
 270           291 
 270           296 
 271           278 
 271           294 
 271           301 
 272           283 
 273           287 
 273           298 
 274           302 
 275           296 
 275           298 
 276           300 
 277           298 
 278           300 
 279           302 
 280           300 
 281           302 
 282           300 
 283           302 
 284           297 
 285           297 
 286           302 
 287           302 
 288           302 
 289           300 
 290           302 
 291           302 
 292           302 
 293           302 
 294           302 
 295           302 
 296           302 
 297           302 
 298           302 
 299           302 
 300           302 
 301           302 
