 1             1             0 
 2             1             0 
 3             1             0 
 4             1             0 
 1             2             1 
 2             2             1 
 3             2             1 
 4             2             0 
 1             3             0 
 2             3             3 
 3             3             5 
 4             3             1 
 1             4             3 
 2             4             5 
 3             4             0 
 4             4             5 
 1             5             3 
 2             5             3 
 3             5             4 
 4             5             0 
 1             6             5 
 2             6             7 
 3             6             0 
 4             6             3 
 1             7             4 
 2             7             6 
 3             7             0 
 4             7             4 
 1             8             0 
 2             8             4 
 3             8             2 
 4             8             6 
 1             9             4 
 2             9             3 
 3             9             6 
 4             9             0 
 1             10            6 
 2             10            0 
 3             10            3 
 4             10            4 
 1             11            1 
 2             11            3 
 3             11            4 
 4             11            0 
 1             12            6 
 2             12            0 
 3             12            5 
 4             12            5 
 1             13            0 
 2             13            1 
 3             13            6 
 4             13            5 
 1             14            3 
 2             14            0 
 3             14            3 
 4             14            3 
 1             15            5 
 2             15            0 
 3             15            4 
 4             15            2 
 1             16            0 
 2             16            4 
 3             16            4 
 4             16            4 
 1             17            2 
 2             17            2 
 3             17            0 
 4             17            3 
 1             18            3 
 2             18            6 
 3             18            3 
 4             18            0 
 1             19            6 
 2             19            0 
 3             19            2 
 4             19            3 
 1             20            4 
 2             20            0 
 3             20            4 
 4             20            3 
 1             21            3 
 2             21            6 
 3             21            0 
 4             21            4 
 1             22            0 
 2             22            5 
 3             22            5 
 4             22            10 
 1             23            6 
 2             23            0 
 3             23            5 
 4             23            7 
 1             24            0 
 2             24            4 
 3             24            3 
 4             24            2 
 1             25            0 
 2             25            4 
 3             25            6 
 4             25            4 
 1             26            2 
 2             26            6 
 3             26            0 
 4             26            5 
 1             27            3 
 2             27            4 
 3             27            6 
 4             27            0 
 1             28            0 
 2             28            4 
 3             28            3 
 4             28            2 
 1             29            5 
 2             29            0 
 3             29            3 
 4             29            4 
 1             30            5 
 2             30            4 
 3             30            5 
 4             30            0 
 1             31            8 
 2             31            3 
 3             31            0 
 4             31            3 
 1             32            0 
 2             32            0 
 3             32            0 
 4             32            0 
