 1             1             0 
 2             1             0 
 3             1             0 
 4             1             0 
 1             2             1 
 2             2             1 
 3             2             0 
 4             2             1 
 1             3             5 
 2             3             5 
 3             3             1 
 4             3             0 
 1             4             6 
 2             4             0 
 3             4             4 
 4             4             4 
 1             5             2 
 2             5             0 
 3             5             4 
 4             5             4 
 1             6             5 
 2             6             4 
 3             6             0 
 4             6             4 
 1             7             6 
 2             7             0 
 3             7             3 
 4             7             4 
 1             8             2 
 2             8             7 
 3             8             7 
 4             8             0 
 1             9             2 
 2             9             3 
 3             9             0 
 4             9             5 
 1             10            3 
 2             10            0 
 3             10            2 
 4             10            6 
 1             11            1 
 2             11            0 
 3             11            4 
 4             11            3 
 1             12            3 
 2             12            0 
 3             12            4 
 4             12            4 
 1             13            6 
 2             13            2 
 3             13            7 
 4             13            0 
 1             14            0 
 2             14            2 
 3             14            6 
 4             14            6 
 1             15            2 
 2             15            6 
 3             15            0 
 4             15            5 
 1             16            0 
 2             16            3 
 3             16            4 
 4             16            1 
 1             17            4 
 2             17            3 
 3             17            3 
 4             17            0 
 1             18            0 
 2             18            6 
 3             18            4 
 4             18            3 
 1             19            7 
 2             19            0 
 3             19            3 
 4             19            5 
 1             20            0 
 2             20            3 
 3             20            2 
 4             20            5 
 1             21            5 
 2             21            7 
 3             21            0 
 4             21            5 
 1             22            0 
 2             22            2 
 3             22            5 
 4             22            5 
 1             23            2 
 2             23            7 
 3             23            0 
 4             23            4 
 1             24            7 
 2             24            2 
 3             24            0 
 4             24            4 
 1             25            4 
 2             25            0 
 3             25            1 
 4             25            5 
 1             26            5 
 2             26            4 
 3             26            3 
 4             26            0 
 1             27            7 
 2             27            0 
 3             27            8 
 4             27            5 
 1             28            5 
 2             28            0 
 3             28            4 
 4             28            4 
 1             29            3 
 2             29            0 
 3             29            4 
 4             29            3 
 1             30            3 
 2             30            5 
 3             30            0 
 4             30            2 
 1             31            4 
 2             31            0 
 3             31            5 
 4             31            3 
 1             32            0 
 2             32            0 
 3             32            0 
 4             32            0 
