 1             1             0 
 2             1             0 
 3             1             0 
 4             1             0 
 1             2             1 
 2             2             1 
 3             2             0 
 4             2             1 
 1             3             2 
 2             3             4 
 3             3             0 
 4             3             4 
 1             4             0 
 2             4             2 
 3             4             1 
 4             4             6 
 1             5             0 
 2             5             4 
 3             5             4 
 4             5             6 
 1             6             0 
 2             6             3 
 3             6             6 
 4             6             5 
 1             7             7 
 2             7             2 
 3             7             0 
 4             7             4 
 1             8             7 
 2             8             0 
 3             8             5 
 4             8             6 
 1             9             3 
 2             9             4 
 3             9             0 
 4             9             2 
 1             10            3 
 2             10            8 
 3             10            3 
 4             10            0 
 1             11            3 
 2             11            2 
 3             11            3 
 4             11            0 
 1             12            5 
 2             12            2 
 3             12            5 
 4             12            0 
 1             13            6 
 2             13            5 
 3             13            4 
 4             13            0 
 1             14            3 
 2             14            0 
 3             14            3 
 4             14            4 
 1             15            3 
 2             15            5 
 3             15            4 
 4             15            0 
 1             16            4 
 2             16            5 
 3             16            0 
 4             16            2 
 1             17            2 
 2             17            0 
 3             17            3 
 4             17            1 
 1             18            3 
 2             18            6 
 3             18            0 
 4             18            3 
 1             19            4 
 2             19            3 
 3             19            5 
 4             19            0 
 1             20            7 
 2             20            10 
 3             20            2 
 4             20            0 
 1             21            0 
 2             21            2 
 3             21            5 
 4             21            5 
 1             22            8 
 2             22            0 
 3             22            4 
 4             22            4 
 1             23            4 
 2             23            0 
 3             23            2 
 4             23            6 
 1             24            3 
 2             24            3 
 3             24            3 
 4             24            0 
 1             25            4 
 2             25            0 
 3             25            10 
 4             25            7 
 1             26            5 
 2             26            4 
 3             26            0 
 4             26            4 
 1             27            0 
 2             27            1 
 3             27            5 
 4             27            3 
 1             28            2 
 2             28            6 
 3             28            4 
 4             28            0 
 1             29            5 
 2             29            3 
 3             29            4 
 4             29            0 
 1             30            2 
 2             30            5 
 3             30            0 
 4             30            4 
 1             31            0 
 2             31            6 
 3             31            3 
 4             31            3 
 1             32            0 
 2             32            0 
 3             32            0 
 4             32            0 
