 1             1             0 
 2             1             0 
 3             1             0 
 4             1             0 
 1             2             0 
 2             2             1 
 3             2             1 
 4             2             1 
 1             3             2 
 2             3             0 
 3             3             5 
 4             3             1 
 1             4             2 
 2             4             2 
 3             4             3 
 4             4             0 
 1             5             3 
 2             5             1 
 3             5             0 
 4             5             3 
 1             6             2 
 2             6             0 
 3             6             2 
 4             6             1 
 1             7             3 
 2             7             7 
 3             7             6 
 4             7             0 
 1             8             3 
 2             8             2 
 3             8             0 
 4             8             5 
 1             9             6 
 2             9             4 
 3             9             0 
 4             9             2 
 1             10            0 
 2             10            6 
 3             10            8 
 4             10            5 
 1             11            5 
 2             11            0 
 3             11            3 
 4             11            5 
 1             12            0 
 2             12            2 
 3             12            6 
 4             12            3 
 1             13            2 
 2             13            6 
 3             13            3 
 4             13            0 
 1             14            0 
 2             14            3 
 3             14            3 
 4             14            3 
 1             15            0 
 2             15            4 
 3             15            3 
 4             15            6 
 1             16            5 
 2             16            0 
 3             16            2 
 4             16            4 
 1             17            3 
 2             17            0 
 3             17            4 
 4             17            5 
 1             18            1 
 2             18            0 
 3             18            4 
 4             18            5 
 1             19            4 
 2             19            0 
 3             19            7 
 4             19            5 
 1             20            6 
 2             20            6 
 3             20            0 
 4             20            5 
 1             21            4 
 2             21            0 
 3             21            3 
 4             21            3 
 1             22            4 
 2             22            0 
 3             22            6 
 4             22            1 
 1             23            6 
 2             23            4 
 3             23            0 
 4             23            8 
 1             24            10 
 2             24            4 
 3             24            0 
 4             24            5 
 1             25            4 
 2             25            4 
 3             25            0 
 4             25            5 
 1             26            0 
 2             26            7 
 3             26            7 
 4             26            4 
 1             27            6 
 2             27            0 
 3             27            1 
 4             27            6 
 1             28            4 
 2             28            5 
 3             28            3 
 4             28            0 
 1             29            3 
 2             29            2 
 3             29            4 
 4             29            0 
 1             30            6 
 2             30            0 
 3             30            4 
 4             30            5 
 1             31            2 
 2             31            6 
 3             31            4 
 4             31            0 
 1             32            0 
 2             32            0 
 3             32            0 
 4             32            0 
