 1             1             0 
 2             1             0 
 3             1             0 
 4             1             0 
 1             2             1 
 2             2             0 
 3             2             1 
 4             2             1 
 1             3             3 
 2             3             1 
 3             3             0 
 4             3             6 
 1             4             4 
 2             4             3 
 3             4             0 
 4             4             3 
 1             5             1 
 2             5             6 
 3             5             2 
 4             5             0 
 1             6             3 
 2             6             1 
 3             6             4 
 4             6             0 
 1             7             4 
 2             7             5 
 3             7             0 
 4             7             3 
 1             8             4 
 2             8             0 
 3             8             4 
 4             8             4 
 1             9             0 
 2             9             3 
 3             9             6 
 4             9             1 
 1             10            0 
 2             10            5 
 3             10            5 
 4             10            3 
 1             11            4 
 2             11            0 
 3             11            6 
 4             11            4 
 1             12            3 
 2             12            8 
 3             12            1 
 4             12            0 
 1             13            0 
 2             13            3 
 3             13            6 
 4             13            5 
 1             14            2 
 2             14            5 
 3             14            8 
 4             14            0 
 1             15            4 
 2             15            0 
 3             15            2 
 4             15            2 
 1             16            6 
 2             16            0 
 3             16            4 
 4             16            5 
 1             17            4 
 2             17            5 
 3             17            7 
 4             17            0 
 1             18            0 
 2             18            3 
 3             18            4 
 4             18            7 
 1             19            5 
 2             19            6 
 3             19            5 
 4             19            0 
 1             20            7 
 2             20            0 
 3             20            2 
 4             20            4 
 1             21            0 
 2             21            6 
 3             21            1 
 4             21            5 
 1             22            5 
 2             22            3 
 3             22            0 
 4             22            6 
 1             23            4 
 2             23            0 
 3             23            4 
 4             23            5 
 1             24            4 
 2             24            1 
 3             24            4 
 4             24            0 
 1             25            8 
 2             25            5 
 3             25            3 
 4             25            0 
 1             26            3 
 2             26            4 
 3             26            0 
 4             26            2 
 1             27            4 
 2             27            7 
 3             27            0 
 4             27            7 
 1             28            4 
 2             28            2 
 3             28            2 
 4             28            0 
 1             29            7 
 2             29            0 
 3             29            5 
 4             29            2 
 1             30            3 
 2             30            2 
 3             30            6 
 4             30            0 
 1             31            3 
 2             31            4 
 3             31            0 
 4             31            5 
 1             32            0 
 2             32            0 
 3             32            0 
 4             32            0 
