 1             1             0 
 2             1             0 
 3             1             0 
 4             1             0 
 1             2             1 
 2             2             0 
 3             2             1 
 4             2             1 
 1             3             4 
 2             3             1 
 3             3             4 
 4             3             0 
 1             4             3 
 2             4             0 
 3             4             4 
 4             4             2 
 1             5             3 
 2             5             0 
 3             5             5 
 4             5             4 
 1             6             7 
 2             6             4 
 3             6             0 
 4             6             3 
 1             7             6 
 2             7             5 
 3             7             0 
 4             7             3 
 1             8             3 
 2             8             3 
 3             8             4 
 4             8             0 
 1             9             1 
 2             9             4 
 3             9             2 
 4             9             0 
 1             10            7 
 2             10            0 
 3             10            5 
 4             10            4 
 1             11            3 
 2             11            1 
 3             11            0 
 4             11            6 
 1             12            6 
 2             12            3 
 3             12            4 
 4             12            0 
 1             13            0 
 2             13            7 
 3             13            3 
 4             13            5 
 1             14            2 
 2             14            3 
 3             14            3 
 4             14            0 
 1             15            3 
 2             15            3 
 3             15            0 
 4             15            3 
 1             16            6 
 2             16            6 
 3             16            6 
 4             16            0 
 1             17            3 
 2             17            2 
 3             17            0 
 4             17            3 
 1             18            5 
 2             18            4 
 3             18            5 
 4             18            0 
 1             19            3 
 2             19            6 
 3             19            0 
 4             19            4 
 1             20            2 
 2             20            2 
 3             20            0 
 4             20            3 
 1             21            3 
 2             21            8 
 3             21            2 
 4             21            0 
 1             22            5 
 2             22            0 
 3             22            3 
 4             22            7 
 1             23            3 
 2             23            4 
 3             23            0 
 4             23            5 
 1             24            4 
 2             24            0 
 3             24            4 
 4             24            5 
 1             25            7 
 2             25            0 
 3             25            6 
 4             25            6 
 1             26            6 
 2             26            0 
 3             26            6 
 4             26            4 
 1             27            5 
 2             27            8 
 3             27            0 
 4             27            4 
 1             28            4 
 2             28            0 
 3             28            4 
 4             28            7 
 1             29            0 
 2             29            2 
 3             29            3 
 4             29            4 
 1             30            6 
 2             30            0 
 3             30            6 
 4             30            3 
 1             31            1 
 2             31            4 
 3             31            0 
 4             31            2 
 1             32            0 
 2             32            0 
 3             32            0 
 4             32            0 
