 1             1             0 
 2             1             0 
 3             1             0 
 4             1             0 
 1             2             1 
 2             2             1 
 3             2             1 
 4             2             0 
 1             3             3 
 2             3             6 
 3             3             3 
 4             3             0 
 1             4             5 
 2             4             4 
 3             4             3 
 4             4             0 
 1             5             3 
 2             5             0 
 3             5             4 
 4             5             1 
 1             6             2 
 2             6             0 
 3             6             6 
 4             6             7 
 1             7             6 
 2             7             3 
 3             7             1 
 4             7             0 
 1             8             3 
 2             8             1 
 3             8             4 
 4             8             0 
 1             9             0 
 2             9             4 
 3             9             7 
 4             9             4 
 1             10            0 
 2             10            1 
 3             10            6 
 4             10            3 
 1             11            4 
 2             11            4 
 3             11            5 
 4             11            0 
 1             12            3 
 2             12            0 
 3             12            3 
 4             12            4 
 1             13            5 
 2             13            3 
 3             13            0 
 4             13            1 
 1             14            7 
 2             14            0 
 3             14            2 
 4             14            3 
 1             15            6 
 2             15            0 
 3             15            4 
 4             15            5 
 1             16            6 
 2             16            0 
 3             16            8 
 4             16            2 
 1             17            3 
 2             17            3 
 3             17            0 
 4             17            5 
 1             18            4 
 2             18            0 
 3             18            3 
 4             18            5 
 1             19            6 
 2             19            6 
 3             19            7 
 4             19            0 
 1             20            3 
 2             20            5 
 3             20            1 
 4             20            0 
 1             21            6 
 2             21            0 
 3             21            4 
 4             21            3 
 1             22            5 
 2             22            6 
 3             22            6 
 4             22            0 
 1             23            0 
 2             23            4 
 3             23            6 
 4             23            5 
 1             24            1 
 2             24            3 
 3             24            4 
 4             24            0 
 1             25            0 
 2             25            4 
 3             25            2 
 4             25            2 
 1             26            6 
 2             26            5 
 3             26            0 
 4             26            6 
 1             27            1 
 2             27            0 
 3             27            3 
 4             27            5 
 1             28            1 
 2             28            4 
 3             28            7 
 4             28            0 
 1             29            2 
 2             29            0 
 3             29            3 
 4             29            5 
 1             30            5 
 2             30            9 
 3             30            2 
 4             30            0 
 1             31            7 
 2             31            0 
 3             31            3 
 4             31            6 
 1             32            0 
 2             32            0 
 3             32            0 
 4             32            0 
