 1             1             0 
 2             1             0 
 3             1             0 
 4             1             0 
 1             2             1 
 2             2             1 
 3             2             1 
 4             2             0 
 1             3             2 
 2             3             6 
 3             3             0 
 4             3             1 
 1             4             2 
 2             4             0 
 3             4             3 
 4             4             2 
 1             5             4 
 2             5             4 
 3             5             8 
 4             5             0 
 1             6             0 
 2             6             8 
 3             6             3 
 4             6             5 
 1             7             6 
 2             7             2 
 3             7             0 
 4             7             5 
 1             8             2 
 2             8             0 
 3             8             4 
 4             8             6 
 1             9             4 
 2             9             3 
 3             9             6 
 4             9             0 
 1             10            0 
 2             10            5 
 3             10            6 
 4             10            4 
 1             11            0 
 2             11            1 
 3             11            2 
 4             11            5 
 1             12            4 
 2             12            2 
 3             12            0 
 4             12            4 
 1             13            0 
 2             13            3 
 3             13            3 
 4             13            6 
 1             14            2 
 2             14            0 
 3             14            4 
 4             14            5 
 1             15            3 
 2             15            0 
 3             15            5 
 4             15            2 
 1             16            5 
 2             16            0 
 3             16            5 
 4             16            5 
 1             17            0 
 2             17            5 
 3             17            2 
 4             17            4 
 1             18            3 
 2             18            0 
 3             18            2 
 4             18            3 
 1             19            6 
 2             19            5 
 3             19            3 
 4             19            0 
 1             20            5 
 2             20            0 
 3             20            4 
 4             20            5 
 1             21            4 
 2             21            6 
 3             21            0 
 4             21            4 
 1             22            7 
 2             22            0 
 3             22            8 
 4             22            3 
 1             23            4 
 2             23            2 
 3             23            0 
 4             23            3 
 1             24            3 
 2             24            0 
 3             24            5 
 4             24            3 
 1             25            3 
 2             25            6 
 3             25            0 
 4             25            5 
 1             26            3 
 2             26            0 
 3             26            2 
 4             26            1 
 1             27            0 
 2             27            4 
 3             27            4 
 4             27            6 
 1             28            5 
 2             28            0 
 3             28            2 
 4             28            5 
 1             29            9 
 2             29            5 
 3             29            0 
 4             29            5 
 1             30            0 
 2             30            4 
 3             30            5 
 4             30            4 
 1             31            5 
 2             31            0 
 3             31            5 
 4             31            3 
 1             32            0 
 2             32            0 
 3             32            0 
 4             32            0 
