 1             1             0 
 2             1             0 
 3             1             0 
 4             1             0 
 1             2             0 
 2             2             1 
 3             2             1 
 4             2             1 
 1             3             1 
 2             3             4 
 3             3             2 
 4             3             0 
 1             4             3 
 2             4             3 
 3             4             8 
 4             4             0 
 1             5             4 
 2             5             0 
 3             5             3 
 4             5             8 
 1             6             3 
 2             6             6 
 3             6             0 
 4             6             3 
 1             7             0 
 2             7             3 
 3             7             4 
 4             7             2 
 1             8             4 
 2             8             4 
 3             8             0 
 4             8             3 
 1             9             2 
 2             9             7 
 3             9             0 
 4             9             5 
 1             10            4 
 2             10            2 
 3             10            0 
 4             10            4 
 1             11            0 
 2             11            3 
 3             11            2 
 4             11            5 
 1             12            6 
 2             12            7 
 3             12            0 
 4             12            1 
 1             13            0 
 2             13            3 
 3             13            4 
 4             13            2 
 1             14            3 
 2             14            0 
 3             14            4 
 4             14            4 
 1             15            3 
 2             15            0 
 3             15            4 
 4             15            3 
 1             16            7 
 2             16            3 
 3             16            0 
 4             16            6 
 1             17            0 
 2             17            5 
 3             17            3 
 4             17            7 
 1             18            0 
 2             18            6 
 3             18            2 
 4             18            3 
 1             19            5 
 2             19            5 
 3             19            0 
 4             19            2 
 1             20            3 
 2             20            2 
 3             20            4 
 4             20            0 
 1             21            2 
 2             21            6 
 3             21            6 
 4             21            0 
 1             22            2 
 2             22            0 
 3             22            3 
 4             22            7 
 1             23            0 
 2             23            6 
 3             23            5 
 4             23            8 
 1             24            4 
 2             24            0 
 3             24            4 
 4             24            3 
 1             25            0 
 2             25            3 
 3             25            4 
 4             25            3 
 1             26            9 
 2             26            0 
 3             26            6 
 4             26            4 
 1             27            0 
 2             27            3 
 3             27            8 
 4             27            3 
 1             28            6 
 2             28            0 
 3             28            2 
 4             28            2 
 1             29            5 
 2             29            0 
 3             29            6 
 4             29            6 
 1             30            4 
 2             30            1 
 3             30            0 
 4             30            5 
 1             31            0 
 2             31            5 
 3             31            3 
 4             31            4 
 1             32            0 
 2             32            0 
 3             32            0 
 4             32            0 
