 1             1             0 
 2             1             0 
 3             1             0 
 4             1             0 
 1             2             0 
 2             2             1 
 3             2             1 
 4             2             1 
 1             3             1 
 2             3             5 
 3             3             1 
 4             3             0 
 1             4             4 
 2             4             0 
 3             4             5 
 4             4             5 
 1             5             2 
 2             5             0 
 3             5             5 
 4             5             3 
 1             6             2 
 2             6             6 
 3             6             0 
 4             6             4 
 1             7             4 
 2             7             7 
 3             7             3 
 4             7             0 
 1             8             0 
 2             8             5 
 3             8             5 
 4             8             6 
 1             9             0 
 2             9             6 
 3             9             5 
 4             9             5 
 1             10            5 
 2             10            3 
 3             10            0 
 4             10            1 
 1             11            2 
 2             11            2 
 3             11            0 
 4             11            3 
 1             12            3 
 2             12            4 
 3             12            9 
 4             12            0 
 1             13            5 
 2             13            0 
 3             13            3 
 4             13            5 
 1             14            3 
 2             14            0 
 3             14            4 
 4             14            4 
 1             15            6 
 2             15            3 
 3             15            4 
 4             15            0 
 1             16            3 
 2             16            0 
 3             16            3 
 4             16            3 
 1             17            5 
 2             17            7 
 3             17            3 
 4             17            0 
 1             18            4 
 2             18            5 
 3             18            3 
 4             18            0 
 1             19            6 
 2             19            9 
 3             19            0 
 4             19            2 
 1             20            6 
 2             20            3 
 3             20            0 
 4             20            5 
 1             21            5 
 2             21            2 
 3             21            3 
 4             21            0 
 1             22            0 
 2             22            5 
 3             22            4 
 4             22            3 
 1             23            0 
 2             23            1 
 3             23            4 
 4             23            5 
 1             24            0 
 2             24            3 
 3             24            6 
 4             24            5 
 1             25            7 
 2             25            0 
 3             25            3 
 4             25            6 
 1             26            0 
 2             26            1 
 3             26            7 
 4             26            3 
 1             27            0 
 2             27            4 
 3             27            5 
 4             27            4 
 1             28            2 
 2             28            0 
 3             28            1 
 4             28            6 
 1             29            5 
 2             29            1 
 3             29            0 
 4             29            6 
 1             30            0 
 2             30            6 
 3             30            7 
 4             30            3 
 1             31            4 
 2             31            3 
 3             31            2 
 4             31            0 
 1             32            0 
 2             32            0 
 3             32            0 
 4             32            0 
