 1             1             0 
 2             1             0 
 3             1             0 
 4             1             0 
 1             2             1 
 2             2             1 
 3             2             1 
 4             2             0 
 1             3             3 
 2             3             6 
 3             3             4 
 4             3             0 
 1             4             0 
 2             4             2 
 3             4             3 
 4             4             1 
 1             5             0 
 2             5             5 
 3             5             3 
 4             5             3 
 1             6             5 
 2             6             6 
 3             6             7 
 4             6             0 
 1             7             2 
 2             7             3 
 3             7             0 
 4             7             6 
 1             8             5 
 2             8             0 
 3             8             4 
 4             8             5 
 1             9             9 
 2             9             0 
 3             9             2 
 4             9             6 
 1             10            6 
 2             10            0 
 3             10            3 
 4             10            8 
 1             11            5 
 2             11            0 
 3             11            3 
 4             11            5 
 1             12            4 
 2             12            6 
 3             12            3 
 4             12            0 
 1             13            7 
 2             13            0 
 3             13            10 
 4             13            4 
 1             14            1 
 2             14            2 
 3             14            0 
 4             14            4 
 1             15            4 
 2             15            2 
 3             15            5 
 4             15            0 
 1             16            2 
 2             16            3 
 3             16            7 
 4             16            0 
 1             17            0 
 2             17            8 
 3             17            5 
 4             17            5 
 1             18            6 
 2             18            6 
 3             18            0 
 4             18            1 
 1             19            4 
 2             19            4 
 3             19            2 
 4             19            0 
 1             20            5 
 2             20            3 
 3             20            0 
 4             20            6 
 1             21            0 
 2             21            5 
 3             21            5 
 4             21            2 
 1             22            0 
 2             22            9 
 3             22            1 
 4             22            5 
 1             23            2 
 2             23            5 
 3             23            0 
 4             23            4 
 1             24            4 
 2             24            3 
 3             24            6 
 4             24            0 
 1             25            0 
 2             25            1 
 3             25            2 
 4             25            4 
 1             26            5 
 2             26            2 
 3             26            6 
 4             26            0 
 1             27            0 
 2             27            3 
 3             27            2 
 4             27            1 
 1             28            1 
 2             28            0 
 3             28            5 
 4             28            4 
 1             29            1 
 2             29            5 
 3             29            0 
 4             29            4 
 1             30            3 
 2             30            2 
 3             30            0 
 4             30            3 
 1             31            7 
 2             31            0 
 3             31            3 
 4             31            3 
 1             32            0 
 2             32            0 
 3             32            0 
 4             32            0 
