 1             1             0 
 2             1             0 
 3             1             0 
 4             1             0 
 1             2             0 
 2             2             1 
 3             2             1 
 4             2             1 
 1             3             0 
 2             3             8 
 3             3             4 
 4             3             2 
 1             4             1 
 2             4             0 
 3             4             4 
 4             4             8 
 1             5             2 
 2             5             0 
 3             5             4 
 4             5             3 
 1             6             3 
 2             6             0 
 3             6             3 
 4             6             4 
 1             7             4 
 2             7             0 
 3             7             2 
 4             7             4 
 1             8             0 
 2             8             8 
 3             8             3 
 4             8             2 
 1             9             7 
 2             9             2 
 3             9             4 
 4             9             0 
 1             10            5 
 2             10            5 
 3             10            4 
 4             10            0 
 1             11            4 
 2             11            2 
 3             11            2 
 4             11            0 
 1             12            3 
 2             12            0 
 3             12            5 
 4             12            3 
 1             13            3 
 2             13            0 
 3             13            4 
 4             13            5 
 1             14            8 
 2             14            0 
 3             14            1 
 4             14            3 
 1             15            5 
 2             15            5 
 3             15            0 
 4             15            5 
 1             16            4 
 2             16            6 
 3             16            7 
 4             16            0 
 1             17            4 
 2             17            4 
 3             17            5 
 4             17            0 
 1             18            0 
 2             18            4 
 3             18            4 
 4             18            2 
 1             19            0 
 2             19            5 
 3             19            7 
 4             19            5 
 1             20            5 
 2             20            4 
 3             20            3 
 4             20            0 
 1             21            4 
 2             21            3 
 3             21            0 
 4             21            3 
 1             22            3 
 2             22            6 
 3             22            6 
 4             22            0 
 1             23            0 
 2             23            8 
 3             23            3 
 4             23            4 
 1             24            2 
 2             24            0 
 3             24            2 
 4             24            4 
 1             25            6 
 2             25            0 
 3             25            2 
 4             25            6 
 1             26            0 
 2             26            1 
 3             26            6 
 4             26            7 
 1             27            7 
 2             27            2 
 3             27            4 
 4             27            0 
 1             28            2 
 2             28            0 
 3             28            6 
 4             28            6 
 1             29            7 
 2             29            3 
 3             29            4 
 4             29            0 
 1             30            1 
 2             30            1 
 3             30            8 
 4             30            0 
 1             31            2 
 2             31            2 
 3             31            0 
 4             31            3 
 1             32            0 
 2             32            0 
 3             32            0 
 4             32            0 
