 1             1             0 
 2             1             0 
 3             1             0 
 4             1             0 
 1             2             1 
 2             2             1 
 3             2             0 
 4             2             1 
 1             3             0 
 2             3             10 
 3             3             1 
 4             3             7 
 1             4             0 
 2             4             3 
 3             4             1 
 4             4             4 
 1             5             6 
 2             5             0 
 3             5             7 
 4             5             5 
 1             6             2 
 2             6             0 
 3             6             5 
 4             6             5 
 1             7             4 
 2             7             0 
 3             7             5 
 4             7             7 
 1             8             8 
 2             8             4 
 3             8             2 
 4             8             0 
 1             9             5 
 2             9             1 
 3             9             3 
 4             9             0 
 1             10            3 
 2             10            0 
 3             10            4 
 4             10            4 
 1             11            5 
 2             11            3 
 3             11            3 
 4             11            0 
 1             12            6 
 2             12            3 
 3             12            0 
 4             12            4 
 1             13            2 
 2             13            0 
 3             13            6 
 4             13            3 
 1             14            8 
 2             14            0 
 3             14            3 
 4             14            5 
 1             15            0 
 2             15            4 
 3             15            6 
 4             15            2 
 1             16            6 
 2             16            3 
 3             16            3 
 4             16            0 
 1             17            2 
 2             17            0 
 3             17            2 
 4             17            2 
 1             18            3 
 2             18            0 
 3             18            8 
 4             18            7 
 1             19            3 
 2             19            3 
 3             19            0 
 4             19            3 
 1             20            3 
 2             20            6 
 3             20            0 
 4             20            4 
 1             21            3 
 2             21            4 
 3             21            4 
 4             21            0 
 1             22            4 
 2             22            1 
 3             22            0 
 4             22            1 
 1             23            2 
 2             23            6 
 3             23            4 
 4             23            0 
 1             24            0 
 2             24            3 
 3             24            3 
 4             24            4 
 1             25            0 
 2             25            4 
 3             25            5 
 4             25            6 
 1             26            4 
 2             26            0 
 3             26            5 
 4             26            4 
 1             27            0 
 2             27            2 
 3             27            3 
 4             27            4 
 1             28            4 
 2             28            9 
 3             28            5 
 4             28            0 
 1             29            5 
 2             29            7 
 3             29            4 
 4             29            0 
 1             30            0 
 2             30            3 
 3             30            4 
 4             30            4 
 1             31            3 
 2             31            4 
 3             31            0 
 4             31            2 
 1             32            0 
 2             32            0 
 3             32            0 
 4             32            0 
