 1             1             0 
 2             1             0 
 3             1             0 
 4             1             0 
 1             2             1 
 2             2             1 
 3             2             1 
 4             2             0 
 1             3             2 
 2             3             4 
 3             3             7 
 4             3             0 
 1             4             0 
 2             4             6 
 3             4             4 
 4             4             1 
 1             5             3 
 2             5             0 
 3             5             4 
 4             5             5 
 1             6             2 
 2             6             0 
 3             6             4 
 4             6             5 
 1             7             0 
 2             7             7 
 3             7             4 
 4             7             1 
 1             8             5 
 2             8             3 
 3             8             5 
 4             8             0 
 1             9             6 
 2             9             0 
 3             9             5 
 4             9             2 
 1             10            0 
 2             10            3 
 3             10            2 
 4             10            2 
 1             11            3 
 2             11            0 
 3             11            2 
 4             11            7 
 1             12            5 
 2             12            3 
 3             12            4 
 4             12            0 
 1             13            4 
 2             13            5 
 3             13            0 
 4             13            3 
 1             14            0 
 2             14            2 
 3             14            5 
 4             14            1 
 1             15            2 
 2             15            7 
 3             15            0 
 4             15            5 
 1             16            3 
 2             16            0 
 3             16            1 
 4             16            5 
 1             17            6 
 2             17            0 
 3             17            4 
 4             17            4 
 1             18            0 
 2             18            4 
 3             18            7 
 4             18            4 
 1             19            0 
 2             19            2 
 3             19            3 
 4             19            6 
 1             20            3 
 2             20            0 
 3             20            4 
 4             20            4 
 1             21            9 
 2             21            3 
 3             21            0 
 4             21            5 
 1             22            0 
 2             22            5 
 3             22            6 
 4             22            5 
 1             23            2 
 2             23            5 
 3             23            0 
 4             23            7 
 1             24            9 
 2             24            0 
 3             24            3 
 4             24            2 
 1             25            0 
 2             25            5 
 3             25            5 
 4             25            5 
 1             26            3 
 2             26            0 
 3             26            4 
 4             26            5 
 1             27            4 
 2             27            0 
 3             27            2 
 4             27            4 
 1             28            0 
 2             28            4 
 3             28            5 
 4             28            4 
 1             29            4 
 2             29            0 
 3             29            6 
 4             29            5 
 1             30            4 
 2             30            0 
 3             30            3 
 4             30            4 
 1             31            4 
 2             31            3 
 3             31            0 
 4             31            3 
 1             32            0 
 2             32            0 
 3             32            0 
 4             32            0 
