 1             1             0 
 2             1             0 
 3             1             0 
 4             1             0 
 1             2             1 
 2             2             1 
 3             2             0 
 4             2             1 
 1             3             2 
 2             3             6 
 3             3             1 
 4             3             0 
 1             4             7 
 2             4             4 
 3             4             0 
 4             4             7 
 1             5             0 
 2             5             1 
 3             5             1 
 4             5             2 
 1             6             5 
 2             6             0 
 3             6             5 
 4             6             5 
 1             7             0 
 2             7             6 
 3             7             10 
 4             7             3 
 1             8             0 
 2             8             4 
 3             8             4 
 4             8             3 
 1             9             0 
 2             9             6 
 3             9             5 
 4             9             4 
 1             10            5 
 2             10            4 
 3             10            0 
 4             10            3 
 1             11            5 
 2             11            0 
 3             11            3 
 4             11            5 
 1             12            0 
 2             12            5 
 3             12            2 
 4             12            4 
 1             13            5 
 2             13            6 
 3             13            4 
 4             13            0 
 1             14            3 
 2             14            3 
 3             14            1 
 4             14            0 
 1             15            4 
 2             15            0 
 3             15            2 
 4             15            5 
 1             16            3 
 2             16            4 
 3             16            0 
 4             16            5 
 1             17            4 
 2             17            2 
 3             17            0 
 4             17            4 
 1             18            5 
 2             18            0 
 3             18            3 
 4             18            5 
 1             19            4 
 2             19            0 
 3             19            3 
 4             19            1 
 1             20            6 
 2             20            5 
 3             20            0 
 4             20            3 
 1             21            5 
 2             21            3 
 3             21            2 
 4             21            0 
 1             22            2 
 2             22            4 
 3             22            6 
 4             22            0 
 1             23            2 
 2             23            5 
 3             23            0 
 4             23            4 
 1             24            3 
 2             24            3 
 3             24            4 
 4             24            0 
 1             25            1 
 2             25            0 
 3             25            5 
 4             25            8 
 1             26            7 
 2             26            0 
 3             26            6 
 4             26            6 
 1             27            4 
 2             27            0 
 3             27            4 
 4             27            4 
 1             28            5 
 2             28            7 
 3             28            4 
 4             28            0 
 1             29            0 
 2             29            3 
 3             29            7 
 4             29            4 
 1             30            0 
 2             30            3 
 3             30            4 
 4             30            2 
 1             31            4 
 2             31            3 
 3             31            6 
 4             31            0 
 1             32            0 
 2             32            0 
 3             32            0 
 4             32            0 
