 1             1             0 
 2             1             0 
 3             1             0 
 4             1             0 
 1             2             1 
 2             2             1 
 3             2             1 
 4             2             0 
 1             3             7 
 2             3             8 
 3             3             6 
 4             3             0 
 1             4             2 
 2             4             2 
 3             4             4 
 4             4             0 
 1             5             3 
 2             5             8 
 3             5             8 
 4             5             0 
 1             6             2 
 2             6             5 
 3             6             0 
 4             6             1 
 1             7             5 
 2             7             3 
 3             7             6 
 4             7             0 
 1             8             5 
 2             8             0 
 3             8             5 
 4             8             3 
 1             9             3 
 2             9             1 
 3             9             2 
 4             9             0 
 1             10            0 
 2             10            3 
 3             10            3 
 4             10            5 
 1             11            4 
 2             11            5 
 3             11            6 
 4             11            0 
 1             12            4 
 2             12            3 
 3             12            3 
 4             12            0 
 1             13            3 
 2             13            0 
 3             13            5 
 4             13            4 
 1             14            7 
 2             14            0 
 3             14            4 
 4             14            5 
 1             15            6 
 2             15            4 
 3             15            0 
 4             15            2 
 1             16            7 
 2             16            4 
 3             16            0 
 4             16            6 
 1             17            2 
 2             17            0 
 3             17            5 
 4             17            5 
 1             18            0 
 2             18            3 
 3             18            5 
 4             18            5 
 1             19            4 
 2             19            7 
 3             19            2 
 4             19            0 
 1             20            2 
 2             20            3 
 3             20            3 
 4             20            0 
 1             21            0 
 2             21            5 
 3             21            2 
 4             21            2 
 1             22            6 
 2             22            6 
 3             22            0 
 4             22            4 
 1             23            3 
 2             23            0 
 3             23            6 
 4             23            4 
 1             24            0 
 2             24            2 
 3             24            4 
 4             24            3 
 1             25            0 
 2             25            8 
 3             25            3 
 4             25            3 
 1             26            3 
 2             26            4 
 3             26            0 
 4             26            6 
 1             27            2 
 2             27            1 
 3             27            0 
 4             27            5 
 1             28            6 
 2             28            1 
 3             28            0 
 4             28            6 
 1             29            5 
 2             29            7 
 3             29            3 
 4             29            0 
 1             30            4 
 2             30            0 
 3             30            1 
 4             30            3 
 1             31            4 
 2             31            2 
 3             31            5 
 4             31            0 
 1             32            0 
 2             32            0 
 3             32            0 
 4             32            0 
