 1             1             0 
 2             1             0 
 3             1             0 
 4             1             0 
 1             2             1 
 2             2             0 
 3             2             1 
 4             2             1 
 1             3             1 
 2             3             0 
 3             3             4 
 4             3             7 
 1             4             3 
 2             4             0 
 3             4             4 
 4             4             5 
 1             5             3 
 2             5             1 
 3             5             3 
 4             5             0 
 1             6             4 
 2             6             0 
 3             6             5 
 4             6             3 
 1             7             0 
 2             7             3 
 3             7             2 
 4             7             7 
 1             8             2 
 2             8             0 
 3             8             1 
 4             8             2 
 1             9             7 
 2             9             3 
 3             9             0 
 4             9             5 
 1             10            5 
 2             10            6 
 3             10            0 
 4             10            4 
 1             11            7 
 2             11            5 
 3             11            0 
 4             11            3 
 1             12            1 
 2             12            0 
 3             12            7 
 4             12            3 
 1             13            0 
 2             13            1 
 3             13            5 
 4             13            7 
 1             14            0 
 2             14            3 
 3             14            2 
 4             14            4 
 1             15            3 
 2             15            0 
 3             15            5 
 4             15            3 
 1             16            0 
 2             16            5 
 3             16            2 
 4             16            4 
 1             17            3 
 2             17            0 
 3             17            3 
 4             17            5 
 1             18            6 
 2             18            2 
 3             18            2 
 4             18            0 
 1             19            0 
 2             19            3 
 3             19            8 
 4             19            2 
 1             20            4 
 2             20            0 
 3             20            3 
 4             20            5 
 1             21            8 
 2             21            9 
 3             21            0 
 4             21            3 
 1             22            0 
 2             22            3 
 3             22            7 
 4             22            6 
 1             23            4 
 2             23            2 
 3             23            3 
 4             23            0 
 1             24            8 
 2             24            5 
 3             24            0 
 4             24            3 
 1             25            3 
 2             25            6 
 3             25            3 
 4             25            0 
 1             26            3 
 2             26            0 
 3             26            6 
 4             26            3 
 1             27            0 
 2             27            5 
 3             27            7 
 4             27            4 
 1             28            4 
 2             28            0 
 3             28            4 
 4             28            3 
 1             29            0 
 2             29            4 
 3             29            4 
 4             29            4 
 1             30            0 
 2             30            6 
 3             30            5 
 4             30            5 
 1             31            0 
 2             31            4 
 3             31            4 
 4             31            3 
 1             32            0 
 2             32            0 
 3             32            0 
 4             32            0 
