 1             1             0 
 2             1             0 
 3             1             0 
 4             1             0 
 1             2             1 
 2             2             1 
 3             2             1 
 4             2             0 
 1             3             3 
 2             3             5 
 3             3             10 
 4             3             0 
 1             4             4 
 2             4             6 
 3             4             5 
 4             4             0 
 1             5             5 
 2             5             3 
 3             5             2 
 4             5             0 
 1             6             2 
 2             6             5 
 3             6             0 
 4             6             1 
 1             7             3 
 2             7             2 
 3             7             0 
 4             7             2 
 1             8             6 
 2             8             6 
 3             8             0 
 4             8             5 
 1             9             4 
 2             9             2 
 3             9             4 
 4             9             0 
 1             10            3 
 2             10            4 
 3             10            3 
 4             10            0 
 1             11            4 
 2             11            0 
 3             11            4 
 4             11            6 
 1             12            5 
 2             12            0 
 3             12            6 
 4             12            3 
 1             13            0 
 2             13            6 
 3             13            4 
 4             13            3 
 1             14            3 
 2             14            0 
 3             14            5 
 4             14            3 
 1             15            1 
 2             15            4 
 3             15            4 
 4             15            0 
 1             16            0 
 2             16            3 
 3             16            6 
 4             16            4 
 1             17            4 
 2             17            3 
 3             17            0 
 4             17            3 
 1             18            3 
 2             18            0 
 3             18            3 
 4             18            3 
 1             19            8 
 2             19            0 
 3             19            3 
 4             19            6 
 1             20            0 
 2             20            3 
 3             20            3 
 4             20            2 
 1             21            4 
 2             21            4 
 3             21            1 
 4             21            0 
 1             22            4 
 2             22            6 
 3             22            4 
 4             22            0 
 1             23            5 
 2             23            3 
 3             23            6 
 4             23            0 
 1             24            3 
 2             24            8 
 3             24            4 
 4             24            0 
 1             25            5 
 2             25            4 
 3             25            4 
 4             25            0 
 1             26            5 
 2             26            2 
 3             26            3 
 4             26            0 
 1             27            4 
 2             27            4 
 3             27            0 
 4             27            3 
 1             28            6 
 2             28            4 
 3             28            5 
 4             28            0 
 1             29            0 
 2             29            4 
 3             29            1 
 4             29            6 
 1             30            4 
 2             30            0 
 3             30            5 
 4             30            7 
 1             31            5 
 2             31            4 
 3             31            0 
 4             31            7 
 1             32            0 
 2             32            0 
 3             32            0 
 4             32            0 
