 1             1             0 
 2             1             0 
 3             1             0 
 4             1             0 
 1             2             1 
 2             2             0 
 3             2             1 
 4             2             1 
 1             3             4 
 2             3             1 
 3             3             0 
 4             3             3 
 1             4             5 
 2             4             0 
 3             4             4 
 4             4             8 
 1             5             3 
 2             5             0 
 3             5             5 
 4             5             5 
 1             6             0 
 2             6             3 
 3             6             1 
 4             6             2 
 1             7             4 
 2             7             0 
 3             7             6 
 4             7             3 
 1             8             0 
 2             8             5 
 3             8             5 
 4             8             5 
 1             9             4 
 2             9             5 
 3             9             0 
 4             9             5 
 1             10            2 
 2             10            0 
 3             10            5 
 4             10            2 
 1             11            3 
 2             11            0 
 3             11            2 
 4             11            4 
 1             12            6 
 2             12            4 
 3             12            4 
 4             12            0 
 1             13            0 
 2             13            2 
 3             13            1 
 4             13            5 
 1             14            0 
 2             14            3 
 3             14            5 
 4             14            2 
 1             15            3 
 2             15            3 
 3             15            4 
 4             15            0 
 1             16            6 
 2             16            0 
 3             16            5 
 4             16            7 
 1             17            3 
 2             17            5 
 3             17            3 
 4             17            0 
 1             18            4 
 2             18            2 
 3             18            4 
 4             18            0 
 1             19            0 
 2             19            5 
 3             19            4 
 4             19            3 
 1             20            4 
 2             20            0 
 3             20            6 
 4             20            3 
 1             21            1 
 2             21            0 
 3             21            6 
 4             21            5 
 1             22            0 
 2             22            3 
 3             22            4 
 4             22            6 
 1             23            3 
 2             23            0 
 3             23            3 
 4             23            4 
 1             24            0 
 2             24            6 
 3             24            1 
 4             24            4 
 1             25            5 
 2             25            7 
 3             25            0 
 4             25            4 
 1             26            3 
 2             26            5 
 3             26            6 
 4             26            0 
 1             27            9 
 2             27            0 
 3             27            3 
 4             27            4 
 1             28            7 
 2             28            2 
 3             28            0 
 4             28            3 
 1             29            0 
 2             29            4 
 3             29            5 
 4             29            4 
 1             30            0 
 2             30            5 
 3             30            6 
 4             30            4 
 1             31            4 
 2             31            6 
 3             31            5 
 4             31            0 
 1             32            0 
 2             32            0 
 3             32            0 
 4             32            0 
