 1             1             0 
 2             1             0 
 3             1             0 
 4             1             0 
 1             2             1 
 2             2             1 
 3             2             0 
 4             2             1 
 1             3             2 
 2             3             3 
 3             3             0 
 4             3             5 
 1             4             8 
 2             4             6 
 3             4             1 
 4             4             0 
 1             5             4 
 2             5             6 
 3             5             5 
 4             5             0 
 1             6             2 
 2             6             0 
 3             6             7 
 4             6             4 
 1             7             5 
 2             7             5 
 3             7             0 
 4             7             5 
 1             8             6 
 2             8             2 
 3             8             0 
 4             8             3 
 1             9             3 
 2             9             0 
 3             9             1 
 4             9             3 
 1             10            5 
 2             10            0 
 3             10            5 
 4             10            5 
 1             11            5 
 2             11            3 
 3             11            0 
 4             11            6 
 1             12            4 
 2             12            6 
 3             12            0 
 4             12            5 
 1             13            0 
 2             13            4 
 3             13            5 
 4             13            6 
 1             14            4 
 2             14            4 
 3             14            8 
 4             14            0 
 1             15            0 
 2             15            4 
 3             15            2 
 4             15            3 
 1             16            0 
 2             16            6 
 3             16            5 
 4             16            2 
 1             17            2 
 2             17            3 
 3             17            4 
 4             17            0 
 1             18            3 
 2             18            5 
 3             18            0 
 4             18            3 
 1             19            3 
 2             19            2 
 3             19            0 
 4             19            4 
 1             20            4 
 2             20            0 
 3             20            2 
 4             20            2 
 1             21            4 
 2             21            6 
 3             21            0 
 4             21            1 
 1             22            3 
 2             22            0 
 3             22            1 
 4             22            4 
 1             23            5 
 2             23            4 
 3             23            8 
 4             23            0 
 1             24            0 
 2             24            4 
 3             24            4 
 4             24            3 
 1             25            0 
 2             25            3 
 3             25            4 
 4             25            7 
 1             26            0 
 2             26            3 
 3             26            6 
 4             26            4 
 1             27            5 
 2             27            0 
 3             27            4 
 4             27            5 
 1             28            6 
 2             28            0 
 3             28            2 
 4             28            3 
 1             29            4 
 2             29            0 
 3             29            3 
 4             29            5 
 1             30            0 
 2             30            4 
 3             30            4 
 4             30            7 
 1             31            0 
 2             31            4 
 3             31            3 
 4             31            4 
 1             32            0 
 2             32            0 
 3             32            0 
 4             32            0 
