 1             1             0 
 2             1             0 
 3             1             0 
 4             1             0 
 1             2             0 
 2             2             1 
 3             2             2 
 4             2             1 
 1             3             1 
 2             3             0 
 3             3             1 
 4             3             6 
 1             4             8 
 2             4             7 
 3             4             5 
 4             4             0 
 1             5             2 
 2             5             3 
 3             5             5 
 4             5             0 
 1             6             2 
 2             6             5 
 3             6             0 
 4             6             2 
 1             7             4 
 2             7             2 
 3             7             2 
 4             7             0 
 1             8             5 
 2             8             4 
 3             8             0 
 4             8             4 
 1             9             5 
 2             9             3 
 3             9             0 
 4             9             3 
 1             10            8 
 2             10            0 
 3             10            3 
 4             10            4 
 1             11            4 
 2             11            5 
 3             11            7 
 4             11            0 
 1             12            4 
 2             12            4 
 3             12            5 
 4             12            0 
 1             13            4 
 2             13            5 
 3             13            0 
 4             13            3 
 1             14            4 
 2             14            4 
 3             14            5 
 4             14            0 
 1             15            3 
 2             15            5 
 3             15            0 
 4             15            4 
 1             16            0 
 2             16            4 
 3             16            10 
 4             16            5 
 1             17            7 
 2             17            2 
 3             17            3 
 4             17            0 
 1             18            0 
 2             18            3 
 3             18            3 
 4             18            8 
 1             19            0 
 2             19            4 
 3             19            6 
 4             19            7 
 1             20            0 
 2             20            5 
 3             20            2 
 4             20            5 
 1             21            0 
 2             21            6 
 3             21            4 
 4             21            1 
 1             22            2 
 2             22            3 
 3             22            0 
 4             22            4 
 1             23            0 
 2             23            4 
 3             23            4 
 4             23            6 
 1             24            0 
 2             24            4 
 3             24            4 
 4             24            5 
 1             25            5 
 2             25            0 
 3             25            4 
 4             25            2 
 1             26            3 
 2             26            9 
 3             26            5 
 4             26            0 
 1             27            2 
 2             27            1 
 3             27            0 
 4             27            1 
 1             28            3 
 2             28            1 
 3             28            5 
 4             28            0 
 1             29            6 
 2             29            4 
 3             29            2 
 4             29            0 
 1             30            2 
 2             30            6 
 3             30            2 
 4             30            0 
 1             31            4 
 2             31            0 
 3             31            3 
 4             31            5 
 1             32            0 
 2             32            0 
 3             32            0 
 4             32            0 
