 1             1             0 
 2             1             0 
 3             1             0 
 4             1             0 
 1             2             1 
 2             2             1 
 3             2             0 
 4             2             1 
 1             3             0 
 2             3             3 
 3             3             1 
 4             3             2 
 1             4             0 
 2             4             4 
 3             4             3 
 4             4             3 
 1             5             3 
 2             5             2 
 3             5             5 
 4             5             0 
 1             6             6 
 2             6             8 
 3             6             0 
 4             6             7 
 1             7             4 
 2             7             5 
 3             7             5 
 4             7             0 
 1             8             2 
 2             8             4 
 3             8             0 
 4             8             3 
 1             9             6 
 2             9             4 
 3             9             4 
 4             9             0 
 1             10            0 
 2             10            4 
 3             10            6 
 4             10            4 
 1             11            0 
 2             11            4 
 3             11            7 
 4             11            7 
 1             12            0 
 2             12            5 
 3             12            1 
 4             12            1 
 1             13            4 
 2             13            4 
 3             13            0 
 4             13            4 
 1             14            7 
 2             14            3 
 3             14            5 
 4             14            0 
 1             15            7 
 2             15            4 
 3             15            0 
 4             15            4 
 1             16            0 
 2             16            4 
 3             16            4 
 4             16            6 
 1             17            2 
 2             17            0 
 3             17            3 
 4             17            1 
 1             18            2 
 2             18            2 
 3             18            4 
 4             18            0 
 1             19            3 
 2             19            4 
 3             19            0 
 4             19            8 
 1             20            3 
 2             20            4 
 3             20            3 
 4             20            0 
 1             21            0 
 2             21            4 
 3             21            4 
 4             21            3 
 1             22            3 
 2             22            0 
 3             22            4 
 4             22            4 
 1             23            8 
 2             23            4 
 3             23            4 
 4             23            0 
 1             24            6 
 2             24            0 
 3             24            5 
 4             24            3 
 1             25            4 
 2             25            6 
 3             25            0 
 4             25            5 
 1             26            0 
 2             26            3 
 3             26            3 
 4             26            4 
 1             27            0 
 2             27            1 
 3             27            4 
 4             27            2 
 1             28            3 
 2             28            0 
 3             28            4 
 4             28            7 
 1             29            4 
 2             29            5 
 3             29            0 
 4             29            5 
 1             30            3 
 2             30            8 
 3             30            5 
 4             30            0 
 1             31            3 
 2             31            0 
 3             31            4 
 4             31            4 
 1             32            0 
 2             32            0 
 3             32            0 
 4             32            0 
