 1             1             0 
 2             1             0 
 3             1             0 
 4             1             0 
 1             2             1 
 2             2             1 
 3             2             0 
 4             2             1 
 1             3             1 
 2             3             5 
 3             3             0 
 4             3             2 
 1             4             6 
 2             4             5 
 3             4             1 
 4             4             0 
 1             5             5 
 2             5             4 
 3             5             4 
 4             5             0 
 1             6             5 
 2             6             2 
 3             6             3 
 4             6             0 
 1             7             3 
 2             7             4 
 3             7             0 
 4             7             7 
 1             8             0 
 2             8             4 
 3             8             8 
 4             8             2 
 1             9             4 
 2             9             3 
 3             9             3 
 4             9             0 
 1             10            3 
 2             10            5 
 3             10            0 
 4             10            6 
 1             11            0 
 2             11            1 
 3             11            4 
 4             11            3 
 1             12            3 
 2             12            4 
 3             12            3 
 4             12            0 
 1             13            5 
 2             13            0 
 3             13            3 
 4             13            3 
 1             14            4 
 2             14            7 
 3             14            0 
 4             14            3 
 1             15            6 
 2             15            2 
 3             15            6 
 4             15            0 
 1             16            5 
 2             16            0 
 3             16            3 
 4             16            6 
 1             17            0 
 2             17            4 
 3             17            2 
 4             17            7 
 1             18            4 
 2             18            0 
 3             18            6 
 4             18            6 
 1             19            0 
 2             19            2 
 3             19            2 
 4             19            4 
 1             20            6 
 2             20            7 
 3             20            0 
 4             20            4 
 1             21            0 
 2             21            5 
 3             21            5 
 4             21            2 
 1             22            0 
 2             22            6 
 3             22            4 
 4             22            5 
 1             23            1 
 2             23            5 
 3             23            0 
 4             23            5 
 1             24            0 
 2             24            3 
 3             24            4 
 4             24            5 
 1             25            9 
 2             25            0 
 3             25            8 
 4             25            2 
 1             26            5 
 2             26            3 
 3             26            0 
 4             26            3 
 1             27            0 
 2             27            8 
 3             27            8 
 4             27            4 
 1             28            2 
 2             28            3 
 3             28            2 
 4             28            0 
 1             29            2 
 2             29            4 
 3             29            0 
 4             29            4 
 1             30            6 
 2             30            3 
 3             30            4 
 4             30            0 
 1             31            2 
 2             31            0 
 3             31            1 
 4             31            4 
 1             32            0 
 2             32            0 
 3             32            0 
 4             32            0 
