 1             1             0 
 2             1             0 
 3             1             0 
 4             1             0 
 1             2             1 
 2             2             0 
 3             2             1 
 4             2             1 
 1             3             0 
 2             3             1 
 3             3             4 
 4             3             2 
 1             4             2 
 2             4             5 
 3             4             7 
 4             4             0 
 1             5             5 
 2             5             5 
 3             5             0 
 4             5             3 
 1             6             4 
 2             6             0 
 3             6             6 
 4             6             5 
 1             7             0 
 2             7             2 
 3             7             3 
 4             7             4 
 1             8             4 
 2             8             8 
 3             8             0 
 4             8             8 
 1             9             5 
 2             9             0 
 3             9             2 
 4             9             3 
 1             10            5 
 2             10            5 
 3             10            0 
 4             10            2 
 1             11            0 
 2             11            3 
 3             11            5 
 4             11            2 
 1             12            9 
 2             12            0 
 3             12            4 
 4             12            4 
 1             13            0 
 2             13            4 
 3             13            6 
 4             13            5 
 1             14            3 
 2             14            4 
 3             14            0 
 4             14            6 
 1             15            2 
 2             15            8 
 3             15            0 
 4             15            7 
 1             16            4 
 2             16            5 
 3             16            0 
 4             16            1 
 1             17            0 
 2             17            2 
 3             17            3 
 4             17            4 
 1             18            5 
 2             18            6 
 3             18            0 
 4             18            5 
 1             19            0 
 2             19            2 
 3             19            8 
 4             19            2 
 1             20            0 
 2             20            2 
 3             20            3 
 4             20            10 
 1             21            0 
 2             21            4 
 3             21            4 
 4             21            2 
 1             22            5 
 2             22            3 
 3             22            6 
 4             22            0 
 1             23            4 
 2             23            0 
 3             23            5 
 4             23            5 
 1             24            0 
 2             24            4 
 3             24            3 
 4             24            2 
 1             25            0 
 2             25            5 
 3             25            3 
 4             25            5 
 1             26            3 
 2             26            4 
 3             26            0 
 4             26            6 
 1             27            3 
 2             27            2 
 3             27            2 
 4             27            0 
 1             28            5 
 2             28            0 
 3             28            3 
 4             28            4 
 1             29            0 
 2             29            5 
 3             29            2 
 4             29            2 
 1             30            4 
 2             30            0 
 3             30            4 
 4             30            6 
 1             31            3 
 2             31            3 
 3             31            0 
 4             31            2 
 1             32            0 
 2             32            0 
 3             32            0 
 4             32            0 
