 1             1             0 
 2             1             0 
 3             1             0 
 4             1             0 
 1             2             1 
 2             2             0 
 3             2             1 
 4             2             1 
 1             3             4 
 2             3             1 
 3             3             0 
 4             3             7 
 1             4             2 
 2             4             5 
 3             4             3 
 4             4             0 
 1             5             0 
 2             5             2 
 3             5             6 
 4             5             3 
 1             6             3 
 2             6             6 
 3             6             4 
 4             6             0 
 1             7             7 
 2             7             5 
 3             7             0 
 4             7             2 
 1             8             4 
 2             8             2 
 3             8             5 
 4             8             0 
 1             9             4 
 2             9             3 
 3             9             6 
 4             9             0 
 1             10            6 
 2             10            5 
 3             10            5 
 4             10            0 
 1             11            3 
 2             11            6 
 3             11            0 
 4             11            3 
 1             12            4 
 2             12            4 
 3             12            4 
 4             12            0 
 1             13            8 
 2             13            0 
 3             13            5 
 4             13            4 
 1             14            5 
 2             14            0 
 3             14            4 
 4             14            3 
 1             15            0 
 2             15            4 
 3             15            3 
 4             15            4 
 1             16            4 
 2             16            5 
 3             16            0 
 4             16            9 
 1             17            0 
 2             17            3 
 3             17            3 
 4             17            5 
 1             18            5 
 2             18            7 
 3             18            0 
 4             18            6 
 1             19            4 
 2             19            0 
 3             19            5 
 4             19            5 
 1             20            4 
 2             20            2 
 3             20            7 
 4             20            0 
 1             21            3 
 2             21            4 
 3             21            0 
 4             21            3 
 1             22            0 
 2             22            4 
 3             22            1 
 4             22            2 
 1             23            0 
 2             23            5 
 3             23            5 
 4             23            6 
 1             24            5 
 2             24            0 
 3             24            4 
 4             24            4 
 1             25            4 
 2             25            2 
 3             25            0 
 4             25            3 
 1             26            3 
 2             26            0 
 3             26            4 
 4             26            3 
 1             27            0 
 2             27            5 
 3             27            4 
 4             27            3 
 1             28            2 
 2             28            0 
 3             28            3 
 4             28            4 
 1             29            0 
 2             29            6 
 3             29            3 
 4             29            6 
 1             30            3 
 2             30            1 
 3             30            0 
 4             30            2 
 1             31            4 
 2             31            5 
 3             31            3 
 4             31            0 
 1             32            0 
 2             32            0 
 3             32            0 
 4             32            0 
