 1             1             0 
 2             1             0 
 3             1             0 
 4             1             0 
 1             2             1 
 2             2             1 
 3             2             1 
 4             2             0 
 1             3             6 
 2             3             0 
 3             3             5 
 4             3             1 
 1             4             3 
 2             4             0 
 3             4             4 
 4             4             7 
 1             5             2 
 2             5             6 
 3             5             0 
 4             5             2 
 1             6             4 
 2             6             0 
 3             6             8 
 4             6             2 
 1             7             0 
 2             7             7 
 3             7             5 
 4             7             3 
 1             8             3 
 2             8             0 
 3             8             4 
 4             8             3 
 1             9             4 
 2             9             3 
 3             9             0 
 4             9             4 
 1             10            8 
 2             10            0 
 3             10            5 
 4             10            2 
 1             11            7 
 2             11            3 
 3             11            2 
 4             11            0 
 1             12            4 
 2             12            4 
 3             12            0 
 4             12            2 
 1             13            0 
 2             13            3 
 3             13            3 
 4             13            2 
 1             14            3 
 2             14            0 
 3             14            3 
 4             14            7 
 1             15            7 
 2             15            0 
 3             15            2 
 4             15            1 
 1             16            4 
 2             16            0 
 3             16            4 
 4             16            5 
 1             17            0 
 2             17            1 
 3             17            4 
 4             17            4 
 1             18            0 
 2             18            4 
 3             18            4 
 4             18            5 
 1             19            3 
 2             19            1 
 3             19            0 
 4             19            6 
 1             20            1 
 2             20            0 
 3             20            5 
 4             20            3 
 1             21            0 
 2             21            4 
 3             21            4 
 4             21            7 
 1             22            0 
 2             22            4 
 3             22            4 
 4             22            3 
 1             23            4 
 2             23            0 
 3             23            5 
 4             23            3 
 1             24            2 
 2             24            5 
 3             24            3 
 4             24            0 
 1             25            6 
 2             25            6 
 3             25            0 
 4             25            3 
 1             26            3 
 2             26            3 
 3             26            0 
 4             26            8 
 1             27            4 
 2             27            4 
 3             27            0 
 4             27            4 
 1             28            4 
 2             28            0 
 3             28            8 
 4             28            5 
 1             29            6 
 2             29            7 
 3             29            2 
 4             29            0 
 1             30            3 
 2             30            5 
 3             30            3 
 4             30            0 
 1             31            4 
 2             31            5 
 3             31            0 
 4             31            8 
 1             32            0 
 2             32            0 
 3             32            0 
 4             32            0 
