 1             1             0 
 2             1             0 
 3             1             0 
 4             1             0 
 1             2             1 
 2             2             0 
 3             2             1 
 4             2             1 
 1             3             6 
 2             3             1 
 3             3             3 
 4             3             0 
 1             4             4 
 2             4             5 
 3             4             0 
 4             4             4 
 1             5             4 
 2             5             0 
 3             5             4 
 4             5             5 
 1             6             6 
 2             6             0 
 3             6             3 
 4             6             5 
 1             7             7 
 2             7             2 
 3             7             1 
 4             7             0 
 1             8             4 
 2             8             0 
 3             8             5 
 4             8             3 
 1             9             5 
 2             9             4 
 3             9             6 
 4             9             0 
 1             10            6 
 2             10            3 
 3             10            0 
 4             10            4 
 1             11            0 
 2             11            4 
 3             11            5 
 4             11            3 
 1             12            0 
 2             12            5 
 3             12            5 
 4             12            7 
 1             13            4 
 2             13            3 
 3             13            4 
 4             13            0 
 1             14            2 
 2             14            4 
 3             14            4 
 4             14            0 
 1             15            0 
 2             15            6 
 3             15            5 
 4             15            2 
 1             16            4 
 2             16            3 
 3             16            5 
 4             16            0 
 1             17            0 
 2             17            3 
 3             17            7 
 4             17            5 
 1             18            4 
 2             18            3 
 3             18            2 
 4             18            0 
 1             19            6 
 2             19            6 
 3             19            0 
 4             19            3 
 1             20            1 
 2             20            3 
 3             20            6 
 4             20            0 
 1             21            3 
 2             21            6 
 3             21            4 
 4             21            0 
 1             22            0 
 2             22            4 
 3             22            7 
 4             22            6 
 1             23            0 
 2             23            3 
 3             23            3 
 4             23            3 
 1             24            2 
 2             24            8 
 3             24            0 
 4             24            5 
 1             25            3 
 2             25            0 
 3             25            4 
 4             25            5 
 1             26            4 
 2             26            5 
 3             26            3 
 4             26            0 
 1             27            3 
 2             27            0 
 3             27            2 
 4             27            4 
 1             28            2 
 2             28            3 
 3             28            3 
 4             28            0 
 1             29            6 
 2             29            5 
 3             29            0 
 4             29            4 
 1             30            5 
 2             30            6 
 3             30            3 
 4             30            0 
 1             31            0 
 2             31            1 
 3             31            5 
 4             31            3 
 1             32            0 
 2             32            0 
 3             32            0 
 4             32            0 
