 1             1             0 
 2             1             0 
 3             1             0 
 4             1             0 
 1             2             1 
 2             2             1 
 3             2             1 
 4             2             0 
 1             3             0 
 2             3             5 
 3             3             8 
 4             3             1 
 1             4             0 
 2             4             1 
 3             4             3 
 4             4             1 
 1             5             3 
 2             5             6 
 3             5             0 
 4             5             3 
 1             6             4 
 2             6             0 
 3             6             6 
 4             6             6 
 1             7             5 
 2             7             5 
 3             7             3 
 4             7             0 
 1             8             5 
 2             8             1 
 3             8             0 
 4             8             3 
 1             9             6 
 2             9             4 
 3             9             0 
 4             9             1 
 1             10            4 
 2             10            0 
 3             10            3 
 4             10            8 
 1             11            4 
 2             11            0 
 3             11            7 
 4             11            4 
 1             12            5 
 2             12            0 
 3             12            8 
 4             12            7 
 1             13            3 
 2             13            5 
 3             13            3 
 4             13            0 
 1             14            4 
 2             14            3 
 3             14            0 
 4             14            5 
 1             15            5 
 2             15            3 
 3             15            0 
 4             15            4 
 1             16            0 
 2             16            3 
 3             16            5 
 4             16            2 
 1             17            0 
 2             17            7 
 3             17            3 
 4             17            3 
 1             18            4 
 2             18            6 
 3             18            0 
 4             18            3 
 1             19            5 
 2             19            5 
 3             19            0 
 4             19            5 
 1             20            4 
 2             20            0 
 3             20            3 
 4             20            4 
 1             21            2 
 2             21            2 
 3             21            0 
 4             21            4 
 1             22            2 
 2             22            0 
 3             22            4 
 4             22            7 
 1             23            2 
 2             23            3 
 3             23            4 
 4             23            0 
 1             24            4 
 2             24            0 
 3             24            4 
 4             24            2 
 1             25            3 
 2             25            4 
 3             25            0 
 4             25            4 
 1             26            6 
 2             26            0 
 3             26            4 
 4             26            4 
 1             27            0 
 2             27            4 
 3             27            2 
 4             27            6 
 1             28            0 
 2             28            7 
 3             28            5 
 4             28            4 
 1             29            0 
 2             29            5 
 3             29            2 
 4             29            4 
 1             30            6 
 2             30            4 
 3             30            0 
 4             30            4 
 1             31            5 
 2             31            0 
 3             31            2 
 4             31            5 
 1             32            0 
 2             32            0 
 3             32            0 
 4             32            0 
