 1             1             0 
 2             1             0 
 3             1             0 
 4             1             0 
 1             2             0 
 2             2             1 
 3             2             1 
 4             2             2 
 1             3             2 
 2             3             4 
 3             3             3 
 4             3             0 
 1             4             5 
 2             4             4 
 3             4             0 
 4             4             4 
 1             5             6 
 2             5             5 
 3             5             0 
 4             5             3 
 1             6             3 
 2             6             0 
 3             6             3 
 4             6             5 
 1             7             4 
 2             7             6 
 3             7             7 
 4             7             0 
 1             8             0 
 2             8             2 
 3             8             4 
 4             8             2 
 1             9             4 
 2             9             7 
 3             9             0 
 4             9             7 
 1             10            3 
 2             10            2 
 3             10            0 
 4             10            7 
 1             11            4 
 2             11            7 
 3             11            0 
 4             11            1 
 1             12            2 
 2             12            3 
 3             12            0 
 4             12            3 
 1             13            3 
 2             13            6 
 3             13            0 
 4             13            10 
 1             14            0 
 2             14            8 
 3             14            4 
 4             14            3 
 1             15            6 
 2             15            5 
 3             15            5 
 4             15            0 
 1             16            2 
 2             16            0 
 3             16            5 
 4             16            2 
 1             17            10 
 2             17            5 
 3             17            0 
 4             17            5 
 1             18            3 
 2             18            7 
 3             18            0 
 4             18            5 
 1             19            1 
 2             19            3 
 3             19            1 
 4             19            0 
 1             20            7 
 2             20            2 
 3             20            0 
 4             20            2 
 1             21            0 
 2             21            1 
 3             21            5 
 4             21            2 
 1             22            8 
 2             22            3 
 3             22            0 
 4             22            2 
 1             23            3 
 2             23            0 
 3             23            5 
 4             23            2 
 1             24            5 
 2             24            0 
 3             24            5 
 4             24            6 
 1             25            1 
 2             25            4 
 3             25            3 
 4             25            0 
 1             26            0 
 2             26            3 
 3             26            3 
 4             26            8 
 1             27            2 
 2             27            1 
 3             27            8 
 4             27            0 
 1             28            5 
 2             28            4 
 3             28            2 
 4             28            0 
 1             29            0 
 2             29            4 
 3             29            5 
 4             29            3 
 1             30            0 
 2             30            2 
 3             30            3 
 4             30            3 
 1             31            3 
 2             31            5 
 3             31            0 
 4             31            5 
 1             32            0 
 2             32            0 
 3             32            0 
 4             32            0 
