 1             1             0 
 2             1             0 
 3             1             0 
 4             1             0 
 1             2             1 
 2             2             0 
 3             2             1 
 4             2             1 
 1             3             5 
 2             3             1 
 3             3             6 
 4             3             0 
 1             4             3 
 2             4             0 
 3             4             2 
 4             4             5 
 1             5             2 
 2             5             5 
 3             5             2 
 4             5             0 
 1             6             3 
 2             6             5 
 3             6             0 
 4             6             2 
 1             7             5 
 2             7             2 
 3             7             0 
 4             7             4 
 1             8             2 
 2             8             0 
 3             8             3 
 4             8             8 
 1             9             4 
 2             9             4 
 3             9             8 
 4             9             0 
 1             10            1 
 2             10            2 
 3             10            0 
 4             10            4 
 1             11            3 
 2             11            0 
 3             11            4 
 4             11            1 
 1             12            0 
 2             12            6 
 3             12            2 
 4             12            7 
 1             13            4 
 2             13            5 
 3             13            0 
 4             13            6 
 1             14            5 
 2             14            5 
 3             14            0 
 4             14            6 
 1             15            2 
 2             15            0 
 3             15            5 
 4             15            4 
 1             16            4 
 2             16            5 
 3             16            5 
 4             16            0 
 1             17            4 
 2             17            0 
 3             17            3 
 4             17            5 
 1             18            8 
 2             18            3 
 3             18            3 
 4             18            0 
 1             19            4 
 2             19            0 
 3             19            2 
 4             19            6 
 1             20            0 
 2             20            5 
 3             20            8 
 4             20            5 
 1             21            0 
 2             21            4 
 3             21            4 
 4             21            5 
 1             22            4 
 2             22            3 
 3             22            0 
 4             22            3 
 1             23            4 
 2             23            3 
 3             23            0 
 4             23            4 
 1             24            6 
 2             24            0 
 3             24            2 
 4             24            1 
 1             25            7 
 2             25            0 
 3             25            4 
 4             25            3 
 1             26            7 
 2             26            0 
 3             26            4 
 4             26            2 
 1             27            0 
 2             27            3 
 3             27            2 
 4             27            5 
 1             28            2 
 2             28            7 
 3             28            0 
 4             28            2 
 1             29            6 
 2             29            4 
 3             29            7 
 4             29            0 
 1             30            4 
 2             30            0 
 3             30            8 
 4             30            4 
 1             31            0 
 2             31            4 
 3             31            3 
 4             31            3 
 1             32            0 
 2             32            0 
 3             32            0 
 4             32            0 
