 1             1             0 
 2             1             0 
 3             1             0 
 4             1             0 
 1             2             1 
 2             2             1 
 3             2             0 
 4             2             1 
 1             3             4 
 2             3             2 
 3             3             1 
 4             3             0 
 1             4             0 
 2             4             2 
 3             4             2 
 4             4             4 
 1             5             2 
 2             5             6 
 3             5             5 
 4             5             0 
 1             6             4 
 2             6             0 
 3             6             6 
 4             6             3 
 1             7             0 
 2             7             3 
 3             7             5 
 4             7             3 
 1             8             4 
 2             8             6 
 3             8             3 
 4             8             0 
 1             9             5 
 2             9             4 
 3             9             1 
 4             9             0 
 1             10            0 
 2             10            6 
 3             10            4 
 4             10            3 
 1             11            0 
 2             11            5 
 3             11            2 
 4             11            2 
 1             12            0 
 2             12            4 
 3             12            7 
 4             12            7 
 1             13            0 
 2             13            6 
 3             13            5 
 4             13            4 
 1             14            4 
 2             14            4 
 3             14            6 
 4             14            0 
 1             15            7 
 2             15            3 
 3             15            0 
 4             15            4 
 1             16            6 
 2             16            0 
 3             16            1 
 4             16            5 
 1             17            3 
 2             17            6 
 3             17            0 
 4             17            3 
 1             18            2 
 2             18            6 
 3             18            1 
 4             18            0 
 1             19            0 
 2             19            4 
 3             19            3 
 4             19            3 
 1             20            4 
 2             20            0 
 3             20            5 
 4             20            3 
 1             21            0 
 2             21            4 
 3             21            1 
 4             21            8 
 1             22            2 
 2             22            1 
 3             22            0 
 4             22            7 
 1             23            5 
 2             23            6 
 3             23            3 
 4             23            0 
 1             24            6 
 2             24            3 
 3             24            4 
 4             24            0 
 1             25            1 
 2             25            0 
 3             25            6 
 4             25            3 
 1             26            5 
 2             26            3 
 3             26            5 
 4             26            0 
 1             27            6 
 2             27            8 
 3             27            7 
 4             27            0 
 1             28            5 
 2             28            1 
 3             28            2 
 4             28            0 
 1             29            5 
 2             29            0 
 3             29            8 
 4             29            7 
 1             30            3 
 2             30            3 
 3             30            7 
 4             30            0 
 1             31            4 
 2             31            3 
 3             31            0 
 4             31            2 
 1             32            0 
 2             32            0 
 3             32            0 
 4             32            0 
