 1             1             0 
 2             1             0 
 3             1             0 
 4             1             0 
 1             2             0 
 2             2             1 
 3             2             1 
 4             2             1 
 1             3             1 
 2             3             7 
 3             3             0 
 4             3             4 
 1             4             6 
 2             4             6 
 3             4             0 
 4             4             2 
 1             5             0 
 2             5             4 
 3             5             6 
 4             5             2 
 1             6             4 
 2             6             1 
 3             6             2 
 4             6             0 
 1             7             0 
 2             7             3 
 3             7             4 
 4             7             5 
 1             8             3 
 2             8             7 
 3             8             0 
 4             8             2 
 1             9             2 
 2             9             5 
 3             9             3 
 4             9             0 
 1             10            0 
 2             10            2 
 3             10            6 
 4             10            3 
 1             11            6 
 2             11            5 
 3             11            5 
 4             11            0 
 1             12            0 
 2             12            5 
 3             12            3 
 4             12            9 
 1             13            2 
 2             13            0 
 3             13            4 
 4             13            4 
 1             14            1 
 2             14            0 
 3             14            2 
 4             14            3 
 1             15            0 
 2             15            3 
 3             15            5 
 4             15            5 
 1             16            2 
 2             16            0 
 3             16            3 
 4             16            8 
 1             17            6 
 2             17            2 
 3             17            4 
 4             17            0 
 1             18            0 
 2             18            5 
 3             18            3 
 4             18            7 
 1             19            6 
 2             19            0 
 3             19            5 
 4             19            4 
 1             20            0 
 2             20            4 
 3             20            3 
 4             20            4 
 1             21            0 
 2             21            5 
 3             21            3 
 4             21            6 
 1             22            2 
 2             22            1 
 3             22            3 
 4             22            0 
 1             23            5 
 2             23            3 
 3             23            0 
 4             23            4 
 1             24            4 
 2             24            0 
 3             24            7 
 4             24            5 
 1             25            8 
 2             25            1 
 3             25            5 
 4             25            0 
 1             26            0 
 2             26            7 
 3             26            2 
 4             26            6 
 1             27            5 
 2             27            6 
 3             27            0 
 4             27            3 
 1             28            5 
 2             28            6 
 3             28            0 
 4             28            2 
 1             29            4 
 2             29            0 
 3             29            7 
 4             29            1 
 1             30            4 
 2             30            3 
 3             30            6 
 4             30            0 
 1             31            4 
 2             31            0 
 3             31            4 
 4             31            2 
 1             32            0 
 2             32            0 
 3             32            0 
 4             32            0 
