 1             1             0 
 2             1             0 
 3             1             0 
 4             1             0 
 1             2             1 
 2             2             1 
 3             2             0 
 4             2             1 
 1             3             5 
 2             3             5 
 3             3             0 
 4             3             3 
 1             4             5 
 2             4             0 
 3             4             2 
 4             4             2 
 1             5             6 
 2             5             6 
 3             5             3 
 4             5             0 
 1             6             3 
 2             6             0 
 3             6             3 
 4             6             4 
 1             7             3 
 2             7             3 
 3             7             2 
 4             7             0 
 1             8             4 
 2             8             0 
 3             8             5 
 4             8             5 
 1             9             3 
 2             9             6 
 3             9             2 
 4             9             0 
 1             10            0 
 2             10            3 
 3             10            5 
 4             10            2 
 1             11            7 
 2             11            2 
 3             11            0 
 4             11            3 
 1             12            6 
 2             12            2 
 3             12            10 
 4             12            0 
 1             13            0 
 2             13            5 
 3             13            4 
 4             13            6 
 1             14            0 
 2             14            2 
 3             14            4 
 4             14            4 
 1             15            2 
 2             15            5 
 3             15            0 
 4             15            3 
 1             16            1 
 2             16            0 
 3             16            4 
 4             16            4 
 1             17            6 
 2             17            4 
 3             17            6 
 4             17            0 
 1             18            7 
 2             18            0 
 3             18            2 
 4             18            5 
 1             19            2 
 2             19            0 
 3             19            7 
 4             19            3 
 1             20            3 
 2             20            0 
 3             20            4 
 4             20            3 
 1             21            2 
 2             21            6 
 3             21            3 
 4             21            0 
 1             22            10 
 2             22            1 
 3             22            0 
 4             22            3 
 1             23            0 
 2             23            4 
 3             23            3 
 4             23            7 
 1             24            2 
 2             24            7 
 3             24            0 
 4             24            8 
 1             25            0 
 2             25            3 
 3             25            2 
 4             25            3 
 1             26            0 
 2             26            6 
 3             26            2 
 4             26            4 
 1             27            4 
 2             27            4 
 3             27            0 
 4             27            4 
 1             28            1 
 2             28            0 
 3             28            3 
 4             28            8 
 1             29            6 
 2             29            6 
 3             29            9 
 4             29            0 
 1             30            2 
 2             30            3 
 3             30            0 
 4             30            4 
 1             31            5 
 2             31            0 
 3             31            3 
 4             31            3 
 1             32            0 
 2             32            0 
 3             32            0 
 4             32            0 
