 1             1             0 
 2             1             0 
 3             1             0 
 4             1             0 
 1             2             0 
 2             2             1 
 3             2             1 
 4             2             1 
 1             3             1 
 2             3             7 
 3             3             4 
 4             3             0 
 1             4             0 
 2             4             7 
 3             4             4 
 4             4             5 
 1             5             0 
 2             5             2 
 3             5             4 
 4             5             5 
 1             6             9 
 2             6             6 
 3             6             6 
 4             6             0 
 1             7             5 
 2             7             0 
 3             7             5 
 4             7             6 
 1             8             2 
 2             8             0 
 3             8             3 
 4             8             4 
 1             9             5 
 2             9             4 
 3             9             7 
 4             9             0 
 1             10            3 
 2             10            3 
 3             10            2 
 4             10            0 
 1             11            4 
 2             11            2 
 3             11            0 
 4             11            4 
 1             12            1 
 2             12            0 
 3             12            7 
 4             12            4 
 1             13            0 
 2             13            7 
 3             13            5 
 4             13            4 
 1             14            5 
 2             14            0 
 3             14            3 
 4             14            4 
 1             15            3 
 2             15            5 
 3             15            0 
 4             15            6 
 1             16            4 
 2             16            3 
 3             16            4 
 4             16            0 
 1             17            0 
 2             17            2 
 3             17            6 
 4             17            4 
 1             18            4 
 2             18            3 
 3             18            0 
 4             18            4 
 1             19            5 
 2             19            6 
 3             19            4 
 4             19            0 
 1             20            0 
 2             20            7 
 3             20            4 
 4             20            2 
 1             21            4 
 2             21            5 
 3             21            0 
 4             21            5 
 1             22            6 
 2             22            0 
 3             22            3 
 4             22            5 
 1             23            3 
 2             23            2 
 3             23            6 
 4             23            0 
 1             24            2 
 2             24            5 
 3             24            1 
 4             24            0 
 1             25            0 
 2             25            3 
 3             25            4 
 4             25            3 
 1             26            4 
 2             26            3 
 3             26            0 
 4             26            4 
 1             27            0 
 2             27            3 
 3             27            3 
 4             27            5 
 1             28            5 
 2             28            0 
 3             28            5 
 4             28            3 
 1             29            5 
 2             29            3 
 3             29            0 
 4             29            4 
 1             30            0 
 2             30            3 
 3             30            2 
 4             30            4 
 1             31            4 
 2             31            0 
 3             31            3 
 4             31            2 
 1             32            0 
 2             32            0 
 3             32            0 
 4             32            0 
