 1             1             0 
 2             1             0 
 3             1             0 
 4             1             0 
 1             2             0 
 2             2             1 
 3             2             1 
 4             2             1 
 1             3             2 
 2             3             6 
 3             3             5 
 4             3             0 
 1             4             6 
 2             4             0 
 3             4             5 
 4             4             3 
 1             5             5 
 2             5             4 
 3             5             0 
 4             5             4 
 1             6             5 
 2             6             2 
 3             6             0 
 4             6             4 
 1             7             5 
 2             7             8 
 3             7             2 
 4             7             0 
 1             8             6 
 2             8             5 
 3             8             0 
 4             8             4 
 1             9             1 
 2             9             5 
 3             9             4 
 4             9             0 
 1             10            0 
 2             10            5 
 3             10            5 
 4             10            5 
 1             11            0 
 2             11            3 
 3             11            4 
 4             11            6 
 1             12            3 
 2             12            3 
 3             12            0 
 4             12            3 
 1             13            0 
 2             13            5 
 3             13            6 
 4             13            8 
 1             14            3 
 2             14            0 
 3             14            7 
 4             14            3 
 1             15            4 
 2             15            1 
 3             15            3 
 4             15            0 
 1             16            0 
 2             16            5 
 3             16            1 
 4             16            4 
 1             17            0 
 2             17            4 
 3             17            3 
 4             17            4 
 1             18            0 
 2             18            6 
 3             18            5 
 4             18            1 
 1             19            6 
 2             19            4 
 3             19            0 
 4             19            5 
 1             20            5 
 2             20            1 
 3             20            0 
 4             20            5 
 1             21            1 
 2             21            4 
 3             21            0 
 4             21            4 
 1             22            0 
 2             22            2 
 3             22            5 
 4             22            6 
 1             23            0 
 2             23            2 
 3             23            3 
 4             23            3 
 1             24            3 
 2             24            0 
 3             24            4 
 4             24            5 
 1             25            6 
 2             25            0 
 3             25            7 
 4             25            2 
 1             26            1 
 2             26            5 
 3             26            0 
 4             26            4 
 1             27            10 
 2             27            7 
 3             27            5 
 4             27            0 
 1             28            0 
 2             28            4 
 3             28            3 
 4             28            2 
 1             29            4 
 2             29            3 
 3             29            0 
 4             29            4 
 1             30            1 
 2             30            0 
 3             30            2 
 4             30            2 
 1             31            3 
 2             31            5 
 3             31            0 
 4             31            8 
 1             32            0 
 2             32            0 
 3             32            0 
 4             32            0 
