 1             1             0 
 2             1             0 
 3             1             0 
 4             1             0 
 1             2             1 
 2             2             1 
 3             2             0 
 4             2             1 
 1             3             6 
 2             3             0 
 3             3             1 
 4             3             3 
 1             4             5 
 2             4             0 
 3             4             2 
 4             4             8 
 1             5             5 
 2             5             5 
 3             5             0 
 4             5             2 
 1             6             2 
 2             6             2 
 3             6             0 
 4             6             4 
 1             7             5 
 2             7             5 
 3             7             2 
 4             7             0 
 1             8             0 
 2             8             4 
 3             8             4 
 4             8             4 
 1             9             4 
 2             9             7 
 3             9             0 
 4             9             5 
 1             10            0 
 2             10            4 
 3             10            5 
 4             10            3 
 1             11            4 
 2             11            0 
 3             11            4 
 4             11            3 
 1             12            0 
 2             12            6 
 3             12            4 
 4             12            3 
 1             13            0 
 2             13            3 
 3             13            4 
 4             13            7 
 1             14            4 
 2             14            5 
 3             14            1 
 4             14            0 
 1             15            4 
 2             15            0 
 3             15            5 
 4             15            5 
 1             16            5 
 2             16            0 
 3             16            4 
 4             16            5 
 1             17            6 
 2             17            6 
 3             17            4 
 4             17            0 
 1             18            2 
 2             18            0 
 3             18            6 
 4             18            3 
 1             19            4 
 2             19            2 
 3             19            4 
 4             19            0 
 1             20            0 
 2             20            2 
 3             20            2 
 4             20            7 
 1             21            1 
 2             21            2 
 3             21            7 
 4             21            0 
 1             22            3 
 2             22            4 
 3             22            0 
 4             22            2 
 1             23            5 
 2             23            4 
 3             23            6 
 4             23            0 
 1             24            4 
 2             24            7 
 3             24            0 
 4             24            3 
 1             25            6 
 2             25            0 
 3             25            3 
 4             25            3 
 1             26            2 
 2             26            5 
 3             26            4 
 4             26            0 
 1             27            3 
 2             27            0 
 3             27            4 
 4             27            5 
 1             28            0 
 2             28            4 
 3             28            6 
 4             28            5 
 1             29            0 
 2             29            2 
 3             29            6 
 4             29            3 
 1             30            7 
 2             30            0 
 3             30            4 
 4             30            4 
 1             31            0 
 2             31            4 
 3             31            4 
 4             31            4 
 1             32            0 
 2             32            0 
 3             32            0 
 4             32            0 
