 1             1             0 
 2             1             0 
 3             1             0 
 4             1             0 
 1             2             1 
 2             2             1 
 3             2             0 
 4             2             1 
 1             3             6 
 2             3             5 
 3             3             0 
 4             3             5 
 1             4             4 
 2             4             2 
 3             4             1 
 4             4             0 
 1             5             4 
 2             5             6 
 3             5             6 
 4             5             0 
 1             6             3 
 2             6             5 
 3             6             2 
 4             6             0 
 1             7             3 
 2             7             6 
 3             7             5 
 4             7             0 
 1             8             4 
 2             8             0 
 3             8             4 
 4             8             7 
 1             9             7 
 2             9             4 
 3             9             5 
 4             9             0 
 1             10            5 
 2             10            3 
 3             10            3 
 4             10            0 
 1             11            2 
 2             11            0 
 3             11            3 
 4             11            2 
 1             12            3 
 2             12            2 
 3             12            3 
 4             12            0 
 1             13            0 
 2             13            6 
 3             13            4 
 4             13            4 
 1             14            0 
 2             14            2 
 3             14            2 
 4             14            3 
 1             15            4 
 2             15            0 
 3             15            7 
 4             15            6 
 1             16            7 
 2             16            3 
 3             16            0 
 4             16            4 
 1             17            0 
 2             17            4 
 3             17            9 
 4             17            2 
 1             18            5 
 2             18            0 
 3             18            5 
 4             18            4 
 1             19            6 
 2             19            5 
 3             19            2 
 4             19            0 
 1             20            2 
 2             20            0 
 3             20            4 
 4             20            5 
 1             21            5 
 2             21            4 
 3             21            0 
 4             21            7 
 1             22            4 
 2             22            6 
 3             22            0 
 4             22            6 
 1             23            0 
 2             23            3 
 3             23            5 
 4             23            3 
 1             24            2 
 2             24            0 
 3             24            5 
 4             24            5 
 1             25            0 
 2             25            5 
 3             25            2 
 4             25            3 
 1             26            3 
 2             26            0 
 3             26            4 
 4             26            1 
 1             27            0 
 2             27            5 
 3             27            3 
 4             27            4 
 1             28            5 
 2             28            0 
 3             28            3 
 4             28            5 
 1             29            0 
 2             29            3 
 3             29            6 
 4             29            3 
 1             30            0 
 2             30            3 
 3             30            3 
 4             30            6 
 1             31            3 
 2             31            5 
 3             31            0 
 4             31            2 
 1             32            0 
 2             32            0 
 3             32            0 
 4             32            0 
