 1             1             0 
 2             1             0 
 3             1             0 
 4             1             0 
 1             2             1 
 2             2             1 
 3             2             1 
 4             2             0 
 1             3             7 
 2             3             0 
 3             3             1 
 4             3             1 
 1             4             0 
 2             4             4 
 3             4             7 
 4             4             3 
 1             5             0 
 2             5             5 
 3             5             4 
 4             5             6 
 1             6             2 
 2             6             0 
 3             6             7 
 4             6             4 
 1             7             3 
 2             7             3 
 3             7             0 
 4             7             6 
 1             8             0 
 2             8             2 
 3             8             2 
 4             8             1 
 1             9             6 
 2             9             4 
 3             9             0 
 4             9             2 
 1             10            2 
 2             10            0 
 3             10            4 
 4             10            5 
 1             11            4 
 2             11            4 
 3             11            0 
 4             11            5 
 1             12            2 
 2             12            4 
 3             12            0 
 4             12            3 
 1             13            0 
 2             13            2 
 3             13            1 
 4             13            4 
 1             14            3 
 2             14            4 
 3             14            0 
 4             14            4 
 1             15            0 
 2             15            7 
 3             15            5 
 4             15            3 
 1             16            8 
 2             16            4 
 3             16            0 
 4             16            4 
 1             17            0 
 2             17            7 
 3             17            6 
 4             17            2 
 1             18            3 
 2             18            6 
 3             18            5 
 4             18            0 
 1             19            4 
 2             19            6 
 3             19            6 
 4             19            0 
 1             20            0 
 2             20            3 
 3             20            4 
 4             20            4 
 1             21            6 
 2             21            4 
 3             21            2 
 4             21            0 
 1             22            7 
 2             22            5 
 3             22            0 
 4             22            2 
 1             23            4 
 2             23            0 
 3             23            6 
 4             23            4 
 1             24            4 
 2             24            2 
 3             24            0 
 4             24            7 
 1             25            5 
 2             25            0 
 3             25            3 
 4             25            5 
 1             26            0 
 2             26            4 
 3             26            4 
 4             26            5 
 1             27            0 
 2             27            3 
 3             27            2 
 4             27            5 
 1             28            0 
 2             28            4 
 3             28            5 
 4             28            4 
 1             29            3 
 2             29            5 
 3             29            5 
 4             29            0 
 1             30            2 
 2             30            5 
 3             30            3 
 4             30            0 
 1             31            0 
 2             31            2 
 3             31            5 
 4             31            7 
 1             32            0 
 2             32            0 
 3             32            0 
 4             32            0 
