 1             1             0 
 2             1             0 
 3             1             0 
 4             1             0 
 1             2             1 
 2             2             0 
 3             2             1 
 4             2             1 
 1             3             3 
 2             3             1 
 3             3             0 
 4             3             1 
 1             4             5 
 2             4             2 
 3             4             3 
 4             4             0 
 1             5             4 
 2             5             4 
 3             5             0 
 4             5             3 
 1             6             2 
 2             6             0 
 3             6             5 
 4             6             4 
 1             7             4 
 2             7             0 
 3             7             3 
 4             7             3 
 1             8             2 
 2             8             0 
 3             8             5 
 4             8             6 
 1             9             3 
 2             9             5 
 3             9             0 
 4             9             6 
 1             10            0 
 2             10            3 
 3             10            4 
 4             10            6 
 1             11            5 
 2             11            6 
 3             11            5 
 4             11            0 
 1             12            0 
 2             12            3 
 3             12            4 
 4             12            6 
 1             13            5 
 2             13            5 
 3             13            0 
 4             13            3 
 1             14            2 
 2             14            3 
 3             14            2 
 4             14            0 
 1             15            5 
 2             15            3 
 3             15            7 
 4             15            0 
 1             16            7 
 2             16            4 
 3             16            0 
 4             16            5 
 1             17            0 
 2             17            7 
 3             17            3 
 4             17            4 
 1             18            6 
 2             18            0 
 3             18            3 
 4             18            4 
 1             19            4 
 2             19            8 
 3             19            6 
 4             19            0 
 1             20            2 
 2             20            3 
 3             20            3 
 4             20            0 
 1             21            0 
 2             21            5 
 3             21            4 
 4             21            2 
 1             22            6 
 2             22            0 
 3             22            5 
 4             22            4 
 1             23            3 
 2             23            2 
 3             23            4 
 4             23            0 
 1             24            6 
 2             24            2 
 3             24            0 
 4             24            2 
 1             25            5 
 2             25            0 
 3             25            5 
 4             25            5 
 1             26            3 
 2             26            5 
 3             26            0 
 4             26            3 
 1             27            0 
 2             27            4 
 3             27            4 
 4             27            4 
 1             28            6 
 2             28            4 
 3             28            0 
 4             28            6 
 1             29            3 
 2             29            0 
 3             29            4 
 4             29            5 
 1             30            2 
 2             30            5 
 3             30            0 
 4             30            5 
 1             31            6 
 2             31            4 
 3             31            0 
 4             31            4 
 1             32            0 
 2             32            0 
 3             32            0 
 4             32            0 
