 1             1             0 
 2             1             0 
 3             1             0 
 4             1             0 
 1             2             1 
 2             2             1 
 3             2             0 
 4             2             1 
 1             3             0 
 2             3             4 
 3             3             1 
 4             3             6 
 1             4             2 
 2             4             0 
 3             4             6 
 4             4             3 
 1             5             1 
 2             5             5 
 3             5             2 
 4             5             0 
 1             6             6 
 2             6             4 
 3             6             0 
 4             6             4 
 1             7             4 
 2             7             0 
 3             7             6 
 4             7             3 
 1             8             0 
 2             8             2 
 3             8             4 
 4             8             3 
 1             9             7 
 2             9             0 
 3             9             6 
 4             9             5 
 1             10            6 
 2             10            6 
 3             10            0 
 4             10            7 
 1             11            5 
 2             11            0 
 3             11            5 
 4             11            6 
 1             12            6 
 2             12            0 
 3             12            6 
 4             12            6 
 1             13            8 
 2             13            6 
 3             13            0 
 4             13            3 
 1             14            4 
 2             14            3 
 3             14            0 
 4             14            4 
 1             15            3 
 2             15            0 
 3             15            4 
 4             15            3 
 1             16            5 
 2             16            4 
 3             16            3 
 4             16            0 
 1             17            1 
 2             17            3 
 3             17            4 
 4             17            0 
 1             18            2 
 2             18            0 
 3             18            1 
 4             18            2 
 1             19            1 
 2             19            0 
 3             19            7 
 4             19            5 
 1             20            4 
 2             20            2 
 3             20            0 
 4             20            3 
 1             21            9 
 2             21            0 
 3             21            6 
 4             21            4 
 1             22            4 
 2             22            5 
 3             22            0 
 4             22            2 
 1             23            5 
 2             23            7 
 3             23            0 
 4             23            3 
 1             24            3 
 2             24            6 
 3             24            5 
 4             24            0 
 1             25            0 
 2             25            4 
 3             25            1 
 4             25            3 
 1             26            6 
 2             26            5 
 3             26            3 
 4             26            0 
 1             27            5 
 2             27            4 
 3             27            0 
 4             27            5 
 1             28            3 
 2             28            4 
 3             28            3 
 4             28            0 
 1             29            4 
 2             29            2 
 3             29            0 
 4             29            7 
 1             30            1 
 2             30            3 
 3             30            0 
 4             30            4 
 1             31            2 
 2             31            4 
 3             31            3 
 4             31            0 
 1             32            0 
 2             32            0 
 3             32            0 
 4             32            0 
