 1             1             0 
 2             1             0 
 3             1             0 
 4             1             0 
 1             2             0 
 2             2             1 
 3             2             1 
 4             2             1 
 1             3             1 
 2             3             7 
 3             3             2 
 4             3             0 
 1             4             2 
 2             4             4 
 3             4             4 
 4             4             0 
 1             5             0 
 2             5             3 
 3             5             4 
 4             5             6 
 1             6             6 
 2             6             0 
 3             6             3 
 4             6             7 
 1             7             0 
 2             7             4 
 3             7             6 
 4             7             4 
 1             8             3 
 2             8             0 
 3             8             8 
 4             8             5 
 1             9             3 
 2             9             7 
 3             9             0 
 4             9             4 
 1             10            8 
 2             10            0 
 3             10            2 
 4             10            2 
 1             11            0 
 2             11            4 
 3             11            4 
 4             11            4 
 1             12            4 
 2             12            0 
 3             12            2 
 4             12            2 
 1             13            0 
 2             13            5 
 3             13            4 
 4             13            2 
 1             14            6 
 2             14            5 
 3             14            0 
 4             14            2 
 1             15            0 
 2             15            4 
 3             15            4 
 4             15            7 
 1             16            3 
 2             16            5 
 3             16            0 
 4             16            3 
 1             17            6 
 2             17            1 
 3             17            0 
 4             17            6 
 1             18            8 
 2             18            0 
 3             18            8 
 4             18            3 
 1             19            4 
 2             19            0 
 3             19            4 
 4             19            3 
 1             20            6 
 2             20            0 
 3             20            5 
 4             20            8 
 1             21            5 
 2             21            3 
 3             21            2 
 4             21            0 
 1             22            3 
 2             22            5 
 3             22            0 
 4             22            6 
 1             23            2 
 2             23            4 
 3             23            0 
 4             23            2 
 1             24            0 
 2             24            1 
 3             24            6 
 4             24            4 
 1             25            5 
 2             25            8 
 3             25            5 
 4             25            0 
 1             26            3 
 2             26            2 
 3             26            0 
 4             26            5 
 1             27            1 
 2             27            0 
 3             27            3 
 4             27            3 
 1             28            2 
 2             28            0 
 3             28            4 
 4             28            4 
 1             29            0 
 2             29            2 
 3             29            3 
 4             29            5 
 1             30            0 
 2             30            5 
 3             30            4 
 4             30            3 
 1             31            3 
 2             31            0 
 3             31            4 
 4             31            3 
 1             32            0 
 2             32            0 
 3             32            0 
 4             32            0 
