 1             1             0 
 2             1             0 
 3             1             0 
 4             1             0 
 1             2             1 
 2             2             1 
 3             2             0 
 4             2             1 
 1             3             3 
 2             3             0 
 3             3             1 
 4             3             6 
 1             4             3 
 2             4             0 
 3             4             4 
 4             4             4 
 1             5             0 
 2             5             6 
 3             5             3 
 4             5             2 
 1             6             4 
 2             6             4 
 3             6             3 
 4             6             0 
 1             7             3 
 2             7             3 
 3             7             7 
 4             7             0 
 1             8             3 
 2             8             6 
 3             8             6 
 4             8             0 
 1             9             3 
 2             9             2 
 3             9             5 
 4             9             0 
 1             10            0 
 2             10            8 
 3             10            7 
 4             10            7 
 1             11            0 
 2             11            6 
 3             11            7 
 4             11            2 
 1             12            5 
 2             12            0 
 3             12            4 
 4             12            5 
 1             13            4 
 2             13            3 
 3             13            2 
 4             13            0 
 1             14            3 
 2             14            3 
 3             14            3 
 4             14            0 
 1             15            7 
 2             15            0 
 3             15            4 
 4             15            6 
 1             16            6 
 2             16            2 
 3             16            6 
 4             16            0 
 1             17            0 
 2             17            4 
 3             17            5 
 4             17            2 
 1             18            6 
 2             18            0 
 3             18            2 
 4             18            5 
 1             19            7 
 2             19            1 
 3             19            0 
 4             19            5 
 1             20            2 
 2             20            0 
 3             20            3 
 4             20            4 
 1             21            1 
 2             21            3 
 3             21            3 
 4             21            0 
 1             22            7 
 2             22            5 
 3             22            2 
 4             22            0 
 1             23            6 
 2             23            0 
 3             23            4 
 4             23            3 
 1             24            3 
 2             24            2 
 3             24            0 
 4             24            2 
 1             25            6 
 2             25            5 
 3             25            2 
 4             25            0 
 1             26            5 
 2             26            0 
 3             26            4 
 4             26            5 
 1             27            3 
 2             27            6 
 3             27            0 
 4             27            3 
 1             28            0 
 2             28            6 
 3             28            5 
 4             28            3 
 1             29            3 
 2             29            5 
 3             29            4 
 4             29            0 
 1             30            3 
 2             30            0 
 3             30            4 
 4             30            5 
 1             31            3 
 2             31            3 
 3             31            0 
 4             31            6 
 1             32            0 
 2             32            0 
 3             32            0 
 4             32            0 
