 1             1             0 
 2             1             0 
 3             1             0 
 4             1             0 
 1             2             1 
 2             2             1 
 3             2             0 
 4             2             1 
 1             3             8 
 2             3             0 
 3             3             1 
 4             3             6 
 1             4             5 
 2             4             0 
 3             4             6 
 4             4             2 
 1             5             3 
 2             5             5 
 3             5             6 
 4             5             0 
 1             6             5 
 2             6             4 
 3             6             0 
 4             6             3 
 1             7             5 
 2             7             5 
 3             7             0 
 4             7             2 
 1             8             4 
 2             8             2 
 3             8             0 
 4             8             5 
 1             9             2 
 2             9             4 
 3             9             0 
 4             9             3 
 1             10            4 
 2             10            4 
 3             10            3 
 4             10            0 
 1             11            0 
 2             11            3 
 3             11            7 
 4             11            5 
 1             12            4 
 2             12            4 
 3             12            0 
 4             12            5 
 1             13            4 
 2             13            5 
 3             13            0 
 4             13            4 
 1             14            5 
 2             14            0 
 3             14            3 
 4             14            5 
 1             15            5 
 2             15            3 
 3             15            3 
 4             15            0 
 1             16            6 
 2             16            0 
 3             16            2 
 4             16            5 
 1             17            4 
 2             17            5 
 3             17            0 
 4             17            7 
 1             18            4 
 2             18            0 
 3             18            5 
 4             18            2 
 1             19            5 
 2             19            7 
 3             19            4 
 4             19            0 
 1             20            1 
 2             20            4 
 3             20            0 
 4             20            3 
 1             21            2 
 2             21            0 
 3             21            4 
 4             21            3 
 1             22            2 
 2             22            5 
 3             22            0 
 4             22            5 
 1             23            3 
 2             23            0 
 3             23            7 
 4             23            6 
 1             24            5 
 2             24            5 
 3             24            0 
 4             24            6 
 1             25            3 
 2             25            5 
 3             25            0 
 4             25            1 
 1             26            6 
 2             26            0 
 3             26            3 
 4             26            3 
 1             27            6 
 2             27            2 
 3             27            0 
 4             27            4 
 1             28            3 
 2             28            3 
 3             28            2 
 4             28            0 
 1             29            5 
 2             29            6 
 3             29            4 
 4             29            0 
 1             30            4 
 2             30            3 
 3             30            0 
 4             30            7 
 1             31            2 
 2             31            3 
 3             31            0 
 4             31            3 
 1             32            0 
 2             32            0 
 3             32            0 
 4             32            0 
