 1             1             0 
 2             1             0 
 3             1             0 
 4             1             0 
 1             2             1 
 2             2             0 
 3             2             1 
 4             2             2 
 1             3             3 
 2             3             1 
 3             3             0 
 4             3             1 
 1             4             7 
 2             4             5 
 3             4             0 
 4             4             10 
 1             5             0 
 2             5             3 
 3             5             4 
 4             5             1 
 1             6             2 
 2             6             4 
 3             6             0 
 4             6             4 
 1             7             8 
 2             7             0 
 3             7             3 
 4             7             7 
 1             8             5 
 2             8             0 
 3             8             7 
 4             8             5 
 1             9             3 
 2             9             4 
 3             9             0 
 4             9             2 
 1             10            4 
 2             10            5 
 3             10            3 
 4             10            0 
 1             11            3 
 2             11            2 
 3             11            0 
 4             11            5 
 1             12            2 
 2             12            0 
 3             12            4 
 4             12            4 
 1             13            6 
 2             13            4 
 3             13            0 
 4             13            4 
 1             14            1 
 2             14            1 
 3             14            0 
 4             14            2 
 1             15            5 
 2             15            0 
 3             15            4 
 4             15            5 
 1             16            6 
 2             16            6 
 3             16            2 
 4             16            0 
 1             17            4 
 2             17            6 
 3             17            7 
 4             17            0 
 1             18            2 
 2             18            5 
 3             18            0 
 4             18            3 
 1             19            7 
 2             19            0 
 3             19            2 
 4             19            2 
 1             20            0 
 2             20            3 
 3             20            3 
 4             20            5 
 1             21            0 
 2             21            4 
 3             21            8 
 4             21            5 
 1             22            2 
 2             22            5 
 3             22            4 
 4             22            0 
 1             23            3 
 2             23            5 
 3             23            0 
 4             23            4 
 1             24            2 
 2             24            6 
 3             24            6 
 4             24            0 
 1             25            4 
 2             25            0 
 3             25            6 
 4             25            7 
 1             26            0 
 2             26            2 
 3             26            4 
 4             26            6 
 1             27            0 
 2             27            10 
 3             27            3 
 4             27            3 
 1             28            0 
 2             28            2 
 3             28            2 
 4             28            5 
 1             29            5 
 2             29            0 
 3             29            3 
 4             29            1 
 1             30            8 
 2             30            1 
 3             30            2 
 4             30            0 
 1             31            3 
 2             31            0 
 3             31            6 
 4             31            3 
 1             32            0 
 2             32            0 
 3             32            0 
 4             32            0 
