 1             1             0 
 2             1             0 
 3             1             0 
 4             1             0 
 1             2             3 
 2             2             0 
 3             2             1 
 4             2             1 
 1             3             2 
 2             3             0 
 3             3             4 
 4             3             3 
 1             4             6 
 2             4             0 
 3             4             6 
 4             4             3 
 1             5             1 
 2             5             1 
 3             5             0 
 4             5             2 
 1             6             4 
 2             6             6 
 3             6             6 
 4             6             0 
 1             7             3 
 2             7             4 
 3             7             0 
 4             7             3 
 1             8             4 
 2             8             0 
 3             8             1 
 4             8             2 
 1             9             4 
 2             9             5 
 3             9             0 
 4             9             4 
 1             10            4 
 2             10            5 
 3             10            6 
 4             10            0 
 1             11            5 
 2             11            0 
 3             11            1 
 4             11            4 
 1             12            0 
 2             12            6 
 3             12            6 
 4             12            4 
 1             13            6 
 2             13            0 
 3             13            5 
 4             13            3 
 1             14            2 
 2             14            0 
 3             14            1 
 4             14            3 
 1             15            2 
 2             15            3 
 3             15            0 
 4             15            3 
 1             16            10 
 2             16            5 
 3             16            5 
 4             16            0 
 1             17            4 
 2             17            0 
 3             17            4 
 4             17            3 
 1             18            0 
 2             18            3 
 3             18            5 
 4             18            7 
 1             19            8 
 2             19            0 
 3             19            4 
 4             19            8 
 1             20            4 
 2             20            3 
 3             20            0 
 4             20            10 
 1             21            5 
 2             21            0 
 3             21            2 
 4             21            6 
 1             22            6 
 2             22            5 
 3             22            6 
 4             22            0 
 1             23            2 
 2             23            3 
 3             23            0 
 4             23            4 
 1             24            3 
 2             24            5 
 3             24            5 
 4             24            0 
 1             25            2 
 2             25            5 
 3             25            6 
 4             25            0 
 1             26            0 
 2             26            2 
 3             26            3 
 4             26            5 
 1             27            4 
 2             27            1 
 3             27            0 
 4             27            5 
 1             28            2 
 2             28            0 
 3             28            3 
 4             28            3 
 1             29            2 
 2             29            5 
 3             29            5 
 4             29            0 
 1             30            6 
 2             30            5 
 3             30            2 
 4             30            0 
 1             31            0 
 2             31            4 
 3             31            5 
 4             31            2 
 1             32            0 
 2             32            0 
 3             32            0 
 4             32            0 
