 1             1             0 
 2             1             0 
 3             1             0 
 4             1             0 
 1             2             0 
 2             2             1 
 3             2             1 
 4             2             1 
 1             3             1 
 2             3             0 
 3             3             6 
 4             3             5 
 1             4             3 
 2             4             6 
 3             4             4 
 4             4             0 
 1             5             0 
 2             5             7 
 3             5             5 
 4             5             2 
 1             6             5 
 2             6             4 
 3             6             4 
 4             6             0 
 1             7             4 
 2             7             5 
 3             7             5 
 4             7             0 
 1             8             3 
 2             8             5 
 3             8             0 
 4             8             3 
 1             9             0 
 2             9             5 
 3             9             3 
 4             9             5 
 1             10            0 
 2             10            4 
 3             10            2 
 4             10            6 
 1             11            4 
 2             11            4 
 3             11            4 
 4             11            0 
 1             12            7 
 2             12            4 
 3             12            6 
 4             12            0 
 1             13            5 
 2             13            3 
 3             13            0 
 4             13            4 
 1             14            0 
 2             14            3 
 3             14            3 
 4             14            3 
 1             15            2 
 2             15            3 
 3             15            0 
 4             15            4 
 1             16            4 
 2             16            2 
 3             16            4 
 4             16            0 
 1             17            3 
 2             17            0 
 3             17            6 
 4             17            4 
 1             18            5 
 2             18            4 
 3             18            0 
 4             18            3 
 1             19            3 
 2             19            0 
 3             19            6 
 4             19            5 
 1             20            3 
 2             20            7 
 3             20            7 
 4             20            0 
 1             21            4 
 2             21            3 
 3             21            2 
 4             21            0 
 1             22            5 
 2             22            0 
 3             22            2 
 4             22            4 
 1             23            4 
 2             23            0 
 3             23            5 
 4             23            4 
 1             24            3 
 2             24            0 
 3             24            3 
 4             24            3 
 1             25            8 
 2             25            2 
 3             25            0 
 4             25            7 
 1             26            0 
 2             26            5 
 3             26            4 
 4             26            4 
 1             27            0 
 2             27            4 
 3             27            4 
 4             27            6 
 1             28            4 
 2             28            4 
 3             28            4 
 4             28            0 
 1             29            5 
 2             29            3 
 3             29            4 
 4             29            0 
 1             30            4 
 2             30            0 
 3             30            4 
 4             30            3 
 1             31            3 
 2             31            4 
 3             31            2 
 4             31            0 
 1             32            0 
 2             32            0 
 3             32            0 
 4             32            0 
