 1             1             0 
 2             1             0 
 3             1             0 
 4             1             0 
 1             2             1 
 2             2             0 
 3             2             1 
 4             2             1 
 1             3             3 
 2             3             1 
 3             3             0 
 4             3             3 
 1             4             5 
 2             4             5 
 3             4             8 
 4             4             0 
 1             5             0 
 2             5             1 
 3             5             2 
 4             5             2 
 1             6             2 
 2             6             0 
 3             6             2 
 4             6             7 
 1             7             2 
 2             7             0 
 3             7             3 
 4             7             2 
 1             8             6 
 2             8             4 
 3             8             0 
 4             8             2 
 1             9             3 
 2             9             5 
 3             9             0 
 4             9             3 
 1             10            7 
 2             10            5 
 3             10            0 
 4             10            6 
 1             11            4 
 2             11            0 
 3             11            2 
 4             11            3 
 1             12            5 
 2             12            9 
 3             12            0 
 4             12            4 
 1             13            5 
 2             13            0 
 3             13            3 
 4             13            4 
 1             14            0 
 2             14            5 
 3             14            2 
 4             14            6 
 1             15            4 
 2             15            2 
 3             15            8 
 4             15            0 
 1             16            4 
 2             16            2 
 3             16            4 
 4             16            0 
 1             17            1 
 2             17            0 
 3             17            2 
 4             17            4 
 1             18            8 
 2             18            4 
 3             18            4 
 4             18            0 
 1             19            4 
 2             19            5 
 3             19            4 
 4             19            0 
 1             20            0 
 2             20            5 
 3             20            8 
 4             20            5 
 1             21            2 
 2             21            2 
 3             21            4 
 4             21            0 
 1             22            0 
 2             22            3 
 3             22            2 
 4             22            4 
 1             23            0 
 2             23            4 
 3             23            3 
 4             23            8 
 1             24            6 
 2             24            5 
 3             24            5 
 4             24            0 
 1             25            0 
 2             25            2 
 3             25            5 
 4             25            4 
 1             26            0 
 2             26            3 
 3             26            5 
 4             26            4 
 1             27            3 
 2             27            5 
 3             27            0 
 4             27            7 
 1             28            4 
 2             28            0 
 3             28            5 
 4             28            2 
 1             29            6 
 2             29            3 
 3             29            4 
 4             29            0 
 1             30            4 
 2             30            8 
 3             30            6 
 4             30            0 
 1             31            3 
 2             31            0 
 3             31            4 
 4             31            3 
 1             32            0 
 2             32            0 
 3             32            0 
 4             32            0 
