 1             1             0 
 2             1             0 
 3             1             0 
 4             1             0 
 1             2             1 
 2             2             1 
 3             2             1 
 4             2             0 
 1             3             2 
 2             3             0 
 3             3             2 
 4             3             1 
 1             4             2 
 2             4             5 
 3             4             0 
 4             4             7 
 1             5             0 
 2             5             3 
 3             5             4 
 4             5             9 
 1             6             4 
 2             6             0 
 3             6             4 
 4             6             4 
 1             7             4 
 2             7             4 
 3             7             3 
 4             7             0 
 1             8             4 
 2             8             3 
 3             8             0 
 4             8             3 
 1             9             0 
 2             9             4 
 3             9             6 
 4             9             8 
 1             10            0 
 2             10            4 
 3             10            7 
 4             10            5 
 1             11            7 
 2             11            3 
 3             11            8 
 4             11            0 
 1             12            8 
 2             12            2 
 3             12            2 
 4             12            0 
 1             13            0 
 2             13            5 
 3             13            3 
 4             13            3 
 1             14            0 
 2             14            3 
 3             14            3 
 4             14            3 
 1             15            4 
 2             15            5 
 3             15            2 
 4             15            0 
 1             16            0 
 2             16            5 
 3             16            2 
 4             16            3 
 1             17            4 
 2             17            0 
 3             17            8 
 4             17            3 
 1             18            1 
 2             18            5 
 3             18            4 
 4             18            0 
 1             19            0 
 2             19            5 
 3             19            6 
 4             19            5 
 1             20            3 
 2             20            0 
 3             20            7 
 4             20            3 
 1             21            3 
 2             21            0 
 3             21            5 
 4             21            4 
 1             22            0 
 2             22            2 
 3             22            3 
 4             22            2 
 1             23            7 
 2             23            0 
 3             23            1 
 4             23            2 
 1             24            6 
 2             24            0 
 3             24            4 
 4             24            3 
 1             25            0 
 2             25            7 
 3             25            1 
 4             25            4 
 1             26            6 
 2             26            5 
 3             26            0 
 4             26            5 
 1             27            0 
 2             27            7 
 3             27            2 
 4             27            2 
 1             28            3 
 2             28            4 
 3             28            4 
 4             28            0 
 1             29            3 
 2             29            4 
 3             29            0 
 4             29            3 
 1             30            4 
 2             30            3 
 3             30            6 
 4             30            0 
 1             31            0 
 2             31            3 
 3             31            6 
 4             31            6 
 1             32            0 
 2             32            0 
 3             32            0 
 4             32            0 
