 1             1             0 
 2             1             0 
 3             1             0 
 4             1             0 
 1             2             1 
 2             2             0 
 3             2             1 
 4             2             1 
 1             3             5 
 2             3             0 
 3             3             8 
 4             3             6 
 1             4             0 
 2             4             1 
 3             4             2 
 4             4             6 
 1             5             8 
 2             5             0 
 3             5             3 
 4             5             3 
 1             6             4 
 2             6             0 
 3             6             4 
 4             6             4 
 1             7             5 
 2             7             5 
 3             7             2 
 4             7             0 
 1             8             4 
 2             8             6 
 3             8             4 
 4             8             0 
 1             9             8 
 2             9             4 
 3             9             4 
 4             9             0 
 1             10            4 
 2             10            0 
 3             10            5 
 4             10            1 
 1             11            4 
 2             11            2 
 3             11            0 
 4             11            3 
 1             12            2 
 2             12            1 
 3             12            0 
 4             12            7 
 1             13            4 
 2             13            7 
 3             13            2 
 4             13            0 
 1             14            9 
 2             14            5 
 3             14            0 
 4             14            1 
 1             15            2 
 2             15            0 
 3             15            4 
 4             15            3 
 1             16            1 
 2             16            5 
 3             16            0 
 4             16            5 
 1             17            3 
 2             17            0 
 3             17            3 
 4             17            5 
 1             18            8 
 2             18            5 
 3             18            0 
 4             18            3 
 1             19            4 
 2             19            3 
 3             19            0 
 4             19            4 
 1             20            3 
 2             20            0 
 3             20            8 
 4             20            3 
 1             21            4 
 2             21            4 
 3             21            0 
 4             21            3 
 1             22            5 
 2             22            0 
 3             22            4 
 4             22            4 
 1             23            3 
 2             23            5 
 3             23            5 
 4             23            0 
 1             24            2 
 2             24            4 
 3             24            5 
 4             24            0 
 1             25            3 
 2             25            3 
 3             25            0 
 4             25            3 
 1             26            4 
 2             26            0 
 3             26            4 
 4             26            9 
 1             27            3 
 2             27            0 
 3             27            6 
 4             27            4 
 1             28            3 
 2             28            5 
 3             28            0 
 4             28            5 
 1             29            0 
 2             29            2 
 3             29            5 
 4             29            7 
 1             30            2 
 2             30            4 
 3             30            3 
 4             30            0 
 1             31            0 
 2             31            5 
 3             31            2 
 4             31            2 
 1             32            0 
 2             32            0 
 3             32            0 
 4             32            0 
