 1             1             0 
 2             1             0 
 3             1             0 
 4             1             0 
 1             2             1 
 2             2             1 
 3             2             1 
 4             2             0 
 1             3             2 
 2             3             3 
 3             3             0 
 4             3             1 
 1             4             4 
 2             4             3 
 3             4             5 
 4             4             0 
 1             5             4 
 2             5             3 
 3             5             0 
 4             5             4 
 1             6             0 
 2             6             3 
 3             6             4 
 4             6             7 
 1             7             0 
 2             7             3 
 3             7             6 
 4             7             5 
 1             8             5 
 2             8             0 
 3             8             4 
 4             8             3 
 1             9             6 
 2             9             0 
 3             9             2 
 4             9             5 
 1             10            3 
 2             10            5 
 3             10            0 
 4             10            4 
 1             11            5 
 2             11            6 
 3             11            6 
 4             11            0 
 1             12            4 
 2             12            4 
 3             12            0 
 4             12            3 
 1             13            0 
 2             13            2 
 3             13            4 
 4             13            4 
 1             14            0 
 2             14            3 
 3             14            2 
 4             14            5 
 1             15            0 
 2             15            4 
 3             15            5 
 4             15            5 
 1             16            3 
 2             16            0 
 3             16            4 
 4             16            3 
 1             17            0 
 2             17            4 
 3             17            5 
 4             17            1 
 1             18            3 
 2             18            7 
 3             18            3 
 4             18            0 
 1             19            2 
 2             19            5 
 3             19            0 
 4             19            3 
 1             20            3 
 2             20            5 
 3             20            5 
 4             20            0 
 1             21            3 
 2             21            4 
 3             21            0 
 4             21            5 
 1             22            5 
 2             22            4 
 3             22            0 
 4             22            3 
 1             23            8 
 2             23            0 
 3             23            5 
 4             23            4 
 1             24            3 
 2             24            6 
 3             24            0 
 4             24            5 
 1             25            7 
 2             25            0 
 3             25            3 
 4             25            3 
 1             26            4 
 2             26            0 
 3             26            3 
 4             26            5 
 1             27            0 
 2             27            3 
 3             27            5 
 4             27            4 
 1             28            5 
 2             28            6 
 3             28            0 
 4             28            4 
 1             29            0 
 2             29            6 
 3             29            4 
 4             29            7 
 1             30            4 
 2             30            0 
 3             30            4 
 4             30            4 
 1             31            0 
 2             31            2 
 3             31            4 
 4             31            3 
 1             32            0 
 2             32            0 
 3             32            0 
 4             32            0 
