 1             1             0 
 2             1             0 
 3             1             0 
 4             1             0 
 1             2             0 
 2             2             1 
 3             2             1 
 4             2             1 
 1             3             1 
 2             3             2 
 3             3             1 
 4             3             0 
 1             4             4 
 2             4             6 
 3             4             4 
 4             4             0 
 1             5             5 
 2             5             7 
 3             5             5 
 4             5             0 
 1             6             7 
 2             6             0 
 3             6             8 
 4             6             3 
 1             7             6 
 2             7             4 
 3             7             0 
 4             7             6 
 1             8             5 
 2             8             4 
 3             8             0 
 4             8             4 
 1             9             4 
 2             9             3 
 3             9             0 
 4             9             2 
 1             10            0 
 2             10            6 
 3             10            3 
 4             10            4 
 1             11            9 
 2             11            3 
 3             11            0 
 4             11            2 
 1             12            0 
 2             12            2 
 3             12            4 
 4             12            5 
 1             13            1 
 2             13            0 
 3             13            9 
 4             13            2 
 1             14            6 
 2             14            2 
 3             14            0 
 4             14            3 
 1             15            0 
 2             15            3 
 3             15            1 
 4             15            7 
 1             16            4 
 2             16            0 
 3             16            6 
 4             16            3 
 1             17            3 
 2             17            4 
 3             17            0 
 4             17            5 
 1             18            3 
 2             18            6 
 3             18            0 
 4             18            5 
 1             19            0 
 2             19            3 
 3             19            5 
 4             19            6 
 1             20            0 
 2             20            6 
 3             20            4 
 4             20            4 
 1             21            5 
 2             21            3 
 3             21            5 
 4             21            0 
 1             22            2 
 2             22            4 
 3             22            3 
 4             22            0 
 1             23            0 
 2             23            6 
 3             23            3 
 4             23            3 
 1             24            0 
 2             24            6 
 3             24            3 
 4             24            7 
 1             25            0 
 2             25            3 
 3             25            3 
 4             25            3 
 1             26            2 
 2             26            3 
 3             26            2 
 4             26            0 
 1             27            0 
 2             27            3 
 3             27            5 
 4             27            4 
 1             28            5 
 2             28            3 
 3             28            0 
 4             28            3 
 1             29            3 
 2             29            0 
 3             29            4 
 4             29            6 
 1             30            1 
 2             30            6 
 3             30            0 
 4             30            5 
 1             31            0 
 2             31            5 
 3             31            5 
 4             31            3 
 1             32            0 
 2             32            0 
 3             32            0 
 4             32            0 
