 1             1             0 
 2             1             0 
 3             1             0 
 4             1             0 
 1             2             1 
 2             2             1 
 3             2             1 
 4             2             0 
 1             3             3 
 2             3             3 
 3             3             5 
 4             3             0 
 1             4             0 
 2             4             5 
 3             4             5 
 4             4             1 
 1             5             2 
 2             5             3 
 3             5             0 
 4             5             6 
 1             6             3 
 2             6             0 
 3             6             2 
 4             6             4 
 1             7             5 
 2             7             5 
 3             7             0 
 4             7             5 
 1             8             0 
 2             8             4 
 3             8             3 
 4             8             2 
 1             9             3 
 2             9             0 
 3             9             3 
 4             9             5 
 1             10            3 
 2             10            0 
 3             10            6 
 4             10            3 
 1             11            5 
 2             11            7 
 3             11            5 
 4             11            0 
 1             12            2 
 2             12            2 
 3             12            0 
 4             12            5 
 1             13            2 
 2             13            3 
 3             13            5 
 4             13            0 
 1             14            6 
 2             14            7 
 3             14            0 
 4             14            4 
 1             15            6 
 2             15            1 
 3             15            0 
 4             15            6 
 1             16            4 
 2             16            2 
 3             16            4 
 4             16            0 
 1             17            4 
 2             17            3 
 3             17            0 
 4             17            3 
 1             18            4 
 2             18            6 
 3             18            3 
 4             18            0 
 1             19            2 
 2             19            0 
 3             19            3 
 4             19            4 
 1             20            8 
 2             20            0 
 3             20            3 
 4             20            7 
 1             21            0 
 2             21            7 
 3             21            4 
 4             21            5 
 1             22            7 
 2             22            0 
 3             22            3 
 4             22            1 
 1             23            9 
 2             23            7 
 3             23            6 
 4             23            0 
 1             24            0 
 2             24            4 
 3             24            4 
 4             24            2 
 1             25            0 
 2             25            4 
 3             25            5 
 4             25            6 
 1             26            3 
 2             26            2 
 3             26            6 
 4             26            0 
 1             27            4 
 2             27            0 
 3             27            3 
 4             27            3 
 1             28            4 
 2             28            0 
 3             28            4 
 4             28            4 
 1             29            4 
 2             29            3 
 3             29            3 
 4             29            0 
 1             30            2 
 2             30            6 
 3             30            6 
 4             30            0 
 1             31            0 
 2             31            3 
 3             31            4 
 4             31            4 
 1             32            0 
 2             32            0 
 3             32            0 
 4             32            0 
