 1             1             0 
 2             1             0 
 3             1             0 
 4             1             0 
 1             2             0 
 2             2             1 
 3             2             1 
 4             2             1 
 1             3             0 
 2             3             4 
 3             3             2 
 4             3             7 
 1             4             0 
 2             4             2 
 3             4             5 
 4             4             3 
 1             5             1 
 2             5             9 
 3             5             0 
 4             5             3 
 1             6             4 
 2             6             0 
 3             6             5 
 4             6             6 
 1             7             4 
 2             7             6 
 3             7             5 
 4             7             0 
 1             8             6 
 2             8             1 
 3             8             0 
 4             8             4 
 1             9             0 
 2             9             3 
 3             9             2 
 4             9             7 
 1             10            3 
 2             10            7 
 3             10            3 
 4             10            0 
 1             11            0 
 2             11            4 
 3             11            3 
 4             11            1 
 1             12            3 
 2             12            4 
 3             12            4 
 4             12            0 
 1             13            1 
 2             13            5 
 3             13            0 
 4             13            2 
 1             14            3 
 2             14            0 
 3             14            6 
 4             14            5 
 1             15            8 
 2             15            0 
 3             15            5 
 4             15            3 
 1             16            0 
 2             16            5 
 3             16            4 
 4             16            6 
 1             17            3 
 2             17            1 
 3             17            0 
 4             17            7 
 1             18            3 
 2             18            4 
 3             18            5 
 4             18            0 
 1             19            0 
 2             19            6 
 3             19            4 
 4             19            5 
 1             20            5 
 2             20            0 
 3             20            5 
 4             20            1 
 1             21            4 
 2             21            5 
 3             21            4 
 4             21            0 
 1             22            6 
 2             22            0 
 3             22            3 
 4             22            8 
 1             23            8 
 2             23            3 
 3             23            1 
 4             23            0 
 1             24            4 
 2             24            0 
 3             24            5 
 4             24            4 
 1             25            3 
 2             25            4 
 3             25            6 
 4             25            0 
 1             26            3 
 2             26            0 
 3             26            3 
 4             26            3 
 1             27            4 
 2             27            0 
 3             27            8 
 4             27            2 
 1             28            5 
 2             28            2 
 3             28            0 
 4             28            3 
 1             29            0 
 2             29            4 
 3             29            3 
 4             29            2 
 1             30            3 
 2             30            6 
 3             30            3 
 4             30            0 
 1             31            0 
 2             31            2 
 3             31            5 
 4             31            5 
 1             32            0 
 2             32            0 
 3             32            0 
 4             32            0 
