 1             1             0 
 2             1             0 
 3             1             0 
 4             1             0 
 1             2             0 
 2             2             1 
 3             2             1 
 4             2             1 
 1             3             1 
 2             3             0 
 3             3             2 
 4             3             9 
 1             4             3 
 2             4             7 
 3             4             3 
 4             4             0 
 1             5             3 
 2             5             4 
 3             5             0 
 4             5             5 
 1             6             2 
 2             6             0 
 3             6             4 
 4             6             5 
 1             7             6 
 2             7             0 
 3             7             3 
 4             7             6 
 1             8             5 
 2             8             6 
 3             8             3 
 4             8             0 
 1             9             6 
 2             9             0 
 3             9             3 
 4             9             2 
 1             10            4 
 2             10            7 
 3             10            7 
 4             10            0 
 1             11            4 
 2             11            4 
 3             11            3 
 4             11            0 
 1             12            5 
 2             12            4 
 3             12            2 
 4             12            0 
 1             13            6 
 2             13            3 
 3             13            7 
 4             13            0 
 1             14            0 
 2             14            3 
 3             14            2 
 4             14            4 
 1             15            2 
 2             15            0 
 3             15            4 
 4             15            2 
 1             16            6 
 2             16            5 
 3             16            4 
 4             16            0 
 1             17            6 
 2             17            7 
 3             17            2 
 4             17            0 
 1             18            3 
 2             18            0 
 3             18            8 
 4             18            4 
 1             19            5 
 2             19            4 
 3             19            0 
 4             19            3 
 1             20            7 
 2             20            1 
 3             20            3 
 4             20            0 
 1             21            4 
 2             21            3 
 3             21            0 
 4             21            4 
 1             22            0 
 2             22            6 
 3             22            5 
 4             22            2 
 1             23            5 
 2             23            2 
 3             23            7 
 4             23            0 
 1             24            4 
 2             24            4 
 3             24            0 
 4             24            3 
 1             25            0 
 2             25            8 
 3             25            3 
 4             25            8 
 1             26            2 
 2             26            3 
 3             26            6 
 4             26            0 
 1             27            2 
 2             27            3 
 3             27            5 
 4             27            0 
 1             28            0 
 2             28            3 
 3             28            4 
 4             28            3 
 1             29            1 
 2             29            4 
 3             29            0 
 4             29            3 
 1             30            0 
 2             30            3 
 3             30            4 
 4             30            4 
 1             31            4 
 2             31            1 
 3             31            5 
 4             31            0 
 1             32            0 
 2             32            0 
 3             32            0 
 4             32            0 
