 1             1             0 
 2             1             0 
 3             1             0 
 4             1             0 
 1             2             1 
 2             2             1 
 3             2             0 
 4             2             1 
 1             3             8 
 2             3             4 
 3             3             1 
 4             3             0 
 1             4             5 
 2             4             1 
 3             4             2 
 4             4             0 
 1             5             3 
 2             5             0 
 3             5             3 
 4             5             4 
 1             6             6 
 2             6             3 
 3             6             4 
 4             6             0 
 1             7             1 
 2             7             0 
 3             7             2 
 4             7             7 
 1             8             3 
 2             8             0 
 3             8             3 
 4             8             3 
 1             9             2 
 2             9             2 
 3             9             0 
 4             9             6 
 1             10            1 
 2             10            7 
 3             10            0 
 4             10            3 
 1             11            0 
 2             11            3 
 3             11            5 
 4             11            3 
 1             12            0 
 2             12            3 
 3             12            4 
 4             12            4 
 1             13            5 
 2             13            9 
 3             13            0 
 4             13            5 
 1             14            0 
 2             14            5 
 3             14            5 
 4             14            3 
 1             15            0 
 2             15            4 
 3             15            5 
 4             15            4 
 1             16            5 
 2             16            5 
 3             16            6 
 4             16            0 
 1             17            0 
 2             17            6 
 3             17            3 
 4             17            4 
 1             18            4 
 2             18            5 
 3             18            4 
 4             18            0 
 1             19            3 
 2             19            4 
 3             19            3 
 4             19            0 
 1             20            7 
 2             20            6 
 3             20            0 
 4             20            6 
 1             21            7 
 2             21            4 
 3             21            0 
 4             21            4 
 1             22            7 
 2             22            2 
 3             22            0 
 4             22            3 
 1             23            3 
 2             23            2 
 3             23            3 
 4             23            0 
 1             24            2 
 2             24            3 
 3             24            0 
 4             24            4 
 1             25            1 
 2             25            0 
 3             25            7 
 4             25            6 
 1             26            0 
 2             26            6 
 3             26            2 
 4             26            5 
 1             27            0 
 2             27            4 
 3             27            2 
 4             27            2 
 1             28            0 
 2             28            3 
 3             28            4 
 4             28            4 
 1             29            5 
 2             29            0 
 3             29            6 
 4             29            3 
 1             30            5 
 2             30            0 
 3             30            7 
 4             30            5 
 1             31            0 
 2             31            4 
 3             31            7 
 4             31            3 
 1             32            0 
 2             32            0 
 3             32            0 
 4             32            0 
