 1             1             0 
 2             1             0 
 3             1             0 
 4             1             0 
 1             2             0 
 2             2             1 
 3             2             1 
 4             2             1 
 1             3             1 
 2             3             0 
 3             3             6 
 4             3             4 
 1             4             3 
 2             4             2 
 3             4             5 
 4             4             0 
 1             5             0 
 2             5             5 
 3             5             5 
 4             5             4 
 1             6             3 
 2             6             0 
 3             6             4 
 4             6             3 
 1             7             3 
 2             7             0 
 3             7             1 
 4             7             4 
 1             8             7 
 2             8             5 
 3             8             0 
 4             8             3 
 1             9             0 
 2             9             6 
 3             9             5 
 4             9             5 
 1             10            3 
 2             10            0 
 3             10            5 
 4             10            4 
 1             11            0 
 2             11            3 
 3             11            6 
 4             11            4 
 1             12            0 
 2             12            4 
 3             12            6 
 4             12            3 
 1             13            0 
 2             13            6 
 3             13            5 
 4             13            7 
 1             14            7 
 2             14            0 
 3             14            2 
 4             14            4 
 1             15            5 
 2             15            0 
 3             15            5 
 4             15            6 
 1             16            2 
 2             16            4 
 3             16            0 
 4             16            5 
 1             17            0 
 2             17            3 
 3             17            6 
 4             17            3 
 1             18            4 
 2             18            3 
 3             18            3 
 4             18            0 
 1             19            7 
 2             19            4 
 3             19            5 
 4             19            0 
 1             20            3 
 2             20            3 
 3             20            2 
 4             20            0 
 1             21            0 
 2             21            6 
 3             21            2 
 4             21            2 
 1             22            6 
 2             22            0 
 3             22            3 
 4             22            6 
 1             23            4 
 2             23            0 
 3             23            1 
 4             23            5 
 1             24            4 
 2             24            2 
 3             24            3 
 4             24            0 
 1             25            7 
 2             25            4 
 3             25            0 
 4             25            2 
 1             26            4 
 2             26            6 
 3             26            7 
 4             26            0 
 1             27            3 
 2             27            0 
 3             27            5 
 4             27            2 
 1             28            3 
 2             28            0 
 3             28            4 
 4             28            4 
 1             29            1 
 2             29            4 
 3             29            0 
 4             29            6 
 1             30            5 
 2             30            4 
 3             30            3 
 4             30            0 
 1             31            3 
 2             31            5 
 3             31            0 
 4             31            5 
 1             32            0 
 2             32            0 
 3             32            0 
 4             32            0 
