 1             1             0 
 2             1             0 
 3             1             0 
 4             1             0 
 1             2             0 
 2             2             1 
 3             2             1 
 4             2             1 
 1             3             1 
 2             3             4 
 3             3             0 
 4             3             2 
 1             4             3 
 2             4             0 
 3             4             5 
 4             4             4 
 1             5             4 
 2             5             0 
 3             5             2 
 4             5             5 
 1             6             8 
 2             6             2 
 3             6             6 
 4             6             0 
 1             7             0 
 2             7             3 
 3             7             4 
 4             7             5 
 1             8             5 
 2             8             2 
 3             8             5 
 4             8             0 
 1             9             4 
 2             9             6 
 3             9             4 
 4             9             0 
 1             10            3 
 2             10            3 
 3             10            5 
 4             10            0 
 1             11            5 
 2             11            6 
 3             11            0 
 4             11            4 
 1             12            4 
 2             12            4 
 3             12            0 
 4             12            2 
 1             13            7 
 2             13            9 
 3             13            2 
 4             13            0 
 1             14            3 
 2             14            0 
 3             14            2 
 4             14            7 
 1             15            0 
 2             15            6 
 3             15            7 
 4             15            4 
 1             16            0 
 2             16            3 
 3             16            3 
 4             16            3 
 1             17            0 
 2             17            7 
 3             17            5 
 4             17            5 
 1             18            3 
 2             18            3 
 3             18            0 
 4             18            4 
 1             19            2 
 2             19            4 
 3             19            0 
 4             19            6 
 1             20            3 
 2             20            6 
 3             20            4 
 4             20            0 
 1             21            5 
 2             21            3 
 3             21            0 
 4             21            3 
 1             22            5 
 2             22            0 
 3             22            6 
 4             22            2 
 1             23            7 
 2             23            0 
 3             23            6 
 4             23            6 
 1             24            3 
 2             24            3 
 3             24            0 
 4             24            6 
 1             25            4 
 2             25            0 
 3             25            2 
 4             25            6 
 1             26            0 
 2             26            3 
 3             26            4 
 4             26            2 
 1             27            2 
 2             27            3 
 3             27            3 
 4             27            0 
 1             28            5 
 2             28            2 
 3             28            6 
 4             28            0 
 1             29            0 
 2             29            3 
 3             29            3 
 4             29            3 
 1             30            5 
 2             30            5 
 3             30            4 
 4             30            0 
 1             31            1 
 2             31            5 
 3             31            3 
 4             31            0 
 1             32            0 
 2             32            0 
 3             32            0 
 4             32            0 
