 1             1             0 
 2             1             0 
 3             1             0 
 4             1             0 
 1             2             1 
 2             2             1 
 3             2             0 
 4             2             1 
 1             3             2 
 2             3             5 
 3             3             0 
 4             3             3 
 1             4             5 
 2             4             0 
 3             4             1 
 4             4             7 
 1             5             4 
 2             5             4 
 3             5             1 
 4             5             0 
 1             6             0 
 2             6             4 
 3             6             4 
 4             6             4 
 1             7             4 
 2             7             8 
 3             7             6 
 4             7             0 
 1             8             0 
 2             8             3 
 3             8             6 
 4             8             7 
 1             9             3 
 2             9             0 
 3             9             2 
 4             9             6 
 1             10            6 
 2             10            1 
 3             10            2 
 4             10            0 
 1             11            5 
 2             11            0 
 3             11            6 
 4             11            6 
 1             12            0 
 2             12            3 
 3             12            3 
 4             12            1 
 1             13            5 
 2             13            4 
 3             13            0 
 4             13            5 
 1             14            6 
 2             14            5 
 3             14            2 
 4             14            0 
 1             15            5 
 2             15            7 
 3             15            0 
 4             15            4 
 1             16            2 
 2             16            3 
 3             16            5 
 4             16            0 
 1             17            4 
 2             17            2 
 3             17            0 
 4             17            4 
 1             18            3 
 2             18            6 
 3             18            5 
 4             18            0 
 1             19            3 
 2             19            0 
 3             19            3 
 4             19            6 
 1             20            3 
 2             20            3 
 3             20            5 
 4             20            0 
 1             21            5 
 2             21            3 
 3             21            0 
 4             21            3 
 1             22            4 
 2             22            3 
 3             22            0 
 4             22            4 
 1             23            3 
 2             23            5 
 3             23            0 
 4             23            4 
 1             24            4 
 2             24            3 
 3             24            8 
 4             24            0 
 1             25            0 
 2             25            4 
 3             25            4 
 4             25            4 
 1             26            5 
 2             26            5 
 3             26            4 
 4             26            0 
 1             27            3 
 2             27            7 
 3             27            4 
 4             27            0 
 1             28            6 
 2             28            0 
 3             28            6 
 4             28            2 
 1             29            0 
 2             29            3 
 3             29            4 
 4             29            3 
 1             30            0 
 2             30            5 
 3             30            3 
 4             30            2 
 1             31            5 
 2             31            3 
 3             31            4 
 4             31            0 
 1             32            0 
 2             32            0 
 3             32            0 
 4             32            0 
