 1             1             0 
 2             1             0 
 3             1             0 
 4             1             0 
 1             2             0 
 2             2             1 
 3             2             1 
 4             2             1 
 1             3             1 
 2             3             0 
 3             3             6 
 4             3             6 
 1             4             4 
 2             4             4 
 3             4             5 
 4             4             0 
 1             5             0 
 2             5             4 
 3             5             3 
 4             5             2 
 1             6             7 
 2             6             0 
 3             6             4 
 4             6             6 
 1             7             4 
 2             7             0 
 3             7             5 
 4             7             4 
 1             8             9 
 2             8             2 
 3             8             0 
 4             8             5 
 1             9             0 
 2             9             6 
 3             9             3 
 4             9             2 
 1             10            2 
 2             10            5 
 3             10            7 
 4             10            0 
 1             11            5 
 2             11            5 
 3             11            4 
 4             11            0 
 1             12            8 
 2             12            0 
 3             12            3 
 4             12            3 
 1             13            2 
 2             13            6 
 3             13            0 
 4             13            6 
 1             14            3 
 2             14            0 
 3             14            4 
 4             14            4 
 1             15            4 
 2             15            0 
 3             15            3 
 4             15            7 
 1             16            0 
 2             16            2 
 3             16            4 
 4             16            3 
 1             17            4 
 2             17            3 
 3             17            2 
 4             17            0 
 1             18            0 
 2             18            4 
 3             18            6 
 4             18            4 
 1             19            3 
 2             19            3 
 3             19            5 
 4             19            0 
 1             20            3 
 2             20            3 
 3             20            0 
 4             20            3 
 1             21            4 
 2             21            0 
 3             21            3 
 4             21            2 
 1             22            4 
 2             22            7 
 3             22            0 
 4             22            9 
 1             23            0 
 2             23            6 
 3             23            3 
 4             23            2 
 1             24            5 
 2             24            3 
 3             24            0 
 4             24            2 
 1             25            5 
 2             25            4 
 3             25            0 
 4             25            5 
 1             26            4 
 2             26            4 
 3             26            0 
 4             26            4 
 1             27            0 
 2             27            6 
 3             27            4 
 4             27            4 
 1             28            4 
 2             28            6 
 3             28            0 
 4             28            4 
 1             29            2 
 2             29            0 
 3             29            5 
 4             29            3 
 1             30            2 
 2             30            2 
 3             30            0 
 4             30            5 
 1             31            3 
 2             31            2 
 3             31            0 
 4             31            4 
 1             32            0 
 2             32            0 
 3             32            0 
 4             32            0 
