 1             1             0 
 2             1             0 
 3             1             0 
 4             1             0 
 1             2             0 
 2             2             1 
 3             2             1 
 4             2             1 
 1             3             1 
 2             3             0 
 3             3             2 
 4             3             3 
 1             4             1 
 2             4             8 
 3             4             0 
 4             4             2 
 1             5             5 
 2             5             1 
 3             5             0 
 4             5             2 
 1             6             5 
 2             6             3 
 3             6             0 
 4             6             3 
 1             7             3 
 2             7             0 
 3             7             2 
 4             7             6 
 1             8             6 
 2             8             0 
 3             8             4 
 4             8             6 
 1             9             0 
 2             9             7 
 3             9             4 
 4             9             5 
 1             10            4 
 2             10            3 
 3             10            2 
 4             10            0 
 1             11            5 
 2             11            6 
 3             11            5 
 4             11            0 
 1             12            3 
 2             12            0 
 3             12            4 
 4             12            2 
 1             13            5 
 2             13            0 
 3             13            4 
 4             13            5 
 1             14            3 
 2             14            3 
 3             14            0 
 4             14            4 
 1             15            0 
 2             15            3 
 3             15            3 
 4             15            5 
 1             16            4 
 2             16            4 
 3             16            0 
 4             16            4 
 1             17            5 
 2             17            6 
 3             17            0 
 4             17            6 
 1             18            8 
 2             18            3 
 3             18            4 
 4             18            0 
 1             19            4 
 2             19            3 
 3             19            1 
 4             19            0 
 1             20            2 
 2             20            0 
 3             20            6 
 4             20            5 
 1             21            5 
 2             21            4 
 3             21            0 
 4             21            6 
 1             22            3 
 2             22            5 
 3             22            0 
 4             22            4 
 1             23            4 
 2             23            0 
 3             23            7 
 4             23            3 
 1             24            4 
 2             24            4 
 3             24            7 
 4             24            0 
 1             25            3 
 2             25            2 
 3             25            5 
 4             25            0 
 1             26            0 
 2             26            3 
 3             26            4 
 4             26            6 
 1             27            2 
 2             27            0 
 3             27            7 
 4             27            4 
 1             28            4 
 2             28            7 
 3             28            0 
 4             28            2 
 1             29            5 
 2             29            4 
 3             29            0 
 4             29            3 
 1             30            5 
 2             30            4 
 3             30            2 
 4             30            0 
 1             31            5 
 2             31            0 
 3             31            6 
 4             31            5 
 1             32            0 
 2             32            0 
 3             32            0 
 4             32            0 
