 1             1             0 
 2             1             0 
 3             1             0 
 4             1             0 
 1             2             1 
 2             2             1 
 3             2             0 
 4             2             1 
 1             3             3 
 2             3             3 
 3             3             0 
 4             3             5 
 1             4             2 
 2             4             6 
 3             4             1 
 4             4             0 
 1             5             6 
 2             5             0 
 3             5             3 
 4             5             2 
 1             6             4 
 2             6             0 
 3             6             7 
 4             6             2 
 1             7             3 
 2             7             0 
 3             7             2 
 4             7             6 
 1             8             6 
 2             8             0 
 3             8             3 
 4             8             2 
 1             9             8 
 2             9             3 
 3             9             0 
 4             9             6 
 1             10            3 
 2             10            6 
 3             10            2 
 4             10            0 
 1             11            5 
 2             11            4 
 3             11            4 
 4             11            0 
 1             12            5 
 2             12            6 
 3             12            0 
 4             12            4 
 1             13            4 
 2             13            0 
 3             13            6 
 4             13            2 
 1             14            3 
 2             14            6 
 3             14            5 
 4             14            0 
 1             15            2 
 2             15            0 
 3             15            6 
 4             15            4 
 1             16            5 
 2             16            5 
 3             16            1 
 4             16            0 
 1             17            2 
 2             17            0 
 3             17            1 
 4             17            5 
 1             18            0 
 2             18            4 
 3             18            4 
 4             18            2 
 1             19            0 
 2             19            3 
 3             19            6 
 4             19            3 
 1             20            6 
 2             20            0 
 3             20            3 
 4             20            7 
 1             21            0 
 2             21            7 
 3             21            4 
 4             21            4 
 1             22            0 
 2             22            2 
 3             22            2 
 4             22            2 
 1             23            0 
 2             23            6 
 3             23            2 
 4             23            6 
 1             24            6 
 2             24            2 
 3             24            0 
 4             24            4 
 1             25            0 
 2             25            3 
 3             25            5 
 4             25            9 
 1             26            2 
 2             26            3 
 3             26            0 
 4             26            2 
 1             27            3 
 2             27            0 
 3             27            7 
 4             27            2 
 1             28            0 
 2             28            5 
 3             28            8 
 4             28            6 
 1             29            0 
 2             29            3 
 3             29            7 
 4             29            2 
 1             30            5 
 2             30            2 
 3             30            0 
 4             30            5 
 1             31            4 
 2             31            0 
 3             31            3 
 4             31            7 
 1             32            0 
 2             32            0 
 3             32            0 
 4             32            0 
