 1             1             0 
 2             1             0 
 3             1             0 
 4             1             0 
 1             2             1 
 2             2             1 
 3             2             1 
 4             2             0 
 1             3             6 
 2             3             0 
 3             3             2 
 4             3             1 
 1             4             0 
 2             4             1 
 3             4             4 
 4             4             3 
 1             5             2 
 2             5             6 
 3             5             2 
 4             5             0 
 1             6             5 
 2             6             3 
 3             6             0 
 4             6             5 
 1             7             6 
 2             7             4 
 3             7             4 
 4             7             0 
 1             8             0 
 2             8             6 
 3             8             5 
 4             8             2 
 1             9             2 
 2             9             6 
 3             9             0 
 4             9             5 
 1             10            6 
 2             10            6 
 3             10            6 
 4             10            0 
 1             11            4 
 2             11            0 
 3             11            6 
 4             11            5 
 1             12            4 
 2             12            5 
 3             12            4 
 4             12            0 
 1             13            2 
 2             13            3 
 3             13            0 
 4             13            3 
 1             14            0 
 2             14            3 
 3             14            2 
 4             14            3 
 1             15            5 
 2             15            3 
 3             15            4 
 4             15            0 
 1             16            2 
 2             16            5 
 3             16            4 
 4             16            0 
 1             17            5 
 2             17            4 
 3             17            3 
 4             17            0 
 1             18            4 
 2             18            0 
 3             18            4 
 4             18            3 
 1             19            7 
 2             19            1 
 3             19            0 
 4             19            4 
 1             20            0 
 2             20            3 
 3             20            4 
 4             20            7 
 1             21            7 
 2             21            4 
 3             21            4 
 4             21            0 
 1             22            0 
 2             22            4 
 3             22            6 
 4             22            7 
 1             23            2 
 2             23            7 
 3             23            4 
 4             23            0 
 1             24            0 
 2             24            7 
 3             24            5 
 4             24            1 
 1             25            2 
 2             25            0 
 3             25            4 
 4             25            3 
 1             26            8 
 2             26            0 
 3             26            4 
 4             26            5 
 1             27            0 
 2             27            2 
 3             27            3 
 4             27            5 
 1             28            2 
 2             28            6 
 3             28            3 
 4             28            0 
 1             29            3 
 2             29            0 
 3             29            4 
 4             29            7 
 1             30            1 
 2             30            0 
 3             30            7 
 4             30            3 
 1             31            6 
 2             31            2 
 3             31            5 
 4             31            0 
 1             32            0 
 2             32            0 
 3             32            0 
 4             32            0 
