 1             1             0 
 2             1             0 
 3             1             0 
 4             1             0 
 1             2             1 
 2             2             1 
 3             2             1 
 4             2             0 
 1             3             0 
 2             3             3 
 3             3             5 
 4             3             1 
 1             4             3 
 2             4             0 
 3             4             5 
 4             4             2 
 1             5             0 
 2             5             6 
 3             5             3 
 4             5             7 
 1             6             4 
 2             6             4 
 3             6             0 
 4             6             6 
 1             7             2 
 2             7             5 
 3             7             0 
 4             7             4 
 1             8             4 
 2             8             5 
 3             8             8 
 4             8             0 
 1             9             3 
 2             9             3 
 3             9             6 
 4             9             0 
 1             10            6 
 2             10            6 
 3             10            0 
 4             10            4 
 1             11            4 
 2             11            0 
 3             11            3 
 4             11            2 
 1             12            4 
 2             12            1 
 3             12            2 
 4             12            0 
 1             13            0 
 2             13            5 
 3             13            2 
 4             13            4 
 1             14            0 
 2             14            1 
 3             14            3 
 4             14            3 
 1             15            6 
 2             15            3 
 3             15            0 
 4             15            4 
 1             16            5 
 2             16            3 
 3             16            0 
 4             16            4 
 1             17            0 
 2             17            3 
 3             17            5 
 4             17            3 
 1             18            1 
 2             18            3 
 3             18            0 
 4             18            2 
 1             19            0 
 2             19            1 
 3             19            6 
 4             19            3 
 1             20            0 
 2             20            9 
 3             20            3 
 4             20            4 
 1             21            7 
 2             21            0 
 3             21            6 
 4             21            3 
 1             22            8 
 2             22            3 
 3             22            5 
 4             22            0 
 1             23            0 
 2             23            5 
 3             23            3 
 4             23            6 
 1             24            3 
 2             24            7 
 3             24            3 
 4             24            0 
 1             25            3 
 2             25            0 
 3             25            5 
 4             25            9 
 1             26            0 
 2             26            6 
 3             26            3 
 4             26            5 
 1             27            3 
 2             27            0 
 3             27            6 
 4             27            3 
 1             28            4 
 2             28            3 
 3             28            0 
 4             28            7 
 1             29            7 
 2             29            2 
 3             29            4 
 4             29            0 
 1             30            2 
 2             30            0 
 3             30            3 
 4             30            3 
 1             31            0 
 2             31            8 
 3             31            2 
 4             31            3 
 1             32            0 
 2             32            0 
 3             32            0 
 4             32            0 
