 1             1             0 
 2             1             0 
 3             1             0 
 4             1             0 
 1             2             1 
 2             2             1 
 3             2             0 
 4             2             1 
 1             3             1 
 2             3             1 
 3             3             1 
 4             3             0 
 1             4             1 
 2             4             3 
 3             4             2 
 4             4             0 
 1             5             0 
 2             5             4 
 3             5             2 
 4             5             2 
 1             6             8 
 2             6             8 
 3             6             5 
 4             6             0 
 1             7             0 
 2             7             3 
 3             7             7 
 4             7             3 
 1             8             0 
 2             8             3 
 3             8             2 
 4             8             1 
 1             9             3 
 2             9             3 
 3             9             0 
 4             9             7 
 1             10            6 
 2             10            4 
 3             10            5 
 4             10            0 
 1             11            8 
 2             11            5 
 3             11            8 
 4             11            0 
 1             12            5 
 2             12            0 
 3             12            4 
 4             12            6 
 1             13            5 
 2             13            3 
 3             13            1 
 4             13            0 
 1             14            3 
 2             14            0 
 3             14            3 
 4             14            4 
 1             15            4 
 2             15            4 
 3             15            0 
 4             15            8 
 1             16            6 
 2             16            0 
 3             16            3 
 4             16            5 
 1             17            0 
 2             17            7 
 3             17            2 
 4             17            2 
 1             18            0 
 2             18            8 
 3             18            4 
 4             18            5 
 1             19            0 
 2             19            5 
 3             19            3 
 4             19            4 
 1             20            3 
 2             20            3 
 3             20            5 
 4             20            0 
 1             21            3 
 2             21            6 
 3             21            4 
 4             21            0 
 1             22            0 
 2             22            3 
 3             22            5 
 4             22            7 
 1             23            3 
 2             23            5 
 3             23            4 
 4             23            0 
 1             24            0 
 2             24            4 
 3             24            5 
 4             24            4 
 1             25            2 
 2             25            3 
 3             25            6 
 4             25            0 
 1             26            5 
 2             26            0 
 3             26            5 
 4             26            4 
 1             27            0 
 2             27            1 
 3             27            7 
 4             27            3 
 1             28            0 
 2             28            3 
 3             28            5 
 4             28            2 
 1             29            6 
 2             29            3 
 3             29            0 
 4             29            5 
 1             30            5 
 2             30            7 
 3             30            5 
 4             30            0 
 1             31            2 
 2             31            0 
 3             31            1 
 4             31            3 
 1             32            0 
 2             32            0 
 3             32            0 
 4             32            0 
