 1             1             0 
 2             1             0 
 3             1             0 
 4             1             0 
 1             2             1 
 2             2             1 
 3             2             0 
 4             2             1 
 1             3             4 
 2             3             2 
 3             3             0 
 4             3             5 
 1             4             5 
 2             4             5 
 3             4             0 
 4             4             4 
 1             5             5 
 2             5             0 
 3             5             1 
 4             5             3 
 1             6             0 
 2             6             3 
 3             6             3 
 4             6             2 
 1             7             0 
 2             7             4 
 3             7             4 
 4             7             3 
 1             8             0 
 2             8             2 
 3             8             5 
 4             8             4 
 1             9             5 
 2             9             6 
 3             9             3 
 4             9             0 
 1             10            6 
 2             10            3 
 3             10            0 
 4             10            5 
 1             11            10 
 2             11            5 
 3             11            1 
 4             11            0 
 1             12            2 
 2             12            0 
 3             12            6 
 4             12            5 
 1             13            0 
 2             13            4 
 3             13            7 
 4             13            5 
 1             14            3 
 2             14            0 
 3             14            1 
 4             14            3 
 1             15            2 
 2             15            0 
 3             15            8 
 4             15            1 
 1             16            0 
 2             16            3 
 3             16            2 
 4             16            4 
 1             17            5 
 2             17            0 
 3             17            6 
 4             17            6 
 1             18            0 
 2             18            4 
 3             18            6 
 4             18            4 
 1             19            0 
 2             19            5 
 3             19            4 
 4             19            9 
 1             20            4 
 2             20            3 
 3             20            0 
 4             20            4 
 1             21            3 
 2             21            8 
 3             21            4 
 4             21            0 
 1             22            0 
 2             22            5 
 3             22            7 
 4             22            6 
 1             23            0 
 2             23            3 
 3             23            4 
 4             23            4 
 1             24            5 
 2             24            5 
 3             24            5 
 4             24            0 
 1             25            5 
 2             25            0 
 3             25            6 
 4             25            3 
 1             26            0 
 2             26            4 
 3             26            1 
 4             26            2 
 1             27            0 
 2             27            4 
 3             27            5 
 4             27            5 
 1             28            4 
 2             28            6 
 3             28            3 
 4             28            0 
 1             29            3 
 2             29            4 
 3             29            3 
 4             29            0 
 1             30            1 
 2             30            2 
 3             30            1 
 4             30            0 
 1             31            3 
 2             31            5 
 3             31            0 
 4             31            4 
 1             32            0 
 2             32            0 
 3             32            0 
 4             32            0 
