 1             1             0 
 2             1             0 
 3             1             0 
 4             1             0 
 1             2             1 
 2             2             1 
 3             2             0 
 4             2             1 
 1             3             3 
 2             3             7 
 3             3             1 
 4             3             0 
 1             4             6 
 2             4             5 
 3             4             5 
 4             4             0 
 1             5             4 
 2             5             5 
 3             5             0 
 4             5             3 
 1             6             0 
 2             6             3 
 3             6             3 
 4             6             6 
 1             7             2 
 2             7             0 
 3             7             4 
 4             7             1 
 1             8             0 
 2             8             2 
 3             8             2 
 4             8             2 
 1             9             4 
 2             9             4 
 3             9             3 
 4             9             0 
 1             10            3 
 2             10            2 
 3             10            4 
 4             10            0 
 1             11            3 
 2             11            0 
 3             11            4 
 4             11            5 
 1             12            7 
 2             12            0 
 3             12            5 
 4             12            5 
 1             13            0 
 2             13            6 
 3             13            5 
 4             13            4 
 1             14            0 
 2             14            6 
 3             14            3 
 4             14            7 
 1             15            3 
 2             15            0 
 3             15            4 
 4             15            7 
 1             16            3 
 2             16            0 
 3             16            6 
 4             16            3 
 1             17            6 
 2             17            5 
 3             17            0 
 4             17            6 
 1             18            7 
 2             18            3 
 3             18            0 
 4             18            6 
 1             19            4 
 2             19            4 
 3             19            5 
 4             19            0 
 1             20            3 
 2             20            0 
 3             20            4 
 4             20            3 
 1             21            6 
 2             21            1 
 3             21            0 
 4             21            5 
 1             22            7 
 2             22            6 
 3             22            1 
 4             22            0 
 1             23            0 
 2             23            3 
 3             23            4 
 4             23            3 
 1             24            2 
 2             24            5 
 3             24            2 
 4             24            0 
 1             25            2 
 2             25            8 
 3             25            0 
 4             25            4 
 1             26            3 
 2             26            4 
 3             26            0 
 4             26            7 
 1             27            0 
 2             27            3 
 3             27            3 
 4             27            3 
 1             28            5 
 2             28            3 
 3             28            7 
 4             28            0 
 1             29            3 
 2             29            0 
 3             29            3 
 4             29            2 
 1             30            0 
 2             30            3 
 3             30            5 
 4             30            1 
 1             31            5 
 2             31            3 
 3             31            9 
 4             31            0 
 1             32            0 
 2             32            0 
 3             32            0 
 4             32            0 
