 1             1             0 
 2             1             0 
 3             1             0 
 4             1             0 
 1             2             1 
 2             2             0 
 3             2             1 
 4             2             1 
 1             3             5 
 2             3             0 
 3             3             2 
 4             3             5 
 1             4             6 
 2             4             1 
 3             4             0 
 4             4             4 
 1             5             3 
 2             5             0 
 3             5             3 
 4             5             5 
 1             6             2 
 2             6             0 
 3             6             7 
 4             6             5 
 1             7             4 
 2             7             0 
 3             7             5 
 4             7             3 
 1             8             0 
 2             8             4 
 3             8             5 
 4             8             6 
 1             9             0 
 2             9             3 
 3             9             1 
 4             9             4 
 1             10            0 
 2             10            4 
 3             10            4 
 4             10            5 
 1             11            4 
 2             11            4 
 3             11            0 
 4             11            4 
 1             12            5 
 2             12            4 
 3             12            0 
 4             12            6 
 1             13            0 
 2             13            5 
 3             13            5 
 4             13            2 
 1             14            3 
 2             14            0 
 3             14            5 
 4             14            6 
 1             15            8 
 2             15            0 
 3             15            4 
 4             15            2 
 1             16            3 
 2             16            0 
 3             16            2 
 4             16            5 
 1             17            2 
 2             17            0 
 3             17            5 
 4             17            6 
 1             18            3 
 2             18            0 
 3             18            5 
 4             18            3 
 1             19            5 
 2             19            3 
 3             19            0 
 4             19            3 
 1             20            4 
 2             20            4 
 3             20            0 
 4             20            4 
 1             21            5 
 2             21            2 
 3             21            4 
 4             21            0 
 1             22            5 
 2             22            4 
 3             22            0 
 4             22            3 
 1             23            4 
 2             23            0 
 3             23            3 
 4             23            2 
 1             24            0 
 2             24            5 
 3             24            2 
 4             24            8 
 1             25            0 
 2             25            5 
 3             25            4 
 4             25            4 
 1             26            4 
 2             26            0 
 3             26            7 
 4             26            4 
 1             27            1 
 2             27            2 
 3             27            0 
 4             27            2 
 1             28            0 
 2             28            8 
 3             28            7 
 4             28            3 
 1             29            6 
 2             29            6 
 3             29            0 
 4             29            4 
 1             30            0 
 2             30            5 
 3             30            3 
 4             30            3 
 1             31            5 
 2             31            3 
 3             31            0 
 4             31            4 
 1             32            0 
 2             32            0 
 3             32            0 
 4             32            0 
