 1             1             0 
 2             1             0 
 3             1             0 
 4             1             0 
 1             2             1 
 2             2             0 
 3             2             1 
 4             2             1 
 1             3             4 
 2             3             1 
 3             3             4 
 4             3             0 
 1             4             0 
 2             4             3 
 3             4             5 
 4             4             8 
 1             5             5 
 2             5             7 
 3             5             0 
 4             5             3 
 1             6             5 
 2             6             0 
 3             6             5 
 4             6             3 
 1             7             0 
 2             7             3 
 3             7             3 
 4             7             4 
 1             8             3 
 2             8             7 
 3             8             0 
 4             8             3 
 1             9             6 
 2             9             0 
 3             9             3 
 4             9             8 
 1             10            5 
 2             10            0 
 3             10            5 
 4             10            4 
 1             11            3 
 2             11            3 
 3             11            6 
 4             11            0 
 1             12            3 
 2             12            9 
 3             12            0 
 4             12            3 
 1             13            7 
 2             13            3 
 3             13            0 
 4             13            3 
 1             14            5 
 2             14            6 
 3             14            5 
 4             14            0 
 1             15            3 
 2             15            4 
 3             15            0 
 4             15            2 
 1             16            2 
 2             16            4 
 3             16            3 
 4             16            0 
 1             17            2 
 2             17            2 
 3             17            0 
 4             17            3 
 1             18            0 
 2             18            2 
 3             18            4 
 4             18            3 
 1             19            0 
 2             19            8 
 3             19            4 
 4             19            7 
 1             20            3 
 2             20            2 
 3             20            3 
 4             20            0 
 1             21            4 
 2             21            0 
 3             21            8 
 4             21            5 
 1             22            0 
 2             22            4 
 3             22            7 
 4             22            3 
 1             23            4 
 2             23            4 
 3             23            2 
 4             23            0 
 1             24            4 
 2             24            3 
 3             24            0 
 4             24            7 
 1             25            5 
 2             25            4 
 3             25            0 
 4             25            4 
 1             26            0 
 2             26            3 
 3             26            4 
 4             26            1 
 1             27            5 
 2             27            6 
 3             27            0 
 4             27            4 
 1             28            6 
 2             28            2 
 3             28            0 
 4             28            4 
 1             29            0 
 2             29            3 
 3             29            2 
 4             29            6 
 1             30            5 
 2             30            3 
 3             30            0 
 4             30            3 
 1             31            2 
 2             31            4 
 3             31            2 
 4             31            0 
 1             32            0 
 2             32            0 
 3             32            0 
 4             32            0 
