 1             1             0 
 2             1             0 
 3             1             0 
 4             1             0 
 1             2             1 
 2             2             1 
 3             2             1 
 4             2             0 
 1             3             5 
 2             3             6 
 3             3             2 
 4             3             0 
 1             4             0 
 2             4             3 
 3             4             5 
 4             4             1 
 1             5             0 
 2             5             7 
 3             5             4 
 4             5             3 
 1             6             0 
 2             6             4 
 3             6             2 
 4             6             6 
 1             7             6 
 2             7             5 
 3             7             0 
 4             7             5 
 1             8             7 
 2             8             2 
 3             8             0 
 4             8             5 
 1             9             2 
 2             9             0 
 3             9             4 
 4             9             2 
 1             10            4 
 2             10            0 
 3             10            2 
 4             10            3 
 1             11            5 
 2             11            5 
 3             11            2 
 4             11            0 
 1             12            0 
 2             12            8 
 3             12            8 
 4             12            4 
 1             13            6 
 2             13            7 
 3             13            3 
 4             13            0 
 1             14            2 
 2             14            4 
 3             14            0 
 4             14            3 
 1             15            3 
 2             15            4 
 3             15            0 
 4             15            4 
 1             16            3 
 2             16            4 
 3             16            5 
 4             16            0 
 1             17            0 
 2             17            2 
 3             17            6 
 4             17            3 
 1             18            5 
 2             18            3 
 3             18            0 
 4             18            4 
 1             19            6 
 2             19            0 
 3             19            5 
 4             19            6 
 1             20            3 
 2             20            4 
 3             20            3 
 4             20            0 
 1             21            4 
 2             21            4 
 3             21            2 
 4             21            0 
 1             22            5 
 2             22            2 
 3             22            0 
 4             22            3 
 1             23            3 
 2             23            2 
 3             23            5 
 4             23            0 
 1             24            0 
 2             24            3 
 3             24            4 
 4             24            4 
 1             25            0 
 2             25            3 
 3             25            6 
 4             25            4 
 1             26            0 
 2             26            7 
 3             26            4 
 4             26            4 
 1             27            3 
 2             27            3 
 3             27            0 
 4             27            5 
 1             28            3 
 2             28            0 
 3             28            5 
 4             28            3 
 1             29            3 
 2             29            0 
 3             29            8 
 4             29            8 
 1             30            4 
 2             30            3 
 3             30            3 
 4             30            0 
 1             31            5 
 2             31            0 
 3             31            3 
 4             31            4 
 1             32            0 
 2             32            0 
 3             32            0 
 4             32            0 
