 1             1             0 
 2             1             0 
 3             1             0 
 4             1             0 
 1             2             1 
 2             2             1 
 3             2             1 
 4             2             0 
 1             3             0 
 2             3             2 
 3             3             8 
 4             3             1 
 1             4             5 
 2             4             0 
 3             4             3 
 4             4             2 
 1             5             2 
 2             5             0 
 3             5             2 
 4             5             4 
 1             6             7 
 2             6             1 
 3             6             7 
 4             6             0 
 1             7             4 
 2             7             5 
 3             7             4 
 4             7             0 
 1             8             0 
 2             8             2 
 3             8             1 
 4             8             2 
 1             9             3 
 2             9             4 
 3             9             4 
 4             9             0 
 1             10            0 
 2             10            4 
 3             10            6 
 4             10            3 
 1             11            8 
 2             11            0 
 3             11            5 
 4             11            4 
 1             12            0 
 2             12            3 
 3             12            5 
 4             12            4 
 1             13            7 
 2             13            4 
 3             13            0 
 4             13            2 
 1             14            4 
 2             14            4 
 3             14            4 
 4             14            0 
 1             15            3 
 2             15            7 
 3             15            5 
 4             15            0 
 1             16            4 
 2             16            0 
 3             16            4 
 4             16            6 
 1             17            4 
 2             17            0 
 3             17            3 
 4             17            2 
 1             18            3 
 2             18            4 
 3             18            2 
 4             18            0 
 1             19            0 
 2             19            6 
 3             19            5 
 4             19            5 
 1             20            4 
 2             20            3 
 3             20            1 
 4             20            0 
 1             21            0 
 2             21            5 
 3             21            6 
 4             21            8 
 1             22            1 
 2             22            8 
 3             22            4 
 4             22            0 
 1             23            0 
 2             23            3 
 3             23            6 
 4             23            6 
 1             24            2 
 2             24            6 
 3             24            2 
 4             24            0 
 1             25            7 
 2             25            2 
 3             25            0 
 4             25            5 
 1             26            8 
 2             26            4 
 3             26            0 
 4             26            2 
 1             27            6 
 2             27            8 
 3             27            0 
 4             27            8 
 1             28            0 
 2             28            4 
 3             28            2 
 4             28            7 
 1             29            1 
 2             29            0 
 3             29            3 
 4             29            1 
 1             30            1 
 2             30            3 
 3             30            5 
 4             30            0 
 1             31            3 
 2             31            3 
 3             31            6 
 4             31            0 
 1             32            0 
 2             32            0 
 3             32            0 
 4             32            0 
