 1             1             0 
 2             1             0 
 3             1             0 
 4             1             0 
 1             2             1 
 2             2             0 
 3             2             1 
 4             2             1 
 1             3             3 
 2             3             1 
 3             3             0 
 4             3             5 
 1             4             7 
 2             4             0 
 3             4             4 
 4             4             6 
 1             5             0 
 2             5             7 
 3             5             4 
 4             5             6 
 1             6             4 
 2             6             6 
 3             6             0 
 4             6             1 
 1             7             3 
 2             7             1 
 3             7             6 
 4             7             0 
 1             8             5 
 2             8             4 
 3             8             7 
 4             8             0 
 1             9             5 
 2             9             4 
 3             9             2 
 4             9             0 
 1             10            0 
 2             10            5 
 3             10            4 
 4             10            2 
 1             11            4 
 2             11            3 
 3             11            0 
 4             11            4 
 1             12            4 
 2             12            4 
 3             12            5 
 4             12            0 
 1             13            3 
 2             13            3 
 3             13            6 
 4             13            0 
 1             14            0 
 2             14            4 
 3             14            4 
 4             14            6 
 1             15            5 
 2             15            3 
 3             15            0 
 4             15            5 
 1             16            5 
 2             16            5 
 3             16            4 
 4             16            0 
 1             17            4 
 2             17            0 
 3             17            3 
 4             17            3 
 1             18            5 
 2             18            7 
 3             18            6 
 4             18            0 
 1             19            7 
 2             19            5 
 3             19            4 
 4             19            0 
 1             20            7 
 2             20            0 
 3             20            3 
 4             20            4 
 1             21            4 
 2             21            7 
 3             21            0 
 4             21            2 
 1             22            3 
 2             22            0 
 3             22            5 
 4             22            3 
 1             23            0 
 2             23            4 
 3             23            4 
 4             23            3 
 1             24            1 
 2             24            4 
 3             24            0 
 4             24            1 
 1             25            3 
 2             25            3 
 3             25            1 
 4             25            0 
 1             26            3 
 2             26            5 
 3             26            0 
 4             26            8 
 1             27            3 
 2             27            2 
 3             27            0 
 4             27            6 
 1             28            6 
 2             28            5 
 3             28            0 
 4             28            3 
 1             29            4 
 2             29            0 
 3             29            3 
 4             29            5 
 1             30            3 
 2             30            1 
 3             30            0 
 4             30            5 
 1             31            2 
 2             31            3 
 3             31            0 
 4             31            5 
 1             32            0 
 2             32            0 
 3             32            0 
 4             32            0 
