 1             1             0 
 2             1             0 
 3             1             0 
 4             1             0 
 1             2             1 
 2             2             1 
 3             2             1 
 4             2             0 
 1             3             0 
 2             3             6 
 3             3             4 
 4             3             1 
 1             4             0 
 2             4             8 
 3             4             4 
 4             4             1 
 1             5             5 
 2             5             4 
 3             5             3 
 4             5             0 
 1             6             0 
 2             6             2 
 3             6             3 
 4             6             3 
 1             7             3 
 2             7             6 
 3             7             0 
 4             7             3 
 1             8             6 
 2             8             4 
 3             8             2 
 4             8             0 
 1             9             4 
 2             9             3 
 3             9             6 
 4             9             0 
 1             10            3 
 2             10            2 
 3             10            0 
 4             10            4 
 1             11            5 
 2             11            0 
 3             11            7 
 4             11            3 
 1             12            0 
 2             12            4 
 3             12            3 
 4             12            8 
 1             13            3 
 2             13            6 
 3             13            5 
 4             13            0 
 1             14            0 
 2             14            3 
 3             14            4 
 4             14            4 
 1             15            0 
 2             15            4 
 3             15            4 
 4             15            4 
 1             16            2 
 2             16            5 
 3             16            0 
 4             16            5 
 1             17            0 
 2             17            1 
 3             17            3 
 4             17            4 
 1             18            3 
 2             18            6 
 3             18            0 
 4             18            6 
 1             19            8 
 2             19            0 
 3             19            4 
 4             19            4 
 1             20            5 
 2             20            4 
 3             20            5 
 4             20            0 
 1             21            0 
 2             21            4 
 3             21            7 
 4             21            3 
 1             22            0 
 2             22            5 
 3             22            1 
 4             22            5 
 1             23            0 
 2             23            5 
 3             23            4 
 4             23            3 
 1             24            1 
 2             24            0 
 3             24            3 
 4             24            5 
 1             25            2 
 2             25            0 
 3             25            7 
 4             25            8 
 1             26            3 
 2             26            0 
 3             26            3 
 4             26            3 
 1             27            6 
 2             27            0 
 3             27            5 
 4             27            4 
 1             28            7 
 2             28            2 
 3             28            3 
 4             28            0 
 1             29            2 
 2             29            3 
 3             29            0 
 4             29            3 
 1             30            4 
 2             30            0 
 3             30            5 
 4             30            4 
 1             31            7 
 2             31            4 
 3             31            0 
 4             31            4 
 1             32            0 
 2             32            0 
 3             32            0 
 4             32            0 
