 1             1             0 
 2             1             0 
 3             1             0 
 4             1             0 
 1             2             1 
 2             2             1 
 3             2             1 
 4             2             0 
 1             3             3 
 2             3             2 
 3             3             1 
 4             3             0 
 1             4             0 
 2             4             4 
 3             4             5 
 4             4             1 
 1             5             2 
 2             5             8 
 3             5             0 
 4             5             3 
 1             6             5 
 2             6             5 
 3             6             0 
 4             6             3 
 1             7             4 
 2             7             5 
 3             7             0 
 4             7             2 
 1             8             2 
 2             8             3 
 3             8             6 
 4             8             0 
 1             9             4 
 2             9             5 
 3             9             5 
 4             9             0 
 1             10            4 
 2             10            0 
 3             10            6 
 4             10            4 
 1             11            4 
 2             11            0 
 3             11            3 
 4             11            3 
 1             12            5 
 2             12            1 
 3             12            0 
 4             12            3 
 1             13            3 
 2             13            0 
 3             13            2 
 4             13            5 
 1             14            5 
 2             14            0 
 3             14            6 
 4             14            8 
 1             15            5 
 2             15            5 
 3             15            6 
 4             15            0 
 1             16            4 
 2             16            2 
 3             16            0 
 4             16            4 
 1             17            8 
 2             17            3 
 3             17            2 
 4             17            0 
 1             18            5 
 2             18            5 
 3             18            0 
 4             18            6 
 1             19            0 
 2             19            6 
 3             19            6 
 4             19            4 
 1             20            8 
 2             20            0 
 3             20            5 
 4             20            2 
 1             21            2 
 2             21            0 
 3             21            2 
 4             21            4 
 1             22            3 
 2             22            4 
 3             22            3 
 4             22            0 
 1             23            0 
 2             23            5 
 3             23            2 
 4             23            5 
 1             24            0 
 2             24            7 
 3             24            4 
 4             24            4 
 1             25            0 
 2             25            5 
 3             25            5 
 4             25            5 
 1             26            2 
 2             26            4 
 3             26            8 
 4             26            0 
 1             27            0 
 2             27            4 
 3             27            3 
 4             27            4 
 1             28            3 
 2             28            2 
 3             28            2 
 4             28            0 
 1             29            6 
 2             29            0 
 3             29            4 
 4             29            5 
 1             30            0 
 2             30            4 
 3             30            7 
 4             30            5 
 1             31            0 
 2             31            2 
 3             31            2 
 4             31            4 
 1             32            0 
 2             32            0 
 3             32            0 
 4             32            0 
