 1             1             0 
 2             1             0 
 3             1             0 
 4             1             0 
 1             2             1 
 2             2             0 
 3             2             1 
 4             2             1 
 1             3             5 
 2             3             0 
 3             3             3 
 4             3             4 
 1             4             3 
 2             4             1 
 3             4             0 
 4             4             4 
 1             5             4 
 2             5             7 
 3             5             0 
 4             5             5 
 1             6             3 
 2             6             4 
 3             6             0 
 4             6             3 
 1             7             5 
 2             7             4 
 3             7             0 
 4             7             6 
 1             8             2 
 2             8             3 
 3             8             5 
 4             8             0 
 1             9             7 
 2             9             5 
 3             9             2 
 4             9             0 
 1             10            0 
 2             10            5 
 3             10            2 
 4             10            4 
 1             11            6 
 2             11            3 
 3             11            0 
 4             11            4 
 1             12            4 
 2             12            3 
 3             12            0 
 4             12            4 
 1             13            3 
 2             13            0 
 3             13            6 
 4             13            5 
 1             14            5 
 2             14            0 
 3             14            7 
 4             14            5 
 1             15            3 
 2             15            4 
 3             15            0 
 4             15            3 
 1             16            4 
 2             16            0 
 3             16            3 
 4             16            2 
 1             17            6 
 2             17            4 
 3             17            0 
 4             17            6 
 1             18            3 
 2             18            0 
 3             18            4 
 4             18            4 
 1             19            5 
 2             19            5 
 3             19            0 
 4             19            3 
 1             20            3 
 2             20            3 
 3             20            5 
 4             20            0 
 1             21            5 
 2             21            3 
 3             21            0 
 4             21            5 
 1             22            0 
 2             22            4 
 3             22            3 
 4             22            6 
 1             23            4 
 2             23            6 
 3             23            0 
 4             23            4 
 1             24            5 
 2             24            5 
 3             24            3 
 4             24            0 
 1             25            0 
 2             25            2 
 3             25            3 
 4             25            5 
 1             26            0 
 2             26            2 
 3             26            5 
 4             26            4 
 1             27            4 
 2             27            2 
 3             27            0 
 4             27            1 
 1             28            1 
 2             28            0 
 3             28            7 
 4             28            5 
 1             29            5 
 2             29            5 
 3             29            0 
 4             29            1 
 1             30            0 
 2             30            6 
 3             30            4 
 4             30            5 
 1             31            0 
 2             31            6 
 3             31            5 
 4             31            5 
 1             32            0 
 2             32            0 
 3             32            0 
 4             32            0 
