 1             1             0 
 2             1             0 
 3             1             0 
 4             1             0 
 1             2             1 
 2             2             0 
 3             2             1 
 4             2             1 
 1             3             0 
 2             3             1 
 3             3             3 
 4             3             6 
 1             4             5 
 2             4             0 
 3             4             4 
 4             4             5 
 1             5             4 
 2             5             2 
 3             5             0 
 4             5             6 
 1             6             1 
 2             6             4 
 3             6             6 
 4             6             0 
 1             7             5 
 2             7             6 
 3             7             4 
 4             7             0 
 1             8             6 
 2             8             0 
 3             8             2 
 4             8             4 
 1             9             0 
 2             9             5 
 3             9             6 
 4             9             6 
 1             10            0 
 2             10            5 
 3             10            2 
 4             10            2 
 1             11            7 
 2             11            5 
 3             11            3 
 4             11            0 
 1             12            0 
 2             12            3 
 3             12            2 
 4             12            6 
 1             13            0 
 2             13            8 
 3             13            3 
 4             13            2 
 1             14            2 
 2             14            4 
 3             14            4 
 4             14            0 
 1             15            0 
 2             15            5 
 3             15            6 
 4             15            6 
 1             16            3 
 2             16            1 
 3             16            0 
 4             16            3 
 1             17            2 
 2             17            0 
 3             17            5 
 4             17            2 
 1             18            0 
 2             18            6 
 3             18            7 
 4             18            5 
 1             19            0 
 2             19            3 
 3             19            3 
 4             19            4 
 1             20            5 
 2             20            2 
 3             20            3 
 4             20            0 
 1             21            5 
 2             21            3 
 3             21            3 
 4             21            0 
 1             22            0 
 2             22            3 
 3             22            3 
 4             22            1 
 1             23            0 
 2             23            4 
 3             23            4 
 4             23            3 
 1             24            4 
 2             24            2 
 3             24            0 
 4             24            6 
 1             25            2 
 2             25            4 
 3             25            6 
 4             25            0 
 1             26            7 
 2             26            0 
 3             26            4 
 4             26            2 
 1             27            5 
 2             27            5 
 3             27            6 
 4             27            0 
 1             28            4 
 2             28            6 
 3             28            0 
 4             28            4 
 1             29            3 
 2             29            0 
 3             29            6 
 4             29            4 
 1             30            3 
 2             30            3 
 3             30            0 
 4             30            2 
 1             31            6 
 2             31            6 
 3             31            0 
 4             31            8 
 1             32            0 
 2             32            0 
 3             32            0 
 4             32            0 
