 1             1             0 
 2             1             0 
 3             1             0 
 4             1             0 
 1             2             1 
 2             2             1 
 3             2             0 
 4             2             1 
 1             3             5 
 2             3             4 
 3             3             1 
 4             3             0 
 1             4             4 
 2             4             5 
 3             4             0 
 4             4             9 
 1             5             0 
 2             5             7 
 3             5             4 
 4             5             4 
 1             6             0 
 2             6             4 
 3             6             2 
 4             6             2 
 1             7             5 
 2             7             1 
 3             7             5 
 4             7             0 
 1             8             0 
 2             8             5 
 3             8             5 
 4             8             6 
 1             9             3 
 2             9             0 
 3             9             1 
 4             9             5 
 1             10            2 
 2             10            6 
 3             10            3 
 4             10            0 
 1             11            5 
 2             11            5 
 3             11            0 
 4             11            2 
 1             12            2 
 2             12            4 
 3             12            0 
 4             12            3 
 1             13            6 
 2             13            7 
 3             13            0 
 4             13            6 
 1             14            5 
 2             14            2 
 3             14            4 
 4             14            0 
 1             15            6 
 2             15            3 
 3             15            0 
 4             15            4 
 1             16            5 
 2             16            2 
 3             16            0 
 4             16            3 
 1             17            0 
 2             17            2 
 3             17            1 
 4             17            2 
 1             18            0 
 2             18            5 
 3             18            2 
 4             18            6 
 1             19            0 
 2             19            3 
 3             19            4 
 4             19            6 
 1             20            0 
 2             20            6 
 3             20            6 
 4             20            6 
 1             21            2 
 2             21            5 
 3             21            4 
 4             21            0 
 1             22            0 
 2             22            4 
 3             22            7 
 4             22            4 
 1             23            4 
 2             23            2 
 3             23            4 
 4             23            0 
 1             24            1 
 2             24            5 
 3             24            0 
 4             24            4 
 1             25            6 
 2             25            3 
 3             25            5 
 4             25            0 
 1             26            0 
 2             26            2 
 3             26            5 
 4             26            4 
 1             27            0 
 2             27            5 
 3             27            6 
 4             27            2 
 1             28            4 
 2             28            0 
 3             28            7 
 4             28            4 
 1             29            5 
 2             29            0 
 3             29            2 
 4             29            4 
 1             30            5 
 2             30            0 
 3             30            4 
 4             30            3 
 1             31            0 
 2             31            6 
 3             31            6 
 4             31            2 
 1             32            0 
 2             32            0 
 3             32            0 
 4             32            0 
