 1             1             0 
 2             1             0 
 3             1             0 
 4             1             0 
 1             2             0 
 2             2             1 
 3             2             1 
 4             2             1 
 1             3             0 
 2             3             2 
 3             3             5 
 4             3             3 
 1             4             1 
 2             4             5 
 3             4             0 
 4             4             4 
 1             5             0 
 2             5             7 
 3             5             7 
 4             5             3 
 1             6             5 
 2             6             4 
 3             6             5 
 4             6             0 
 1             7             0 
 2             7             3 
 3             7             6 
 4             7             4 
 1             8             5 
 2             8             4 
 3             8             0 
 4             8             2 
 1             9             2 
 2             9             6 
 3             9             3 
 4             9             0 
 1             10            3 
 2             10            4 
 3             10            2 
 4             10            0 
 1             11            4 
 2             11            8 
 3             11            3 
 4             11            0 
 1             12            1 
 2             12            3 
 3             12            5 
 4             12            0 
 1             13            4 
 2             13            4 
 3             13            0 
 4             13            6 
 1             14            7 
 2             14            5 
 3             14            0 
 4             14            2 
 1             15            0 
 2             15            8 
 3             15            3 
 4             15            10 
 1             16            8 
 2             16            3 
 3             16            0 
 4             16            7 
 1             17            2 
 2             17            2 
 3             17            0 
 4             17            2 
 1             18            2 
 2             18            4 
 3             18            0 
 4             18            2 
 1             19            0 
 2             19            2 
 3             19            3 
 4             19            5 
 1             20            0 
 2             20            3 
 3             20            6 
 4             20            4 
 1             21            5 
 2             21            0 
 3             21            3 
 4             21            3 
 1             22            7 
 2             22            3 
 3             22            0 
 4             22            7 
 1             23            3 
 2             23            0 
 3             23            8 
 4             23            3 
 1             24            3 
 2             24            4 
 3             24            0 
 4             24            5 
 1             25            6 
 2             25            4 
 3             25            0 
 4             25            3 
 1             26            4 
 2             26            4 
 3             26            0 
 4             26            2 
 1             27            5 
 2             27            4 
 3             27            0 
 4             27            6 
 1             28            0 
 2             28            2 
 3             28            3 
 4             28            5 
 1             29            4 
 2             29            3 
 3             29            0 
 4             29            5 
 1             30            0 
 2             30            6 
 3             30            2 
 4             30            3 
 1             31            3 
 2             31            0 
 3             31            3 
 4             31            3 
 1             32            0 
 2             32            0 
 3             32            0 
 4             32            0 
