 1             1             0 
 2             1             0 
 3             1             0 
 4             1             0 
 1             2             1 
 2             2             2 
 3             2             1 
 4             2             0 
 1             3             0 
 2             3             4 
 3             3             4 
 4             3             1 
 1             4             0 
 2             4             4 
 3             4             7 
 4             4             1 
 1             5             7 
 2             5             2 
 3             5             2 
 4             5             0 
 1             6             4 
 2             6             0 
 3             6             4 
 4             6             7 
 1             7             2 
 2             7             3 
 3             7             3 
 4             7             0 
 1             8             4 
 2             8             2 
 3             8             8 
 4             8             0 
 1             9             6 
 2             9             0 
 3             9             4 
 4             9             6 
 1             10            3 
 2             10            0 
 3             10            5 
 4             10            5 
 1             11            2 
 2             11            0 
 3             11            3 
 4             11            5 
 1             12            6 
 2             12            0 
 3             12            2 
 4             12            2 
 1             13            6 
 2             13            1 
 3             13            4 
 4             13            0 
 1             14            4 
 2             14            4 
 3             14            4 
 4             14            0 
 1             15            0 
 2             15            3 
 3             15            5 
 4             15            3 
 1             16            0 
 2             16            3 
 3             16            8 
 4             16            5 
 1             17            0 
 2             17            3 
 3             17            1 
 4             17            4 
 1             18            0 
 2             18            4 
 3             18            2 
 4             18            3 
 1             19            5 
 2             19            2 
 3             19            2 
 4             19            0 
 1             20            6 
 2             20            0 
 3             20            2 
 4             20            5 
 1             21            3 
 2             21            10 
 3             21            3 
 4             21            0 
 1             22            5 
 2             22            5 
 3             22            0 
 4             22            3 
 1             23            5 
 2             23            4 
 3             23            0 
 4             23            3 
 1             24            3 
 2             24            0 
 3             24            2 
 4             24            2 
 1             25            0 
 2             25            9 
 3             25            6 
 4             25            4 
 1             26            2 
 2             26            0 
 3             26            5 
 4             26            4 
 1             27            0 
 2             27            5 
 3             27            7 
 4             27            7 
 1             28            3 
 2             28            3 
 3             28            0 
 4             28            6 
 1             29            3 
 2             29            4 
 3             29            0 
 4             29            5 
 1             30            0 
 2             30            4 
 3             30            4 
 4             30            3 
 1             31            4 
 2             31            7 
 3             31            6 
 4             31            0 
 1             32            0 
 2             32            0 
 3             32            0 
 4             32            0 
