 1             0 
 2             3 
 3             3 
 4             10 
 5             1 
 6             3 
 7             2 
 8             4 
 9             3 
 10            10 
 11            9 
 12            3 
 13            4 
 14            7 
 15            9 
 16            4 
 17            2 
 18            4 
 19            7 
 20            3 
 21            6 
 22            3 
 23            8 
 24            7 
 25            1 
 26            1 
 27            10 
 28            7 
 29            5 
 30            2 
 31            4 
 32            0 
