 1             0 
 2             3 
 3             8 
 4             8 
 5             8 
 6             9 
 7             5 
 8             6 
 9             4 
 10            4 
 11            6 
 12            5 
 13            3 
 14            6 
 15            1 
 16            3 
 17            2 
 18            4 
 19            9 
 20            1 
 21            3 
 22            7 
 23            9 
 24            8 
 25            8 
 26            5 
 27            4 
 28            7 
 29            9 
 30            10 
 31            1 
 32            0 
