 1             0 
 2             8 
 3             4 
 4             2 
 5             1 
 6             1 
 7             3 
 8             1 
 9             5 
 10            7 
 11            4 
 12            5 
 13            4 
 14            5 
 15            9 
 16            3 
 17            3 
 18            3 
 19            4 
 20            10 
 21            1 
 22            3 
 23            7 
 24            1 
 25            4 
 26            5 
 27            5 
 28            10 
 29            10 
 30            3 
 31            1 
 32            0 
