 1             0 
 2             9 
 3             9 
 4             7 
 5             6 
 6             9 
 7             5 
 8             1 
 9             10 
 10            5 
 11            2 
 12            2 
 13            9 
 14            5 
 15            5 
 16            10 
 17            9 
 18            7 
 19            7 
 20            2 
 21            9 
 22            6 
 23            2 
 24            8 
 25            7 
 26            1 
 27            2 
 28            2 
 29            10 
 30            6 
 31            1 
 32            0 
