 1             0 
 2             6 
 3             8 
 4             6 
 5             8 
 6             8 
 7             5 
 8             6 
 9             5 
 10            9 
 11            9 
 12            2 
 13            9 
 14            6 
 15            2 
 16            4 
 17            3 
 18            7 
 19            8 
 20            8 
 21            1 
 22            7 
 23            6 
 24            3 
 25            4 
 26            5 
 27            4 
 28            5 
 29            2 
 30            8 
 31            10 
 32            0 
