 1             0 
 2             10 
 3             4 
 4             1 
 5             5 
 6             4 
 7             1 
 8             2 
 9             3 
 10            5 
 11            8 
 12            5 
 13            2 
 14            7 
 15            1 
 16            10 
 17            8 
 18            9 
 19            8 
 20            10 
 21            2 
 22            9 
 23            10 
 24            3 
 25            5 
 26            7 
 27            9 
 28            9 
 29            5 
 30            7 
 31            7 
 32            0 
