 1             0 
 2             5 
 3             8 
 4             7 
 5             8 
 6             2 
 7             3 
 8             2 
 9             2 
 10            3 
 11            10 
 12            9 
 13            3 
 14            6 
 15            7 
 16            6 
 17            5 
 18            10 
 19            8 
 20            7 
 21            9 
 22            7 
 23            8 
 24            1 
 25            2 
 26            10 
 27            2 
 28            4 
 29            8 
 30            1 
 31            7 
 32            0 
