 1             0 
 2             2 
 3             10 
 4             2 
 5             1 
 6             5 
 7             8 
 8             2 
 9             6 
 10            7 
 11            2 
 12            6 
 13            1 
 14            10 
 15            2 
 16            8 
 17            4 
 18            1 
 19            10 
 20            4 
 21            7 
 22            4 
 23            3 
 24            1 
 25            4 
 26            3 
 27            7 
 28            7 
 29            5 
 30            2 
 31            5 
 32            0 
