 1             0 
 2             7 
 3             5 
 4             7 
 5             6 
 6             3 
 7             10 
 8             6 
 9             9 
 10            3 
 11            9 
 12            6 
 13            2 
 14            5 
 15            1 
 16            6 
 17            9 
 18            4 
 19            5 
 20            5 
 21            1 
 22            1 
 23            3 
 24            1 
 25            5 
 26            2 
 27            10 
 28            10 
 29            7 
 30            4 
 31            2 
 32            0 
