 1             0 
 2             1 
 3             3 
 4             2 
 5             10 
 6             9 
 7             7 
 8             5 
 9             3 
 10            1 
 11            7 
 12            9 
 13            1 
 14            4 
 15            8 
 16            9 
 17            8 
 18            2 
 19            2 
 20            5 
 21            10 
 22            2 
 23            9 
 24            1 
 25            2 
 26            7 
 27            4 
 28            8 
 29            9 
 30            8 
 31            10 
 32            0 
