 1             0 
 2             4 
 3             2 
 4             9 
 5             9 
 6             10 
 7             2 
 8             7 
 9             3 
 10            8 
 11            6 
 12            7 
 13            5 
 14            10 
 15            6 
 16            3 
 17            9 
 18            4 
 19            6 
 20            9 
 21            1 
 22            1 
 23            10 
 24            1 
 25            10 
 26            1 
 27            9 
 28            10 
 29            5 
 30            8 
 31            3 
 32            0 
