 1             0 
 2             9 
 3             6 
 4             1 
 5             9 
 6             8 
 7             9 
 8             10 
 9             10 
 10            7 
 11            10 
 12            9 
 13            2 
 14            7 
 15            5 
 16            2 
 17            5 
 18            9 
 19            1 
 20            6 
 21            5 
 22            10 
 23            2 
 24            6 
 25            7 
 26            2 
 27            9 
 28            4 
 29            8 
 30            1 
 31            6 
 32            0 
