 1             0 
 2             4 
 3             2 
 4             10 
 5             10 
 6             4 
 7             10 
 8             5 
 9             4 
 10            5 
 11            6 
 12            10 
 13            3 
 14            9 
 15            7 
 16            10 
 17            7 
 18            2 
 19            10 
 20            6 
 21            4 
 22            4 
 23            3 
 24            7 
 25            7 
 26            9 
 27            3 
 28            8 
 29            5 
 30            10 
 31            2 
 32            0 
