 1             0 
 2             1 
 3             9 
 4             1 
 5             6 
 6             7 
 7             7 
 8             7 
 9             5 
 10            4 
 11            8 
 12            6 
 13            7 
 14            4 
 15            8 
 16            1 
 17            7 
 18            5 
 19            2 
 20            7 
 21            3 
 22            1 
 23            7 
 24            8 
 25            3 
 26            3 
 27            10 
 28            10 
 29            4 
 30            6 
 31            2 
 32            0 
