 1             0 
 2             5 
 3             8 
 4             2 
 5             3 
 6             1 
 7             5 
 8             9 
 9             4 
 10            9 
 11            10 
 12            3 
 13            6 
 14            2 
 15            6 
 16            7 
 17            6 
 18            7 
 19            2 
 20            1 
 21            1 
 22            2 
 23            4 
 24            5 
 25            1 
 26            2 
 27            8 
 28            6 
 29            6 
 30            2 
 31            2 
 32            0 
