 1             0 
 2             9 
 3             7 
 4             2 
 5             9 
 6             4 
 7             8 
 8             7 
 9             5 
 10            2 
 11            9 
 12            1 
 13            5 
 14            2 
 15            2 
 16            7 
 17            3 
 18            7 
 19            9 
 20            7 
 21            7 
 22            1 
 23            7 
 24            8 
 25            7 
 26            4 
 27            3 
 28            8 
 29            3 
 30            2 
 31            10 
 32            0 
