 1             0 
 2             6 
 3             4 
 4             10 
 5             4 
 6             5 
 7             10 
 8             7 
 9             9 
 10            2 
 11            6 
 12            1 
 13            2 
 14            2 
 15            10 
 16            1 
 17            10 
 18            7 
 19            3 
 20            3 
 21            6 
 22            6 
 23            7 
 24            6 
 25            8 
 26            6 
 27            4 
 28            4 
 29            7 
 30            2 
 31            6 
 32            0 
