 1             0 
 2             9 
 3             8 
 4             9 
 5             8 
 6             7 
 7             3 
 8             2 
 9             2 
 10            4 
 11            9 
 12            6 
 13            4 
 14            4 
 15            8 
 16            1 
 17            8 
 18            8 
 19            3 
 20            5 
 21            8 
 22            9 
 23            10 
 24            2 
 25            10 
 26            8 
 27            10 
 28            3 
 29            1 
 30            4 
 31            9 
 32            0 
