 1             0 
 2             9 
 3             9 
 4             9 
 5             3 
 6             6 
 7             2 
 8             4 
 9             7 
 10            1 
 11            1 
 12            5 
 13            3 
 14            7 
 15            1 
 16            6 
 17            3 
 18            8 
 19            7 
 20            3 
 21            4 
 22            2 
 23            9 
 24            7 
 25            4 
 26            10 
 27            7 
 28            1 
 29            2 
 30            6 
 31            10 
 32            0 
