 1             0 
 2             2 
 3             8 
 4             10 
 5             6 
 6             6 
 7             4 
 8             9 
 9             6 
 10            4 
 11            3 
 12            9 
 13            1 
 14            5 
 15            6 
 16            4 
 17            10 
 18            3 
 19            6 
 20            5 
 21            7 
 22            1 
 23            10 
 24            4 
 25            1 
 26            7 
 27            10 
 28            4 
 29            3 
 30            7 
 31            4 
 32            0 
