 1             0 
 2             8 
 3             2 
 4             8 
 5             8 
 6             8 
 7             9 
 8             4 
 9             5 
 10            4 
 11            2 
 12            2 
 13            10 
 14            4 
 15            6 
 16            6 
 17            7 
 18            3 
 19            8 
 20            9 
 21            4 
 22            3 
 23            4 
 24            8 
 25            4 
 26            10 
 27            9 
 28            10 
 29            4 
 30            5 
 31            6 
 32            0 
