 1             0 
 2             9 
 3             8 
 4             10 
 5             9 
 6             5 
 7             5 
 8             2 
 9             2 
 10            4 
 11            10 
 12            1 
 13            3 
 14            3 
 15            5 
 16            10 
 17            6 
 18            3 
 19            2 
 20            3 
 21            7 
 22            8 
 23            9 
 24            5 
 25            2 
 26            1 
 27            4 
 28            2 
 29            3 
 30            3 
 31            2 
 32            0 
