 1             0 
 2             6 
 3             7 
 4             1 
 5             2 
 6             5 
 7             10 
 8             5 
 9             5 
 10            7 
 11            1 
 12            7 
 13            4 
 14            1 
 15            8 
 16            5 
 17            6 
 18            5 
 19            7 
 20            4 
 21            10 
 22            7 
 23            3 
 24            4 
 25            9 
 26            8 
 27            7 
 28            8 
 29            9 
 30            6 
 31            3 
 32            0 
