 1             0 
 2             5 
 3             10 
 4             6 
 5             6 
 6             2 
 7             7 
 8             5 
 9             2 
 10            7 
 11            7 
 12            7 
 13            10 
 14            10 
 15            1 
 16            8 
 17            8 
 18            4 
 19            3 
 20            4 
 21            9 
 22            1 
 23            8 
 24            9 
 25            8 
 26            5 
 27            4 
 28            9 
 29            6 
 30            3 
 31            7 
 32            0 
