 1             0 
 2             8 
 3             4 
 4             3 
 5             9 
 6             1 
 7             4 
 8             4 
 9             8 
 10            1 
 11            7 
 12            7 
 13            7 
 14            5 
 15            7 
 16            3 
 17            3 
 18            9 
 19            4 
 20            8 
 21            6 
 22            8 
 23            7 
 24            6 
 25            9 
 26            9 
 27            4 
 28            2 
 29            10 
 30            7 
 31            1 
 32            0 
