 1             0 
 2             1 
 3             5 
 4             1 
 5             8 
 6             7 
 7             10 
 8             10 
 9             1 
 10            2 
 11            5 
 12            9 
 13            9 
 14            10 
 15            8 
 16            9 
 17            1 
 18            5 
 19            6 
 20            3 
 21            10 
 22            2 
 23            6 
 24            10 
 25            5 
 26            6 
 27            4 
 28            3 
 29            3 
 30            2 
 31            6 
 32            0 
