 1             0 
 2             7 
 3             5 
 4             7 
 5             4 
 6             3 
 7             10 
 8             8 
 9             9 
 10            4 
 11            10 
 12            6 
 13            3 
 14            2 
 15            8 
 16            10 
 17            10 
 18            10 
 19            6 
 20            7 
 21            7 
 22            4 
 23            7 
 24            8 
 25            1 
 26            8 
 27            5 
 28            7 
 29            3 
 30            9 
 31            1 
 32            0 
