 1             0 
 2             4 
 3             6 
 4             4 
 5             8 
 6             10 
 7             3 
 8             10 
 9             3 
 10            7 
 11            10 
 12            10 
 13            6 
 14            8 
 15            8 
 16            8 
 17            7 
 18            7 
 19            4 
 20            8 
 21            1 
 22            3 
 23            9 
 24            9 
 25            10 
 26            3 
 27            9 
 28            6 
 29            5 
 30            10 
 31            3 
 32            0 
