 1             0 
 2             9 
 3             10 
 4             4 
 5             1 
 6             7 
 7             8 
 8             8 
 9             9 
 10            1 
 11            7 
 12            1 
 13            10 
 14            9 
 15            1 
 16            10 
 17            7 
 18            10 
 19            5 
 20            1 
 21            7 
 22            7 
 23            4 
 24            2 
 25            9 
 26            1 
 27            6 
 28            7 
 29            4 
 30            8 
 31            6 
 32            0 
