 1             0 
 2             4 
 3             2 
 4             1 
 5             1 
 6             3 
 7             1 
 8             1 
 9             1 
 10            9 
 11            7 
 12            8 
 13            1 
 14            7 
 15            8 
 16            3 
 17            8 
 18            3 
 19            9 
 20            6 
 21            9 
 22            9 
 23            4 
 24            6 
 25            1 
 26            3 
 27            4 
 28            8 
 29            5 
 30            7 
 31            9 
 32            0 
