 1             0 
 2             2 
 3             10 
 4             7 
 5             10 
 6             2 
 7             6 
 8             6 
 9             1 
 10            6 
 11            8 
 12            5 
 13            3 
 14            6 
 15            1 
 16            3 
 17            5 
 18            9 
 19            7 
 20            7 
 21            1 
 22            7 
 23            1 
 24            6 
 25            5 
 26            7 
 27            7 
 28            3 
 29            9 
 30            3 
 31            10 
 32            0 
