 1             0 
 2             3 
 3             1 
 4             1 
 5             4 
 6             7 
 7             5 
 8             1 
 9             5 
 10            10 
 11            9 
 12            6 
 13            9 
 14            5 
 15            9 
 16            7 
 17            10 
 18            9 
 19            3 
 20            5 
 21            5 
 22            10 
 23            10 
 24            7 
 25            7 
 26            2 
 27            10 
 28            9 
 29            9 
 30            4 
 31            6 
 32            0 
