 1             0 
 2             10 
 3             7 
 4             8 
 5             5 
 6             8 
 7             7 
 8             6 
 9             4 
 10            5 
 11            9 
 12            1 
 13            8 
 14            5 
 15            1 
 16            5 
 17            1 
 18            4 
 19            5 
 20            3 
 21            10 
 22            10 
 23            1 
 24            10 
 25            4 
 26            8 
 27            9 
 28            7 
 29            2 
 30            2 
 31            5 
 32            0 
