 1             0 
 2             10 
 3             4 
 4             4 
 5             6 
 6             2 
 7             10 
 8             5 
 9             8 
 10            7 
 11            10 
 12            8 
 13            5 
 14            10 
 15            2 
 16            4 
 17            5 
 18            10 
 19            3 
 20            5 
 21            4 
 22            9 
 23            7 
 24            3 
 25            10 
 26            5 
 27            7 
 28            9 
 29            3 
 30            1 
 31            4 
 32            0 
