 1             0 
 2             10 
 3             7 
 4             1 
 5             10 
 6             3 
 7             8 
 8             6 
 9             2 
 10            1 
 11            9 
 12            5 
 13            4 
 14            4 
 15            7 
 16            2 
 17            4 
 18            7 
 19            9 
 20            6 
 21            7 
 22            4 
 23            7 
 24            10 
 25            3 
 26            6 
 27            3 
 28            5 
 29            9 
 30            7 
 31            4 
 32            0 
