 1             0 
 2             6 
 3             10 
 4             3 
 5             4 
 6             8 
 7             2 
 8             9 
 9             8 
 10            9 
 11            1 
 12            1 
 13            8 
 14            5 
 15            6 
 16            6 
 17            3 
 18            2 
 19            4 
 20            9 
 21            9 
 22            10 
 23            6 
 24            3 
 25            8 
 26            3 
 27            9 
 28            1 
 29            4 
 30            8 
 31            9 
 32            0 
