 1             0 
 2             4 
 3             7 
 4             9 
 5             5 
 6             2 
 7             10 
 8             4 
 9             9 
 10            7 
 11            1 
 12            5 
 13            5 
 14            9 
 15            7 
 16            8 
 17            5 
 18            1 
 19            5 
 20            7 
 21            7 
 22            9 
 23            7 
 24            3 
 25            5 
 26            6 
 27            1 
 28            10 
 29            9 
 30            9 
 31            3 
 32            0 
