 1             0 
 2             6 
 3             8 
 4             1 
 5             7 
 6             2 
 7             2 
 8             5 
 9             6 
 10            3 
 11            7 
 12            6 
 13            10 
 14            10 
 15            1 
 16            9 
 17            9 
 18            6 
 19            4 
 20            7 
 21            3 
 22            4 
 23            4 
 24            10 
 25            5 
 26            7 
 27            4 
 28            10 
 29            9 
 30            1 
 31            8 
 32            0 
