 1             0 
 2             10 
 3             10 
 4             9 
 5             3 
 6             8 
 7             8 
 8             2 
 9             2 
 10            1 
 11            10 
 12            8 
 13            9 
 14            7 
 15            2 
 16            2 
 17            3 
 18            1 
 19            9 
 20            7 
 21            6 
 22            7 
 23            10 
 24            6 
 25            4 
 26            3 
 27            3 
 28            2 
 29            10 
 30            10 
 31            4 
 32            0 
