 1             0 
 2             6 
 3             8 
 4             9 
 5             2 
 6             9 
 7             5 
 8             3 
 9             9 
 10            5 
 11            3 
 12            5 
 13            2 
 14            8 
 15            10 
 16            1 
 17            9 
 18            4 
 19            4 
 20            2 
 21            1 
 22            3 
 23            5 
 24            6 
 25            6 
 26            6 
 27            3 
 28            10 
 29            10 
 30            10 
 31            10 
 32            0 
