 1             0 
 2             1 
 3             2 
 4             3 
 5             3 
 6             10 
 7             2 
 8             6 
 9             5 
 10            4 
 11            5 
 12            4 
 13            10 
 14            6 
 15            7 
 16            3 
 17            4 
 18            6 
 19            2 
 20            6 
 21            5 
 22            3 
 23            5 
 24            6 
 25            4 
 26            10 
 27            5 
 28            10 
 29            10 
 30            9 
 31            3 
 32            0 
