 1             0 
 2             9 
 3             6 
 4             1 
 5             2 
 6             5 
 7             1 
 8             3 
 9             10 
 10            4 
 11            5 
 12            6 
 13            9 
 14            1 
 15            8 
 16            7 
 17            1 
 18            10 
 19            7 
 20            2 
 21            9 
 22            8 
 23            5 
 24            1 
 25            3 
 26            9 
 27            7 
 28            10 
 29            1 
 30            4 
 31            1 
 32            0 
