 1             0 
 2             8 
 3             8 
 4             5 
 5             4 
 6             6 
 7             8 
 8             3 
 9             7 
 10            4 
 11            1 
 12            7 
 13            1 
 14            1 
 15            6 
 16            2 
 17            4 
 18            1 
 19            10 
 20            4 
 21            10 
 22            3 
 23            5 
 24            8 
 25            9 
 26            3 
 27            5 
 28            6 
 29            9 
 30            10 
 31            9 
 32            0 
