 1             0 
 2             4 
 3             10 
 4             7 
 5             7 
 6             10 
 7             10 
 8             10 
 9             4 
 10            9 
 11            4 
 12            7 
 13            9 
 14            6 
 15            9 
 16            7 
 17            10 
 18            3 
 19            10 
 20            7 
 21            10 
 22            1 
 23            1 
 24            9 
 25            9 
 26            10 
 27            9 
 28            9 
 29            9 
 30            9 
 31            8 
 32            0 
