 1             0 
 2             10 
 3             6 
 4             9 
 5             1 
 6             6 
 7             2 
 8             10 
 9             4 
 10            1 
 11            8 
 12            4 
 13            3 
 14            2 
 15            2 
 16            10 
 17            8 
 18            4 
 19            4 
 20            1 
 21            9 
 22            1 
 23            1 
 24            9 
 25            9 
 26            10 
 27            5 
 28            5 
 29            8 
 30            8 
 31            10 
 32            0 
