 1             0 
 2             8 
 3             4 
 4             4 
 5             10 
 6             8 
 7             10 
 8             6 
 9             5 
 10            2 
 11            3 
 12            4 
 13            4 
 14            1 
 15            6 
 16            2 
 17            5 
 18            3 
 19            3 
 20            1 
 21            3 
 22            9 
 23            6 
 24            9 
 25            5 
 26            6 
 27            3 
 28            7 
 29            5 
 30            4 
 31            9 
 32            0 
