 1             0 
 2             2 
 3             2 
 4             6 
 5             1 
 6             8 
 7             10 
 8             7 
 9             7 
 10            7 
 11            4 
 12            4 
 13            1 
 14            5 
 15            6 
 16            4 
 17            3 
 18            2 
 19            7 
 20            2 
 21            9 
 22            10 
 23            5 
 24            1 
 25            7 
 26            8 
 27            1 
 28            8 
 29            2 
 30            10 
 31            6 
 32            0 
