 1             0 
 2             8 
 3             10 
 4             5 
 5             10 
 6             1 
 7             3 
 8             1 
 9             9 
 10            10 
 11            9 
 12            3 
 13            10 
 14            10 
 15            3 
 16            4 
 17            7 
 18            2 
 19            8 
 20            1 
 21            4 
 22            5 
 23            6 
 24            1 
 25            1 
 26            10 
 27            4 
 28            4 
 29            7 
 30            2 
 31            8 
 32            0 
