 1             0 
 2             8 
 3             7 
 4             4 
 5             2 
 6             4 
 7             9 
 8             8 
 9             3 
 10            9 
 11            4 
 12            3 
 13            2 
 14            9 
 15            8 
 16            1 
 17            6 
 18            5 
 19            1 
 20            7 
 21            1 
 22            9 
 23            6 
 24            8 
 25            5 
 26            6 
 27            4 
 28            4 
 29            5 
 30            8 
 31            6 
 32            0 
