 1             0 
 2             6 
 3             1 
 4             6 
 5             8 
 6             4 
 7             3 
 8             8 
 9             5 
 10            3 
 11            6 
 12            3 
 13            8 
 14            9 
 15            8 
 16            2 
 17            4 
 18            2 
 19            3 
 20            7 
 21            1 
 22            8 
 23            2 
 24            6 
 25            2 
 26            10 
 27            6 
 28            6 
 29            3 
 30            4 
 31            2 
 32            0 
