 1             0 
 2             5 
 3             3 
 4             7 
 5             6 
 6             8 
 7             10 
 8             4 
 9             4 
 10            2 
 11            9 
 12            2 
 13            1 
 14            2 
 15            2 
 16            1 
 17            9 
 18            8 
 19            3 
 20            5 
 21            1 
 22            2 
 23            7 
 24            10 
 25            6 
 26            6 
 27            9 
 28            8 
 29            7 
 30            10 
 31            9 
 32            0 
