 1             0 
 2             8 
 3             7 
 4             5 
 5             3 
 6             5 
 7             2 
 8             7 
 9             8 
 10            7 
 11            8 
 12            7 
 13            3 
 14            5 
 15            3 
 16            3 
 17            8 
 18            2 
 19            5 
 20            6 
 21            9 
 22            7 
 23            6 
 24            2 
 25            2 
 26            8 
 27            9 
 28            1 
 29            10 
 30            7 
 31            7 
 32            0 
