 1             0 
 2             5 
 3             3 
 4             8 
 5             10 
 6             8 
 7             9 
 8             3 
 9             1 
 10            5 
 11            9 
 12            3 
 13            9 
 14            2 
 15            7 
 16            8 
 17            1 
 18            2 
 19            7 
 20            8 
 21            8 
 22            7 
 23            7 
 24            7 
 25            5 
 26            10 
 27            10 
 28            1 
 29            7 
 30            6 
 31            2 
 32            0 
