 1             0 
 2             1 
 3             4 
 4             6 
 5             7 
 6             2 
 7             3 
 8             8 
 9             5 
 10            10 
 11            8 
 12            8 
 13            8 
 14            8 
 15            9 
 16            4 
 17            3 
 18            10 
 19            10 
 20            1 
 21            10 
 22            10 
 23            5 
 24            4 
 25            7 
 26            6 
 27            4 
 28            9 
 29            4 
 30            7 
 31            4 
 32            0 
