 1             0 
 2             7 
 3             6 
 4             10 
 5             7 
 6             1 
 7             5 
 8             9 
 9             2 
 10            5 
 11            10 
 12            7 
 13            8 
 14            3 
 15            3 
 16            10 
 17            6 
 18            6 
 19            8 
 20            1 
 21            8 
 22            6 
 23            5 
 24            3 
 25            2 
 26            1 
 27            10 
 28            9 
 29            8 
 30            1 
 31            1 
 32            0 
