 1             0 
 2             8 
 3             4 
 4             4 
 5             8 
 6             1 
 7             1 
 8             1 
 9             2 
 10            2 
 11            6 
 12            5 
 13            5 
 14            3 
 15            8 
 16            4 
 17            3 
 18            7 
 19            5 
 20            10 
 21            5 
 22            2 
 23            3 
 24            5 
 25            9 
 26            10 
 27            10 
 28            1 
 29            10 
 30            8 
 31            1 
 32            0 
