 1             0 
 2             5 
 3             4 
 4             9 
 5             6 
 6             7 
 7             4 
 8             7 
 9             3 
 10            6 
 11            2 
 12            10 
 13            7 
 14            4 
 15            4 
 16            2 
 17            2 
 18            1 
 19            2 
 20            10 
 21            9 
 22            5 
 23            9 
 24            4 
 25            1 
 26            5 
 27            3 
 28            7 
 29            5 
 30            2 
 31            9 
 32            0 
