 1             0 
 2             1 
 3             5 
 4             6 
 5             9 
 6             5 
 7             6 
 8             2 
 9             2 
 10            7 
 11            2 
 12            10 
 13            4 
 14            10 
 15            3 
 16            9 
 17            7 
 18            10 
 19            10 
 20            8 
 21            6 
 22            4 
 23            6 
 24            10 
 25            5 
 26            6 
 27            5 
 28            10 
 29            2 
 30            10 
 31            4 
 32            0 
