 1             0 
 2             8 
 3             7 
 4             3 
 5             10 
 6             10 
 7             6 
 8             9 
 9             7 
 10            2 
 11            10 
 12            4 
 13            3 
 14            9 
 15            9 
 16            10 
 17            7 
 18            5 
 19            3 
 20            7 
 21            4 
 22            5 
 23            9 
 24            4 
 25            8 
 26            4 
 27            3 
 28            2 
 29            2 
 30            10 
 31            5 
 32            0 
