 1             0 
 2             4 
 3             9 
 4             8 
 5             7 
 6             9 
 7             2 
 8             9 
 9             6 
 10            3 
 11            3 
 12            3 
 13            7 
 14            9 
 15            8 
 16            2 
 17            2 
 18            7 
 19            8 
 20            6 
 21            8 
 22            2 
 23            7 
 24            2 
 25            8 
 26            5 
 27            6 
 28            1 
 29            9 
 30            5 
 31            5 
 32            0 
