 1             0 
 2             7 
 3             4 
 4             10 
 5             4 
 6             10 
 7             6 
 8             10 
 9             2 
 10            9 
 11            6 
 12            7 
 13            10 
 14            6 
 15            6 
 16            1 
 17            7 
 18            5 
 19            6 
 20            10 
 21            6 
 22            10 
 23            10 
 24            4 
 25            4 
 26            3 
 27            5 
 28            8 
 29            5 
 30            4 
 31            6 
 32            0 
