 1             0 
 2             4 
 3             1 
 4             8 
 5             10 
 6             5 
 7             9 
 8             1 
 9             8 
 10            7 
 11            9 
 12            6 
 13            8 
 14            9 
 15            7 
 16            6 
 17            10 
 18            2 
 19            7 
 20            5 
 21            3 
 22            9 
 23            6 
 24            8 
 25            2 
 26            5 
 27            9 
 28            2 
 29            8 
 30            2 
 31            5 
 32            0 
