 1             0 
 2             7 
 3             6 
 4             2 
 5             3 
 6             3 
 7             9 
 8             8 
 9             7 
 10            5 
 11            5 
 12            9 
 13            10 
 14            2 
 15            4 
 16            1 
 17            4 
 18            10 
 19            2 
 20            7 
 21            6 
 22            2 
 23            3 
 24            7 
 25            7 
 26            6 
 27            3 
 28            10 
 29            3 
 30            7 
 31            8 
 32            0 
