 1             0 
 2             4 
 3             6 
 4             7 
 5             2 
 6             8 
 7             9 
 8             5 
 9             7 
 10            4 
 11            3 
 12            5 
 13            9 
 14            1 
 15            4 
 16            8 
 17            6 
 18            3 
 19            6 
 20            4 
 21            6 
 22            4 
 23            1 
 24            8 
 25            2 
 26            9 
 27            5 
 28            5 
 29            2 
 30            4 
 31            9 
 32            0 
