 1             0 
 2             10 
 3             8 
 4             8 
 5             8 
 6             6 
 7             6 
 8             9 
 9             7 
 10            8 
 11            7 
 12            8 
 13            3 
 14            10 
 15            10 
 16            3 
 17            7 
 18            6 
 19            2 
 20            5 
 21            9 
 22            8 
 23            5 
 24            10 
 25            6 
 26            10 
 27            10 
 28            5 
 29            7 
 30            9 
 31            9 
 32            0 
