 1             0 
 2             2 
 3             10 
 4             6 
 5             3 
 6             8 
 7             10 
 8             9 
 9             1 
 10            9 
 11            9 
 12            2 
 13            2 
 14            5 
 15            9 
 16            5 
 17            4 
 18            7 
 19            2 
 20            4 
 21            8 
 22            3 
 23            5 
 24            9 
 25            5 
 26            5 
 27            2 
 28            5 
 29            8 
 30            5 
 31            3 
 32            0 
