 1             0 
 2             3 
 3             1 
 4             10 
 5             7 
 6             5 
 7             1 
 8             8 
 9             5 
 10            9 
 11            9 
 12            5 
 13            8 
 14            5 
 15            3 
 16            8 
 17            2 
 18            3 
 19            8 
 20            8 
 21            1 
 22            6 
 23            5 
 24            2 
 25            1 
 26            6 
 27            8 
 28            8 
 29            7 
 30            7 
 31            1 
 32            0 
