 1             2 
 1             3 
 1             5 
 2             4 
 2             8 
 3             6 
 3             8 
 4             6 
 5             6 
 6             7 
 6             13 
 7             9 
 8             12 
 8             13 
 9             10 
 10            11 
 11            12 
 11            15 
 12            14 
 12            19 
 12            20 
 13            15 
 13            17 
 13            19 
 14            16 
 15            20 
 15            21 
 15            22 
 16            18 
 16            22 
 17            18 
 18            21 
 18            24 
 18            27 
 19            21 
 19            27 
 20            24 
 20            27 
 21            23 
 22            26 
 22            27 
 23            25 
 24            25 
 25            26 
 26            28 
 26            30 
 27            28 
 27            30 
 28            29 
 29            31 
 30            31 
 31            32 
