 1             2 
 1             3 
 1             4 
 1             5 
 1             6 
 1             7 
 1             8 
 1             9 
 1             10 
 1             11 
 1             12 
 1             13 
 1             14 
 1             15 
 1             16 
 1             17 
 1             18 
 1             19 
 1             22 
 1             23 
 1             31 
 2             21 
 2             25 
 2             26 
 2             27 
 2             28 
 2             29 
 3             21 
 3             25 
 3             26 
 3             27 
 3             28 
 4             20 
 4             24 
 4             26 
 4             27 
 4             28 
 5             24 
 5             25 
 5             26 
 5             29 
 5             30 
 6             20 
 6             24 
 6             28 
 6             29 
 7             24 
 7             25 
 7             26 
 7             29 
 8             25 
 8             26 
 8             27 
 8             29 
 9             24 
 9             25 
 9             29 
 9             30 
 10            24 
 10            27 
 10            30 
 11            24 
 11            26 
 11            28 
 12            24 
 12            27 
 12            28 
 13            26 
 13            27 
 13            29 
 14            27 
 14            29 
 15            26 
 15            28 
 16            25 
 16            28 
 17            25 
 17            27 
 18            24 
 18            26 
 19            24 
 19            25 
 20            25 
 21            24 
 22            30 
 23            24 
 24            32 
 25            32 
 26            32 
 27            32 
 28            32 
 29            32 
 30            32 
 31            32 
