 1             2 
 1             4 
 1             5 
 1             7 
 1             8 
 1             13 
 1             14 
 1             15 
 1             16 
 1             25 
 1             26 
 1             27 
 1             28 
 1             29 
 1             30 
 1             31 
 2             3 
 2             11 
 2             21 
 2             24 
 3             6 
 3             19 
 3             22 
 4             10 
 4             19 
 4             20 
 4             22 
 4             23 
 5             18 
 5             19 
 5             21 
 5             23 
 5             24 
 6             9 
 6             18 
 7             10 
 7             12 
 8             17 
 8             18 
 8             19 
 9             10 
 9             20 
 10            17 
 11            22 
 12            18 
 13            23 
 14            21 
 15            21 
 16            17 
 17            32 
 18            32 
 19            32 
 20            32 
 21            32 
 22            32 
 23            32 
 24            32 
 25            32 
 26            32 
 27            32 
 28            32 
 29            32 
 30            32 
 31            32 
