 1             2 
 1             3 
 1             5 
 2             4 
 3             4 
 4             7 
 4             12 
 5             6 
 6             7 
 7             8 
 7             10 
 8             9 
 9             11 
 9             13 
 10            11 
 11            14 
 11            15 
 11            16 
 11            18 
 12            13 
 12            15 
 13            14 
 13            18 
 14            17 
 14            19 
 14            21 
 14            22 
 14            26 
 15            20 
 15            21 
 15            22 
 15            24 
 15            26 
 16            20 
 16            24 
 16            26 
 17            23 
 17            24 
 18            23 
 18            24 
 19            20 
 20            23 
 21            23 
 22            23 
 23            25 
 23            27 
 24            25 
 24            27 
 25            28 
 25            29 
 25            30 
 25            31 
 26            28 
 26            29 
 26            30 
 27            28 
 27            29 
 28            32 
 29            32 
 30            32 
 31            32 
