 1             2 
 1             3 
 1             6 
 1             7 
 1             8 
 1             13 
 2             4 
 2             5 
 2             10 
 2             15 
 2             18 
 2             19 
 3             11 
 3             12 
 3             14 
 3             18 
 3             19 
 3             31 
 4             12 
 4             16 
 4             17 
 4             21 
 4             31 
 5             9 
 5             21 
 5             31 
 6             10 
 6             17 
 6             23 
 6             24 
 7             10 
 7             23 
 7             24 
 8             9 
 9             14 
 9             22 
 9             23 
 10            20 
 10            21 
 10            22 
 10            26 
 10            28 
 11            16 
 11            21 
 12            20 
 12            23 
 12            26 
 12            27 
 12            30 
 13            20 
 13            23 
 13            26 
 13            27 
 13            30 
 14            24 
 14            25 
 14            26 
 14            27 
 14            30 
 15            20 
 15            24 
 15            31 
 16            23 
 16            26 
 16            28 
 16            30 
 17            25 
 17            26 
 17            27 
 18            23 
 18            29 
 19            23 
 19            26 
 20            25 
 20            29 
 21            25 
 21            29 
 22            25 
 22            27 
 23            25 
 24            28 
 25            32 
 26            32 
 27            32 
 28            32 
 29            32 
 30            32 
 31            32 
