 1             2 
 1             4 
 1             6 
 1             8 
 1             14 
 1             15 
 1             18 
 1             20 
 1             21 
 1             31 
 2             3 
 2             17 
 2             19 
 3             7 
 3             9 
 3             13 
 3             16 
 4             5 
 4             19 
 5             10 
 5             23 
 5             30 
 6             12 
 6             13 
 6             19 
 6             23 
 6             29 
 7             10 
 7             23 
 8             11 
 8             23 
 8             29 
 9             12 
 9             23 
 9             29 
 10            11 
 10            29 
 11            12 
 12            22 
 12            26 
 12            27 
 12            28 
 13            22 
 13            26 
 13            27 
 13            28 
 14            23 
 14            27 
 14            28 
 15            22 
 15            26 
 15            28 
 16            22 
 16            26 
 17            23 
 17            29 
 18            23 
 18            27 
 19            24 
 19            27 
 20            26 
 20            27 
 21            25 
 21            26 
 22            24 
 23            24 
 24            25 
 25            32 
 26            32 
 27            32 
 28            32 
 29            32 
 30            32 
 31            32 
