 1             2 
 1             4 
 1             6 
 1             7 
 1             9 
 1             14 
 1             18 
 1             29 
 1             30 
 1             31 
 2             3 
 2             11 
 2             12 
 2             16 
 2             17 
 2             25 
 2             26 
 3             5 
 3             10 
 3             27 
 4             11 
 4             15 
 4             19 
 4             20 
 4             21 
 4             23 
 5             8 
 5             19 
 5             20 
 5             23 
 6             10 
 6             12 
 6             21 
 6             26 
 7             13 
 7             16 
 7             27 
 7             28 
 8             15 
 8             21 
 8             24 
 9             16 
 9             20 
 9             25 
 10            20 
 10            23 
 11            22 
 11            24 
 12            19 
 12            20 
 13            19 
 13            25 
 14            21 
 14            26 
 15            22 
 16            19 
 17            19 
 18            28 
 19            32 
 20            32 
 21            32 
 22            32 
 23            32 
 24            32 
 25            32 
 26            32 
 27            32 
 28            32 
 29            32 
 30            32 
 31            32 
