 1             2 
 1             5 
 1             6 
 1             8 
 1             9 
 1             10 
 1             12 
 1             15 
 1             16 
 1             17 
 1             22 
 2             3 
 2             28 
 3             4 
 3             29 
 4             7 
 4             14 
 4             26 
 5             14 
 5             18 
 5             25 
 5             26 
 5             27 
 6             18 
 6             21 
 6             24 
 6             26 
 6             27 
 6             31 
 7             11 
 7             21 
 7             25 
 8             13 
 8             25 
 8             28 
 9             18 
 9             19 
 9             27 
 9             30 
 10            13 
 10            25 
 11            13 
 12            13 
 13            18 
 13            24 
 14            21 
 14            24 
 15            20 
 15            26 
 16            20 
 16            26 
 17            20 
 17            25 
 18            20 
 19            20 
 20            23 
 21            23 
 22            27 
 23            32 
 24            32 
 25            32 
 26            32 
 27            32 
 28            32 
 29            32 
 30            32 
 31            32 
