 1             2 
 1             3 
 1             4 
 1             6 
 1             7 
 1             9 
 1             10 
 1             13 
 1             17 
 1             30 
 1             31 
 2             11 
 2             16 
 2             21 
 2             22 
 2             23 
 2             26 
 2             27 
 2             28 
 2             29 
 3             5 
 3             15 
 4             8 
 4             21 
 4             23 
 4             25 
 5             8 
 5             22 
 5             24 
 6             14 
 6             15 
 6             20 
 6             21 
 6             22 
 6             24 
 7             12 
 7             19 
 7             21 
 7             23 
 8             11 
 8             14 
 8             19 
 9             16 
 9             18 
 9             20 
 10            21 
 10            22 
 10            25 
 11            12 
 12            18 
 12            20 
 13            15 
 14            18 
 15            19 
 16            19 
 17            18 
 18            32 
 19            32 
 20            32 
 21            32 
 22            32 
 23            32 
 24            32 
 25            32 
 26            32 
 27            32 
 28            32 
 29            32 
 30            32 
 31            32 
