 1             2 
 1             4 
 1             16 
 2             3 
 3             5 
 3             10 
 4             7 
 4             10 
 4             12 
 5             6 
 5             12 
 6             7 
 6             31 
 7             8 
 8             9 
 9             11 
 9             18 
 10            11 
 10            31 
 11            13 
 11            21 
 12            17 
 12            24 
 12            29 
 12            30 
 13            14 
 14            15 
 14            29 
 15            17 
 16            17 
 17            19 
 18            23 
 18            28 
 18            29 
 18            30 
 19            20 
 20            22 
 20            28 
 21            24 
 21            25 
 21            28 
 22            23 
 23            25 
 23            27 
 24            26 
 24            27 
 25            26 
 26            32 
 27            32 
 28            32 
 29            32 
 30            32 
 31            32 
