 1             2 
 1             29 
 1             30 
 1             31 
 2             3 
 2             28 
 3             4 
 3             27 
 4             5 
 4             13 
 5             6 
 6             7 
 7             8 
 7             26 
 8             9 
 9             10 
 10            11 
 11            12 
 12            14 
 13            14 
 14            15 
 15            16 
 15            25 
 16            17 
 16            24 
 17            18 
 18            19 
 19            20 
 20            21 
 21            22 
 22            23 
 23            32 
 24            32 
 25            32 
 26            32 
 27            32 
 28            32 
 29            32 
 30            32 
 31            32 
