 1             2 
 1             4 
 1             8 
 1             9 
 1             11 
 1             16 
 1             28 
 1             29 
 1             30 
 1             31 
 2             3 
 2             14 
 3             5 
 3             15 
 3             22 
 3             23 
 3             27 
 4             7 
 4             18 
 4             21 
 4             22 
 4             23 
 4             25 
 5             6 
 5             25 
 6             7 
 6             18 
 6             21 
 7             10 
 7             20 
 8             13 
 8             18 
 8             23 
 8             24 
 9             14 
 9             22 
 9             26 
 10            12 
 10            19 
 11            18 
 11            26 
 12            13 
 13            17 
 14            17 
 15            24 
 16            26 
 17            32 
 18            32 
 19            32 
 20            32 
 21            32 
 22            32 
 23            32 
 24            32 
 25            32 
 26            32 
 27            32 
 28            32 
 29            32 
 30            32 
 31            32 
