 1             2 
 1             3 
 1             4 
 1             5 
 1             6 
 1             10 
 1             19 
 1             20 
 1             30 
 1             31 
 2             7 
 2             9 
 2             11 
 2             13 
 2             24 
 2             25 
 2             26 
 2             28 
 2             29 
 3             11 
 3             13 
 3             14 
 3             18 
 3             24 
 3             25 
 3             26 
 4             8 
 4             16 
 4             26 
 4             27 
 4             28 
 5             14 
 5             17 
 5             22 
 5             24 
 5             27 
 5             28 
 6             15 
 6             16 
 6             17 
 6             24 
 6             25 
 6             27 
 7             12 
 7             16 
 7             23 
 8             11 
 8             24 
 8             25 
 9             12 
 9             22 
 10            13 
 10            26 
 11            15 
 11            22 
 12            14 
 13            21 
 13            23 
 14            15 
 15            21 
 16            22 
 17            23 
 18            21 
 19            24 
 20            22 
 21            32 
 22            32 
 23            32 
 24            32 
 25            32 
 26            32 
 27            32 
 28            32 
 29            32 
 30            32 
 31            32 
