 1             2 
 1             6 
 1             31 
 2             3 
 2             27 
 2             30 
 3             4 
 3             8 
 3             26 
 3             28 
 3             29 
 4             5 
 5             7 
 5             12 
 5             24 
 5             25 
 6             7 
 6             12 
 6             26 
 6             27 
 7             9 
 7             14 
 7             22 
 7             23 
 8             9 
 8             22 
 8             24 
 9             10 
 10            11 
 10            21 
 11            13 
 11            19 
 11            20 
 12            13 
 12            14 
 13            15 
 13            18 
 14            15 
 15            16 
 16            17 
 17            32 
 18            32 
 19            32 
 20            32 
 21            32 
 22            32 
 23            32 
 24            32 
 25            32 
 26            32 
 27            32 
 28            32 
 29            32 
 30            32 
 31            32 
