 1             2 
 1             3 
 1             4 
 1             6 
 1             7 
 1             9 
 1             11 
 1             12 
 2             5 
 2             10 
 2             14 
 2             16 
 2             22 
 2             31 
 3             13 
 3             14 
 3             15 
 3             18 
 3             21 
 3             22 
 3             23 
 3             25 
 3             26 
 3             30 
 4             8 
 4             14 
 4             17 
 4             21 
 5             17 
 5             18 
 5             19 
 5             23 
 5             24 
 5             25 
 5             26 
 6             14 
 6             18 
 6             21 
 6             24 
 6             28 
 6             29 
 7             17 
 7             19 
 7             20 
 7             23 
 7             26 
 8             18 
 8             20 
 8             22 
 8             27 
 9             18 
 9             20 
 9             22 
 9             23 
 10            17 
 10            18 
 10            19 
 11            20 
 11            21 
 11            25 
 12            15 
 12            24 
 13            17 
 13            20 
 14            19 
 15            17 
 16            21 
 17            32 
 18            32 
 19            32 
 20            32 
 21            32 
 22            32 
 23            32 
 24            32 
 25            32 
 26            32 
 27            32 
 28            32 
 29            32 
 30            32 
 31            32 
