 1             2 
 1             3 
 1             4 
 1             5 
 1             6 
 1             7 
 1             8 
 1             9 
 1             10 
 1             11 
 1             13 
 1             16 
 1             17 
 1             18 
 2             12 
 2             19 
 2             20 
 2             21 
 2             23 
 2             24 
 2             26 
 2             27 
 2             28 
 3             14 
 3             19 
 3             20 
 3             21 
 3             23 
 3             24 
 3             26 
 3             28 
 4             12 
 4             19 
 4             20 
 4             21 
 4             26 
 4             27 
 4             29 
 5             19 
 5             21 
 5             22 
 5             23 
 5             24 
 5             29 
 5             31 
 6             19 
 6             20 
 6             22 
 6             24 
 6             25 
 6             26 
 7             20 
 7             21 
 7             24 
 7             25 
 7             30 
 8             19 
 8             21 
 8             24 
 8             29 
 9             15 
 9             22 
 9             25 
 10            19 
 10            23 
 10            28 
 11            19 
 11            20 
 11            23 
 12            22 
 12            25 
 13            19 
 13            21 
 14            27 
 15            19 
 16            23 
 17            22 
 18            20 
 19            32 
 20            32 
 21            32 
 22            32 
 23            32 
 24            32 
 25            32 
 26            32 
 27            32 
 28            32 
 29            32 
 30            32 
 31            32 
