 1             2 
 1             3 
 1             4 
 1             5 
 1             6 
 1             8 
 1             10 
 1             11 
 1             12 
 1             13 
 1             14 
 1             27 
 1             28 
 1             29 
 1             30 
 1             31 
 2             9 
 2             17 
 2             18 
 2             20 
 2             25 
 2             26 
 3             9 
 3             16 
 3             17 
 3             20 
 3             21 
 4             15 
 4             16 
 4             19 
 4             20 
 4             24 
 5             7 
 5             17 
 5             19 
 6             15 
 6             19 
 6             22 
 7             16 
 7             23 
 8             15 
 8             22 
 9             15 
 10            18 
 11            21 
 12            18 
 13            17 
 14            16 
 15            32 
 16            32 
 17            32 
 18            32 
 19            32 
 20            32 
 21            32 
 22            32 
 23            32 
 24            32 
 25            32 
 26            32 
 27            32 
 28            32 
 29            32 
 30            32 
 31            32 
