 1             2 
 1             4 
 1             5 
 1             8 
 1             9 
 1             10 
 2             3 
 2             6 
 2             28 
 3             7 
 3             15 
 3             17 
 3             18 
 4             6 
 4             11 
 4             18 
 5             11 
 5             15 
 5             17 
 6             13 
 6             14 
 6             15 
 6             16 
 6             17 
 6             20 
 7             11 
 7             14 
 8             14 
 8             16 
 8             17 
 8             18 
 8             19 
 8             28 
 9             11 
 10            13 
 10            14 
 10            17 
 10            28 
 11            12 
 11            16 
 11            20 
 12            13 
 13            19 
 13            22 
 13            27 
 14            21 
 14            22 
 14            27 
 14            31 
 15            19 
 15            26 
 15            27 
 16            21 
 16            26 
 16            27 
 16            31 
 17            21 
 17            22 
 17            27 
 18            21 
 18            22 
 18            27 
 19            21 
 19            30 
 19            31 
 20            25 
 20            26 
 21            23 
 22            26 
 22            29 
 23            24 
 24            25 
 25            29 
 26            30 
 27            29 
 28            29 
 29            32 
 30            32 
 31            32 
