 1             2 
 1             31 
 2             3 
 2             7 
 3             4 
 3             20 
 3             30 
 4             5 
 4             29 
 5             6 
 5             13 
 6             8 
 6             27 
 6             28 
 7             8 
 8             9 
 8             26 
 9             10 
 10            11 
 10            17 
 10            25 
 11            12 
 11            19 
 12            14 
 13            14 
 14            15 
 15            16 
 15            24 
 16            18 
 16            22 
 16            23 
 17            18 
 17            23 
 18            21 
 19            22 
 20            21 
 21            32 
 22            32 
 23            32 
 24            32 
 25            32 
 26            32 
 27            32 
 28            32 
 29            32 
 30            32 
 31            32 
