 1             2 
 1             28 
 1             29 
 1             30 
 1             31 
 2             3 
 2             27 
 3             4 
 3             26 
 4             5 
 4             25 
 5             6 
 6             7 
 7             8 
 8             9 
 8             24 
 9             10 
 9             21 
 9             22 
 9             23 
 10            11 
 10            20 
 11            12 
 12            13 
 13            14 
 14            15 
 15            16 
 16            17 
 17            18 
 18            19 
 19            32 
 20            32 
 21            32 
 22            32 
 23            32 
 24            32 
 25            32 
 26            32 
 27            32 
 28            32 
 29            32 
 30            32 
 31            32 
