 1             2 
 1             5 
 1             11 
 2             3 
 3             4 
 3             9 
 3             16 
 4             6 
 5             6 
 6             7 
 7             8 
 8             10 
 9             10 
 10            12 
 10            13 
 10            19 
 10            21 
 11            12 
 11            16 
 11            21 
 12            14 
 12            29 
 13            15 
 13            24 
 13            27 
 14            15 
 14            27 
 15            17 
 15            28 
 16            19 
 16            24 
 17            18 
 18            20 
 18            31 
 19            22 
 19            27 
 20            22 
 21            25 
 21            28 
 22            23 
 23            25 
 24            25 
 25            26 
 26            30 
 27            31 
 28            30 
 29            30 
 30            32 
 31            32 
