 1             2 
 1             5 
 2             3 
 3             4 
 3             6 
 3             7 
 4             8 
 4             9 
 5             8 
 5             9 
 6             9 
 6             13 
 7             8 
 8             10 
 8             11 
 8             12 
 8             13 
 9             10 
 9             11 
 9             12 
 10            14 
 10            15 
 11            14 
 11            15 
 12            14 
 12            15 
 13            14 
 13            15 
 14            16 
 14            17 
 15            16 
 16            18 
 16            23 
 17            18 
 17            23 
 18            19 
 18            21 
 19            20 
 20            22 
 20            24 
 21            24 
 21            25 
 22            25 
 22            29 
 23            25 
 23            29 
 24            26 
 24            27 
 24            29 
 25            26 
 25            27 
 26            28 
 26            30 
 27            30 
 27            31 
 28            31 
 29            30 
 30            32 
 31            32 
