 1             2 
 1             31 
 2             3 
 2             30 
 3             4 
 4             5 
 5             6 
 5             13 
 6             7 
 6             10 
 6             11 
 7             8 
 7             23 
 8             9 
 8             12 
 9             14 
 9             20 
 10            12 
 11            12 
 12            15 
 12            28 
 13            18 
 13            23 
 13            26 
 13            27 
 13            29 
 14            16 
 14            22 
 15            17 
 15            22 
 16            17 
 17            18 
 17            26 
 17            27 
 18            19 
 18            25 
 19            21 
 20            21 
 21            24 
 22            25 
 23            28 
 24            32 
 25            32 
 26            32 
 27            32 
 28            32 
 29            32 
 30            32 
 31            32 
