 1             2 
 2             3 
 3             4 
 3             13 
 4             5 
 5             6 
 6             7 
 7             8 
 7             19 
 8             9 
 9             10 
 10            11 
 10            15 
 11            12 
 12            14 
 13            14 
 14            16 
 15            16 
 16            17 
 17            18 
 18            20 
 18            31 
 19            20 
 20            21 
 21            22 
 21            30 
 22            23 
 22            29 
 23            24 
 24            25 
 25            26 
 26            27 
 27            28 
 28            32 
 29            32 
 30            32 
 31            32 
