 1             2 
 1             11 
 1             12 
 1             29 
 1             30 
 1             31 
 2             3 
 3             4 
 3             9 
 3             16 
 3             17 
 3             27 
 4             5 
 4             8 
 4             10 
 4             15 
 4             23 
 4             28 
 5             6 
 5             21 
 5             22 
 6             7 
 7             13 
 7             19 
 7             20 
 8             14 
 8             25 
 8             26 
 9             13 
 9             19 
 10            18 
 10            24 
 11            23 
 11            27 
 12            18 
 12            22 
 13            14 
 14            18 
 15            18 
 16            21 
 17            19 
 18            32 
 19            32 
 20            32 
 21            32 
 22            32 
 23            32 
 24            32 
 25            32 
 26            32 
 27            32 
 28            32 
 29            32 
 30            32 
 31            32 
