 1             2 
 1             19 
 1             20 
 1             21 
 1             22 
 1             23 
 1             24 
 1             25 
 1             26 
 1             27 
 1             28 
 1             29 
 1             30 
 1             31 
 2             3 
 2             18 
 3             4 
 3             16 
 3             17 
 4             5 
 5             6 
 5             14 
 5             15 
 6             7 
 7             8 
 8             9 
 9             10 
 10            11 
 11            12 
 12            13 
 13            32 
 14            32 
 15            32 
 16            32 
 17            32 
 18            32 
 19            32 
 20            32 
 21            32 
 22            32 
 23            32 
 24            32 
 25            32 
 26            32 
 27            32 
 28            32 
 29            32 
 30            32 
 31            32 
