 1             2 
 2             3 
 3             4 
 4             5 
 5             6 
 6             7 
 7             8 
 7             17 
 8             9 
 9             10 
 10            11 
 11            12 
 12            13 
 12            25 
 13            14 
 14            15 
 15            16 
 16            18 
 17            18 
 18            19 
 19            20 
 20            21 
 21            22 
 22            23 
 23            24 
 24            26 
 24            31 
 25            27 
 25            31 
 26            27 
 27            28 
 28            29 
 29            30 
 30            32 
 31            32 
