 1             2 
 1             3 
 1             4 
 1             5 
 1             6 
 1             7 
 1             8 
 1             9 
 1             10 
 1             12 
 1             13 
 1             14 
 1             29 
 1             30 
 1             31 
 2             15 
 2             19 
 2             20 
 2             21 
 2             22 
 2             23 
 2             26 
 3             18 
 3             19 
 3             20 
 3             21 
 3             22 
 3             23 
 3             26 
 4             16 
 4             20 
 4             21 
 4             22 
 4             24 
 4             27 
 5             15 
 5             19 
 5             20 
 5             24 
 5             25 
 5             27 
 6             11 
 6             19 
 6             20 
 6             22 
 6             25 
 7             11 
 7             22 
 7             25 
 8             15 
 8             17 
 8             19 
 9             18 
 9             19 
 9             21 
 9             28 
 10            19 
 10            23 
 10            24 
 11            18 
 11            21 
 12            19 
 12            22 
 13            20 
 13            21 
 14            15 
 15            18 
 16            23 
 17            20 
 18            32 
 19            32 
 20            32 
 21            32 
 22            32 
 23            32 
 24            32 
 25            32 
 26            32 
 27            32 
 28            32 
 29            32 
 30            32 
 31            32 
