 1             2 
 1             4 
 1             6 
 1             7 
 1             8 
 1             15 
 1             31 
 2             3 
 2             10 
 3             5 
 3             17 
 4             11 
 4             12 
 4             17 
 4             20 
 4             21 
 4             27 
 5             9 
 5             16 
 5             29 
 5             30 
 6             11 
 6             13 
 6             14 
 6             16 
 7             13 
 7             17 
 7             20 
 7             24 
 7             27 
 7             28 
 7             29 
 8             10 
 8             21 
 8             24 
 8             29 
 8             30 
 9             12 
 9             20 
 9             21 
 9             24 
 9             27 
 10            13 
 10            27 
 11            18 
 11            23 
 11            24 
 11            29 
 11            30 
 12            13 
 13            18 
 13            23 
 13            25 
 13            26 
 14            19 
 14            20 
 14            27 
 14            28 
 15            23 
 15            24 
 15            29 
 16            19 
 16            24 
 17            23 
 17            30 
 18            19 
 19            22 
 20            22 
 21            28 
 22            32 
 23            32 
 24            32 
 25            32 
 26            32 
 27            32 
 28            32 
 29            32 
 30            32 
 31            32 
