 1             2 
 1             5 
 1             6 
 1             9 
 1             10 
 1             13 
 1             19 
 1             31 
 2             3 
 2             30 
 3             4 
 3             21 
 3             22 
 3             23 
 3             27 
 3             28 
 4             7 
 4             16 
 4             26 
 5             7 
 5             21 
 5             26 
 6             12 
 6             18 
 6             21 
 6             22 
 6             23 
 7             8 
 7             25 
 8             11 
 8             24 
 9             20 
 9             21 
 9             23 
 9             29 
 10            16 
 10            21 
 11            15 
 12            15 
 13            14 
 14            22 
 14            23 
 15            17 
 16            17 
 17            20 
 18            20 
 19            22 
 20            32 
 21            32 
 22            32 
 23            32 
 24            32 
 25            32 
 26            32 
 27            32 
 28            32 
 29            32 
 30            32 
 31            32 
