 1             2 
 2             3 
 3             4 
 4             5 
 4             7 
 5             6 
 5             15 
 6             8 
 6             9 
 7             9 
 7             15 
 8             10 
 9             11 
 10            11 
 11            12 
 11            13 
 12            14 
 13            17 
 13            18 
 13            21 
 14            16 
 14            21 
 15            17 
 15            21 
 16            18 
 16            24 
 17            19 
 17            24 
 18            19 
 19            20 
 19            25 
 20            22 
 21            22 
 22            23 
 23            26 
 23            31 
 24            25 
 25            27 
 25            31 
 26            27 
 27            28 
 28            29 
 29            30 
 30            32 
 31            32 
