 1             2 
 1             6 
 2             3 
 3             4 
 3             5 
 4             7 
 4             8 
 4             11 
 5             7 
 5             8 
 6             7 
 6             11 
 7             9 
 7             10 
 7             13 
 7             15 
 8             12 
 8             13 
 9             12 
 10            12 
 11            12 
 12            14 
 12            16 
 13            16 
 13            18 
 14            17 
 14            18 
 15            16 
 16            17 
 17            19 
 17            20 
 17            23 
 18            19 
 18            20 
 18            23 
 19            21 
 19            27 
 20            21 
 21            22 
 22            24 
 22            26 
 23            25 
 23            26 
 23            29 
 24            25 
 24            29 
 25            28 
 25            31 
 26            28 
 27            28 
 28            30 
 29            30 
 30            32 
 31            32 
