 1             2 
 1             4 
 1             5 
 1             6 
 1             7 
 1             11 
 1             12 
 2             3 
 2             10 
 3             9 
 3             14 
 4             8 
 4             10 
 5             10 
 5             13 
 6             13 
 6             15 
 6             18 
 7             8 
 8             15 
 8             16 
 8             18 
 8             20 
 8             24 
 9             13 
 9             15 
 10            15 
 10            18 
 10            20 
 10            24 
 11            14 
 11            17 
 11            20 
 12            17 
 12            18 
 12            19 
 12            20 
 12            22 
 12            24 
 12            25 
 13            16 
 13            17 
 13            20 
 13            23 
 13            24 
 14            18 
 14            19 
 14            22 
 14            24 
 14            25 
 14            26 
 15            17 
 15            19 
 15            22 
 15            23 
 15            25 
 16            19 
 16            22 
 16            25 
 16            26 
 17            21 
 17            26 
 17            31 
 18            21 
 18            23 
 19            21 
 19            31 
 20            28 
 20            29 
 20            30 
 20            31 
 21            27 
 21            29 
 21            30 
 22            27 
 22            29 
 22            30 
 23            29 
 23            30 
 23            31 
 24            28 
 24            29 
 24            30 
 25            28 
 25            31 
 26            27 
 27            28 
 28            32 
 29            32 
 30            32 
 31            32 
