 1             2 
 1             3 
 1             5 
 1             6 
 1             7 
 1             8 
 1             9 
 1             10 
 1             11 
 1             12 
 1             16 
 1             17 
 1             18 
 1             19 
 1             30 
 1             31 
 2             4 
 2             14 
 2             15 
 3             15 
 3             20 
 3             22 
 3             23 
 3             24 
 3             25 
 3             28 
 4             20 
 4             22 
 4             23 
 4             24 
 4             27 
 5             20 
 5             21 
 5             23 
 5             24 
 5             29 
 6             15 
 6             20 
 6             23 
 6             24 
 7             13 
 7             25 
 8             20 
 8             22 
 8             27 
 9             20 
 9             21 
 9             26 
 10            20 
 10            22 
 10            25 
 11            15 
 11            24 
 12            15 
 12            23 
 13            20 
 13            26 
 14            20 
 14            21 
 15            21 
 16            28 
 17            22 
 18            22 
 19            21 
 20            32 
 21            32 
 22            32 
 23            32 
 24            32 
 25            32 
 26            32 
 27            32 
 28            32 
 29            32 
 30            32 
 31            32 
