 1             2 
 1             3 
 1             5 
 2             4 
 2             7 
 2             10 
 3             6 
 3             7 
 3             10 
 3             11 
 4             6 
 4             12 
 4             14 
 5             9 
 5             12 
 5             20 
 5             22 
 5             24 
 5             27 
 6             8 
 6             20 
 6             22 
 6             27 
 7             9 
 7             24 
 7             27 
 8             9 
 8             24 
 9             13 
 9             16 
 9             18 
 9             19 
 9             21 
 10            13 
 10            16 
 10            24 
 11            12 
 11            15 
 11            27 
 12            17 
 12            18 
 12            23 
 13            15 
 13            17 
 14            22 
 14            24 
 15            23 
 15            25 
 15            31 
 16            23 
 16            25 
 16            31 
 17            25 
 17            26 
 17            31 
 18            25 
 18            26 
 18            31 
 19            25 
 19            26 
 19            31 
 20            23 
 20            25 
 21            25 
 21            31 
 22            23 
 23            26 
 24            25 
 25            28 
 26            28 
 27            28 
 28            29 
 29            30 
 30            32 
 31            32 
