 1             2 
 1             4 
 1             5 
 1             6 
 1             7 
 1             8 
 1             9 
 2             3 
 2             10 
 3             11 
 3             12 
 3             14 
 4             10 
 4             12 
 4             14 
 5             10 
 5             12 
 5             13 
 6             11 
 6             12 
 7             12 
 7             13 
 8             14 
 8             15 
 8             16 
 9             14 
 9             15 
 9             16 
 10            15 
 10            16 
 10            17 
 11            13 
 11            16 
 12            16 
 12            17 
 12            21 
 13            15 
 13            18 
 13            23 
 14            17 
 14            19 
 14            20 
 14            21 
 15            19 
 15            20 
 15            21 
 15            25 
 16            18 
 16            25 
 17            22 
 17            23 
 17            24 
 17            25 
 17            26 
 18            19 
 18            20 
 19            22 
 19            24 
 19            26 
 20            26 
 20            31 
 21            24 
 22            28 
 22            30 
 22            31 
 23            28 
 23            30 
 23            31 
 24            27 
 24            30 
 25            27 
 25            30 
 26            28 
 26            30 
 27            29 
 27            31 
 28            29 
 29            32 
 30            32 
 31            32 
