 1             2 
 1             3 
 1             10 
 2             4 
 2             7 
 2             30 
 2             31 
 3             4 
 3             16 
 3             30 
 3             31 
 4             5 
 4             29 
 5             6 
 6             8 
 6             12 
 6             28 
 7             8 
 7             16 
 7             29 
 8             9 
 9             11 
 9             27 
 10            14 
 10            16 
 11            13 
 12            13 
 13            14 
 14            15 
 14            17 
 14            19 
 14            26 
 15            18 
 15            23 
 16            20 
 16            23 
 17            22 
 17            23 
 18            20 
 19            23 
 19            24 
 20            21 
 21            22 
 22            24 
 23            25 
 24            32 
 25            32 
 26            32 
 27            32 
 28            32 
 29            32 
 30            32 
 31            32 
