 1             2 
 1             3 
 1             4 
 1             5 
 1             6 
 1             7 
 1             8 
 1             9 
 1             10 
 1             13 
 1             14 
 1             15 
 1             16 
 1             27 
 1             28 
 1             29 
 1             30 
 1             31 
 2             11 
 2             12 
 2             18 
 2             20 
 2             21 
 3             11 
 3             18 
 3             19 
 3             23 
 3             26 
 4             11 
 4             18 
 4             19 
 4             22 
 4             23 
 5             11 
 5             20 
 5             25 
 6             18 
 6             21 
 6             24 
 7             18 
 7             20 
 8             17 
 8             19 
 9             11 
 10            11 
 11            17 
 12            19 
 13            22 
 14            21 
 15            20 
 16            18 
 17            32 
 18            32 
 19            32 
 20            32 
 21            32 
 22            32 
 23            32 
 24            32 
 25            32 
 26            32 
 27            32 
 28            32 
 29            32 
 30            32 
 31            32 
