 1             2 
 1             3 
 1             4 
 1             5 
 1             6 
 1             7 
 1             8 
 1             9 
 1             11 
 1             12 
 1             16 
 1             17 
 2             10 
 2             13 
 2             14 
 2             19 
 2             21 
 2             23 
 2             25 
 2             27 
 3             10 
 3             14 
 3             15 
 3             21 
 3             25 
 3             28 
 4             10 
 4             13 
 4             19 
 4             26 
 4             27 
 5             18 
 5             19 
 5             20 
 5             21 
 5             23 
 5             25 
 5             26 
 5             29 
 6             13 
 6             19 
 6             20 
 6             21 
 6             23 
 6             27 
 6             29 
 7             13 
 7             20 
 7             25 
 7             28 
 7             31 
 8             13 
 8             15 
 8             23 
 8             24 
 9             14 
 9             22 
 9             23 
 9             30 
 10            20 
 10            22 
 10            24 
 11            21 
 11            22 
 12            14 
 13            18 
 14            18 
 15            19 
 16            26 
 17            21 
 18            32 
 19            32 
 20            32 
 21            32 
 22            32 
 23            32 
 24            32 
 25            32 
 26            32 
 27            32 
 28            32 
 29            32 
 30            32 
 31            32 
