 1             2 
 1             3 
 1             5 
 1             6 
 1             7 
 1             16 
 1             17 
 2             8 
 2             10 
 2             13 
 2             15 
 2             19 
 2             20 
 2             29 
 2             30 
 3             4 
 3             20 
 4             9 
 4             11 
 4             14 
 4             24 
 4             29 
 4             31 
 5             9 
 5             11 
 5             14 
 5             20 
 6             12 
 6             18 
 6             21 
 6             24 
 6             26 
 6             28 
 6             29 
 7             13 
 7             23 
 7             24 
 7             27 
 7             29 
 7             30 
 8             18 
 8             24 
 8             25 
 8             26 
 8             27 
 8             28 
 9             12 
 9             25 
 9             26 
 10            14 
 10            21 
 10            24 
 11            18 
 11            25 
 11            28 
 12            19 
 12            27 
 13            18 
 13            26 
 14            22 
 14            25 
 15            23 
 15            28 
 16            23 
 16            29 
 17            23 
 17            29 
 18            22 
 19            23 
 20            24 
 21            22 
 22            32 
 23            32 
 24            32 
 25            32 
 26            32 
 27            32 
 28            32 
 29            32 
 30            32 
 31            32 
