 1             2 
 1             3 
 1             5 
 1             6 
 1             13 
 1             23 
 2             4 
 2             7 
 2             8 
 2             12 
 2             22 
 3             9 
 3             11 
 3             17 
 4             10 
 4             17 
 4             20 
 5             11 
 5             15 
 5             22 
 6             11 
 6             12 
 6             16 
 7             11 
 7             15 
 8             14 
 8             20 
 8             21 
 8             26 
 9             14 
 9             15 
 9             21 
 10            11 
 11            14 
 11            21 
 12            14 
 12            21 
 13            19 
 13            20 
 13            21 
 13            22 
 13            25 
 13            30 
 14            18 
 14            25 
 14            29 
 14            30 
 15            20 
 15            29 
 15            30 
 16            20 
 16            29 
 16            30 
 17            24 
 17            25 
 17            30 
 18            19 
 19            24 
 19            27 
 20            24 
 20            27 
 21            27 
 21            31 
 22            27 
 22            28 
 23            29 
 23            31 
 24            28 
 25            27 
 26            29 
 27            32 
 28            32 
 29            32 
 30            32 
 31            32 
