 1             2 
 2             3 
 3             4 
 4             5 
 4             7 
 5             6 
 6             8 
 6             10 
 6             13 
 7             10 
 7             11 
 7             13 
 8             9 
 8             14 
 9             11 
 9             28 
 10            15 
 10            20 
 10            25 
 10            28 
 11            12 
 11            20 
 12            15 
 12            25 
 13            14 
 14            16 
 14            25 
 15            16 
 16            17 
 17            18 
 17            23 
 18            19 
 18            22 
 19            21 
 20            21 
 21            24 
 22            24 
 23            24 
 24            26 
 25            26 
 26            27 
 27            29 
 28            29 
 29            30 
 30            31 
 31            32 
