 1             2 
 1             8 
 1             20 
 2             3 
 3             4 
 4             5 
 5             6 
 6             7 
 6             31 
 7             9 
 8             9 
 9             10 
 10            11 
 11            12 
 11            30 
 12            13 
 13            14 
 14            15 
 15            16 
 16            17 
 17            18 
 18            19 
 18            29 
 19            21 
 20            21 
 21            22 
 22            23 
 22            28 
 23            24 
 24            25 
 25            26 
 26            27 
 27            32 
 28            32 
 29            32 
 30            32 
 31            32 
