 1             2 
 1             3 
 1             4 
 1             8 
 1             17 
 2             5 
 2             7 
 2             11 
 2             13 
 3             5 
 3             11 
 3             19 
 4             9 
 4             11 
 4             12 
 4             14 
 4             18 
 5             6 
 6             9 
 6             12 
 6             14 
 6             16 
 6             18 
 7             9 
 7             14 
 7             16 
 7             18 
 7             19 
 8             10 
 8             16 
 8             18 
 8             19 
 9             10 
 10            15 
 10            28 
 10            29 
 10            30 
 10            31 
 11            16 
 11            26 
 11            28 
 11            30 
 11            31 
 12            20 
 12            21 
 12            25 
 12            26 
 12            27 
 12            30 
 12            31 
 13            15 
 13            31 
 14            20 
 14            21 
 14            25 
 14            26 
 14            27 
 14            28 
 15            20 
 15            21 
 15            25 
 15            26 
 15            27 
 16            20 
 16            21 
 16            25 
 16            27 
 16            29 
 17            21 
 17            24 
 17            25 
 17            26 
 17            28 
 17            29 
 18            20 
 18            21 
 18            28 
 18            30 
 19            23 
 19            28 
 19            29 
 20            22 
 20            24 
 21            23 
 22            23 
 23            32 
 24            32 
 25            32 
 26            32 
 27            32 
 28            32 
 29            32 
 30            32 
 31            32 
