 1             2 
 1             3 
 1             4 
 1             5 
 1             6 
 1             7 
 1             8 
 1             15 
 1             16 
 1             17 
 1             18 
 1             26 
 1             27 
 1             28 
 1             29 
 1             30 
 1             31 
 2             9 
 2             12 
 2             14 
 2             25 
 3             11 
 3             12 
 3             22 
 4             9 
 4             13 
 5             9 
 5             22 
 6             10 
 6             22 
 7             19 
 7             22 
 7             24 
 8             19 
 8             20 
 8             23 
 9             19 
 9             21 
 10            19 
 10            20 
 11            19 
 11            20 
 12            20 
 13            20 
 14            20 
 15            21 
 16            20 
 17            19 
 18            19 
 19            32 
 20            32 
 21            32 
 22            32 
 23            32 
 24            32 
 25            32 
 26            32 
 27            32 
 28            32 
 29            32 
 30            32 
 31            32 
