 1             2 
 2             3 
 3             4 
 4             5 
 5             6 
 6             7 
 6             13 
 7             8 
 7             31 
 8             9 
 9             10 
 10            11 
 11            12 
 12            14 
 13            15 
 14            16 
 15            16 
 16            17 
 17            18 
 18            19 
 18            23 
 18            25 
 19            20 
 20            21 
 20            30 
 21            22 
 22            24 
 23            24 
 24            26 
 25            26 
 26            27 
 27            28 
 28            29 
 29            32 
 30            32 
 31            32 
