 1             2 
 1             3 
 1             4 
 1             11 
 2             5 
 2             12 
 2             18 
 2             30 
 2             31 
 3             6 
 3             12 
 3             30 
 3             31 
 4             6 
 4             12 
 4             30 
 5             6 
 6             7 
 6             17 
 7             8 
 8             9 
 8             29 
 9             10 
 9             25 
 9             28 
 10            13 
 10            23 
 10            24 
 10            26 
 10            27 
 11            13 
 11            15 
 11            24 
 11            25 
 12            13 
 12            23 
 13            14 
 14            16 
 14            22 
 15            16 
 16            19 
 16            21 
 17            19 
 17            21 
 18            19 
 18            22 
 19            20 
 20            32 
 21            32 
 22            32 
 23            32 
 24            32 
 25            32 
 26            32 
 27            32 
 28            32 
 29            32 
 30            32 
 31            32 
