 1             2 
 1             29 
 1             30 
 1             31 
 2             3 
 3             4 
 4             5 
 4             28 
 5             6 
 5             26 
 5             27 
 6             7 
 6             25 
 7             8 
 7             22 
 7             23 
 7             24 
 8             9 
 8             21 
 9             10 
 9             20 
 10            11 
 10            19 
 11            12 
 11            18 
 12            13 
 12            17 
 13            14 
 14            15 
 15            16 
 16            32 
 17            32 
 18            32 
 19            32 
 20            32 
 21            32 
 22            32 
 23            32 
 24            32 
 25            32 
 26            32 
 27            32 
 28            32 
 29            32 
 30            32 
 31            32 
