 1             2 
 1             18 
 1             20 
 1             31 
 2             3 
 2             30 
 3             4 
 4             5 
 5             6 
 6             7 
 6             14 
 6             24 
 6             29 
 7             8 
 8             9 
 8             27 
 9             10 
 9             28 
 10            11 
 10            16 
 10            19 
 11            12 
 12            13 
 13            15 
 14            15 
 15            17 
 16            17 
 17            21 
 17            26 
 18            21 
 18            30 
 19            21 
 20            25 
 20            27 
 20            28 
 21            22 
 22            23 
 23            25 
 24            27 
 25            32 
 26            32 
 27            32 
 28            32 
 29            32 
 30            32 
 31            32 
