 1             2 
 1             3 
 2             5 
 2             6 
 2             9 
 2             13 
 3             4 
 3             9 
 4             5 
 4             13 
 5             7 
 5             15 
 5             31 
 6             10 
 6             23 
 6             31 
 7             8 
 8             10 
 8             23 
 9             11 
 9             23 
 10            11 
 11            12 
 12            14 
 13            17 
 13            18 
 13            31 
 14            16 
 15            16 
 16            17 
 16            18 
 17            19 
 17            24 
 17            30 
 18            20 
 18            24 
 19            20 
 20            21 
 21            22 
 22            25 
 22            27 
 23            24 
 23            29 
 24            25 
 25            26 
 26            28 
 27            29 
 28            32 
 29            32 
 30            32 
 31            32 
