 1             2 
 1             11 
 1             14 
 1             22 
 1             23 
 1             24 
 1             25 
 1             26 
 1             27 
 1             28 
 1             29 
 1             30 
 1             31 
 2             3 
 3             4 
 3             19 
 3             20 
 4             5 
 4             17 
 5             6 
 5             16 
 6             7 
 7             8 
 8             9 
 9             10 
 10            12 
 11            18 
 11            21 
 12            13 
 13            15 
 14            18 
 15            32 
 16            32 
 17            32 
 18            32 
 19            32 
 20            32 
 21            32 
 22            32 
 23            32 
 24            32 
 25            32 
 26            32 
 27            32 
 28            32 
 29            32 
 30            32 
 31            32 
