 1             2 
 1             3 
 2             4 
 2             5 
 2             7 
 2             8 
 2             10 
 3             6 
 3             8 
 3             10 
 3             16 
 4             11 
 4             12 
 4             13 
 4             16 
 4             17 
 5             9 
 5             13 
 5             16 
 5             17 
 6             7 
 6             13 
 6             17 
 7             11 
 7             12 
 7             19 
 8             11 
 8             12 
 8             14 
 9             12 
 9             15 
 9             18 
 9             19 
 10            11 
 10            17 
 10            21 
 11            15 
 11            18 
 12            20 
 12            21 
 12            22 
 12            24 
 13            19 
 13            22 
 13            24 
 14            15 
 15            20 
 15            22 
 15            24 
 16            20 
 16            22 
 16            24 
 17            20 
 17            22 
 18            22 
 18            25 
 18            28 
 19            20 
 20            23 
 20            25 
 20            28 
 21            23 
 21            25 
 21            28 
 22            23 
 23            26 
 23            27 
 23            30 
 23            31 
 24            26 
 24            27 
 24            30 
 24            31 
 25            29 
 25            30 
 26            29 
 27            29 
 28            29 
 29            32 
 30            32 
 31            32 
