 1             2 
 1             4 
 1             7 
 2             3 
 3             5 
 3             9 
 4             5 
 4             9 
 5             6 
 5             11 
 6             8 
 6             24 
 7             9 
 7             11 
 7             16 
 8             10 
 8             12 
 8             16 
 8             17 
 9             12 
 9             15 
 9             17 
 9             24 
 10            13 
 10            15 
 11            12 
 11            17 
 12            14 
 12            22 
 13            14 
 14            18 
 14            23 
 14            31 
 15            19 
 15            22 
 15            23 
 16            18 
 16            23 
 17            20 
 17            23 
 17            27 
 18            19 
 19            20 
 19            27 
 20            21 
 21            25 
 21            29 
 21            30 
 22            25 
 22            29 
 22            31 
 23            26 
 23            29 
 24            25 
 25            26 
 26            28 
 27            29 
 28            32 
 29            32 
 30            32 
 31            32 
