 1             2 
 1             4 
 1             5 
 1             6 
 1             7 
 1             8 
 2             3 
 2             11 
 2             14 
 2             16 
 3             9 
 3             12 
 3             20 
 4             14 
 4             16 
 4             18 
 4             20 
 4             25 
 5             13 
 5             15 
 5             16 
 5             20 
 6             10 
 6             17 
 6             20 
 7             9 
 7             12 
 8             12 
 8             13 
 8             16 
 9             10 
 10            13 
 10            19 
 11            12 
 11            17 
 12            21 
 12            22 
 12            23 
 12            25 
 12            31 
 13            18 
 13            25 
 13            29 
 14            17 
 14            22 
 15            21 
 15            22 
 15            23 
 15            30 
 15            31 
 16            19 
 16            22 
 16            23 
 17            19 
 17            23 
 18            22 
 18            23 
 18            31 
 19            21 
 19            30 
 20            21 
 20            22 
 21            24 
 21            26 
 21            28 
 21            29 
 22            24 
 22            26 
 23            26 
 23            28 
 24            27 
 25            30 
 26            32 
 27            32 
 28            32 
 29            32 
 30            32 
 31            32 
