 1             2 
 1             16 
 1             27 
 1             28 
 1             29 
 1             30 
 1             31 
 2             3 
 3             4 
 3             26 
 4             5 
 4             25 
 5             6 
 5             24 
 6             7 
 6             21 
 6             22 
 6             23 
 7             8 
 7             19 
 8             9 
 8             20 
 9             10 
 10            11 
 10            18 
 11            12 
 12            13 
 13            14 
 14            15 
 15            17 
 16            19 
 17            32 
 18            32 
 19            32 
 20            32 
 21            32 
 22            32 
 23            32 
 24            32 
 25            32 
 26            32 
 27            32 
 28            32 
 29            32 
 30            32 
 31            32 
