 1             2 
 1             8 
 1             18 
 1             22 
 1             31 
 2             3 
 2             29 
 3             4 
 3             30 
 4             5 
 5             6 
 6             7 
 6             28 
 7             9 
 7             20 
 8             10 
 8             20 
 8             28 
 8             30 
 9             10 
 9             26 
 9             27 
 10            11 
 10            25 
 11            12 
 12            13 
 13            14 
 14            15 
 15            16 
 16            17 
 16            24 
 17            19 
 18            24 
 18            29 
 19            21 
 20            21 
 21            23 
 22            29 
 23            32 
 24            32 
 25            32 
 26            32 
 27            32 
 28            32 
 29            32 
 30            32 
 31            32 
