 1             2 
 2             3 
 3             4 
 3             16 
 4             5 
 5             6 
 6             7 
 7             8 
 8             9 
 9             10 
 10            11 
 10            24 
 11            12 
 12            13 
 12            20 
 13            14 
 14            15 
 14            31 
 15            17 
 15            30 
 16            17 
 17            18 
 18            19 
 19            21 
 20            21 
 21            22 
 21            29 
 22            23 
 23            25 
 24            25 
 25            26 
 26            27 
 27            28 
 28            32 
 29            32 
 30            32 
 31            32 
