 1             2 
 1             31 
 2             3 
 2             8 
 2             30 
 3             4 
 3             29 
 4             5 
 4             27 
 4             28 
 5             6 
 5             25 
 5             26 
 6             7 
 7             9 
 7             22 
 7             23 
 7             24 
 8             9 
 8             22 
 9             10 
 10            11 
 10            21 
 11            12 
 12            13 
 13            14 
 13            20 
 14            15 
 14            18 
 14            19 
 15            16 
 16            17 
 17            32 
 18            32 
 19            32 
 20            32 
 21            32 
 22            32 
 23            32 
 24            32 
 25            32 
 26            32 
 27            32 
 28            32 
 29            32 
 30            32 
 31            32 
