 1             2 
 1             5 
 2             3 
 3             4 
 4             6 
 5             6 
 6             7 
 7             8 
 8             9 
 9             10 
 9             21 
 10            11 
 11            12 
 11            16 
 11            20 
 12            13 
 12            31 
 13            14 
 13            19 
 14            15 
 15            17 
 15            30 
 16            17 
 16            31 
 17            18 
 17            29 
 18            22 
 19            22 
 20            22 
 21            22 
 22            23 
 23            24 
 23            28 
 24            25 
 25            26 
 26            27 
 27            32 
 28            32 
 29            32 
 30            32 
 31            32 
