 1             2 
 1             3 
 1             5 
 1             6 
 1             7 
 1             16 
 2             4 
 2             9 
 2             25 
 3             8 
 3             10 
 4             11 
 4             24 
 4             31 
 5             8 
 6             8 
 7             9 
 8             11 
 8             24 
 9             11 
 9             24 
 10            11 
 10            31 
 11            12 
 11            30 
 12            13 
 12            18 
 13            14 
 13            15 
 14            17 
 15            17 
 16            20 
 16            27 
 16            28 
 16            30 
 16            31 
 17            19 
 17            28 
 17            29 
 18            20 
 18            21 
 18            27 
 19            20 
 19            27 
 20            22 
 21            22 
 22            23 
 23            26 
 24            30 
 25            31 
 26            32 
 27            32 
 28            32 
 29            32 
 30            32 
 31            32 
