 1             2 
 1             5 
 1             7 
 1             15 
 1             29 
 1             30 
 1             31 
 2             3 
 2             28 
 3             4 
 3             26 
 3             27 
 4             6 
 5             6 
 6             8 
 6             23 
 6             24 
 7             9 
 7             13 
 8             9 
 8             22 
 9             10 
 9             19 
 9             20 
 9             21 
 10            11 
 11            12 
 12            14 
 13            25 
 13            26 
 14            16 
 15            17 
 16            18 
 17            25 
 18            32 
 19            32 
 20            32 
 21            32 
 22            32 
 23            32 
 24            32 
 25            32 
 26            32 
 27            32 
 28            32 
 29            32 
 30            32 
 31            32 
