 1             2 
 1             3 
 1             4 
 1             5 
 1             7 
 1             8 
 1             9 
 1             10 
 1             11 
 1             13 
 1             14 
 1             29 
 1             30 
 1             31 
 2             6 
 2             18 
 2             19 
 2             20 
 2             25 
 3             15 
 3             16 
 3             17 
 3             18 
 3             19 
 3             22 
 3             26 
 3             27 
 4             12 
 4             15 
 4             16 
 4             26 
 4             28 
 5             15 
 5             17 
 5             18 
 5             23 
 5             24 
 5             25 
 6             15 
 6             16 
 6             17 
 6             21 
 7             15 
 7             16 
 7             19 
 7             21 
 8             15 
 8             17 
 8             24 
 9             16 
 9             18 
 9             21 
 10            15 
 10            18 
 10            20 
 11            15 
 11            16 
 11            19 
 12            20 
 12            22 
 13            16 
 13            17 
 14            23 
 15            32 
 16            32 
 17            32 
 18            32 
 19            32 
 20            32 
 21            32 
 22            32 
 23            32 
 24            32 
 25            32 
 26            32 
 27            32 
 28            32 
 29            32 
 30            32 
 31            32 
