 1             2 
 1             9 
 2             3 
 3             4 
 3             31 
 4             5 
 4             30 
 5             6 
 6             7 
 7             8 
 8             10 
 9             10 
 10            11 
 11            12 
 12            13 
 13            14 
 14            15 
 15            16 
 15            29 
 16            17 
 17            18 
 18            19 
 19            20 
 19            28 
 20            21 
 20            27 
 21            22 
 22            23 
 23            24 
 24            25 
 25            26 
 26            32 
 27            32 
 28            32 
 29            32 
 30            32 
 31            32 
