1	1	0
2	1	0
3	1	0
4	1	0
1	2	8
2	2	0
3	2	0
4	2	0
1	3	5
2	3	0
3	3	0
4	3	0
1	4	0
2	4	0
3	4	5
4	4	0
1	5	9
2	5	0
3	5	0
4	5	0
1	6	2
2	6	0
3	6	0
4	6	0
1	7	6
2	7	0
3	7	0
4	7	0
1	8	0
2	8	0
3	8	4
4	8	0
1	9	7
2	9	0
3	9	0
4	9	0
1	10	0
2	10	0
3	10	0
4	10	3
1	11	1
2	11	0
3	11	0
4	11	0
1	12	0
2	12	0
3	12	0
4	12	1
1	13	0
2	13	0
3	13	0
4	13	8
1	14	0
2	14	1
3	14	0
4	14	0
1	15	0
2	15	1
3	15	0
4	15	0
1	16	0
2	16	0
3	16	0
4	16	5
1	17	0
2	17	0
3	17	9
4	17	0
1	18	8
2	18	0
3	18	0
4	18	0
1	19	0
2	19	1
3	19	0
4	19	0
1	20	0
2	20	0
3	20	0
4	20	4
1	21	0
2	21	0
3	21	8
4	21	0
1	22	0
2	22	0
3	22	2
4	22	0
1	23	0
2	23	0
3	23	0
4	23	7
1	24	0
2	24	5
3	24	0
4	24	0
1	25	0
2	25	6
3	25	0
4	25	0
1	26	0
2	26	0
3	26	7
4	26	0
1	27	0
2	27	0
3	27	3
4	27	0
1	28	0
2	28	1
3	28	0
4	28	0
1	29	0
2	29	0
3	29	0
4	29	3
1	30	0
2	30	0
3	30	0
4	30	7
1	31	0
2	31	0
3	31	8
4	31	0
1	32	0
2	32	0
3	32	0
4	32	0