 1             1             0 
 2             1             0 
 3             1             0 
 4             1             0 
 1             2             1 
 2             2             0 
 3             2             1 
 4             2             1 
 1             3             4 
 2             3             1 
 3             3             3 
 4             3             0 
 1             4             4 
 2             4             0 
 3             4             3 
 4             4             7 
 1             5             0 
 2             5             2 
 3             5             3 
 4             5             3 
 1             6             0 
 2             6             1 
 3             6             5 
 4             6             3 
 1             7             0 
 2             7             5 
 3             7             5 
 4             7             4 
 1             8             3 
 2             8             4 
 3             8             1 
 4             8             0 
 1             9             4 
 2             9             4 
 3             9             5 
 4             9             0 
 1             10            0 
 2             10            3 
 3             10            6 
 4             10            1 
 1             11            5 
 2             11            4 
 3             11            6 
 4             11            0 
 1             12            4 
 2             12            5 
 3             12            0 
 4             12            6 
 1             13            9 
 2             13            0 
 3             13            3 
 4             13            2 
 1             14            3 
 2             14            0 
 3             14            7 
 4             14            7 
 1             15            4 
 2             15            0 
 3             15            7 
 4             15            6 
 1             16            5 
 2             16            6 
 3             16            0 
 4             16            3 
 1             17            3 
 2             17            0 
 3             17            3 
 4             17            4 
 1             18            6 
 2             18            5 
 3             18            0 
 4             18            1 
 1             19            0 
 2             19            7 
 3             19            4 
 4             19            6 
 1             20            4 
 2             20            5 
 3             20            0 
 4             20            6 
 1             21            6 
 2             21            3 
 3             21            4 
 4             21            0 
 1             22            2 
 2             22            3 
 3             22            3 
 4             22            0 
 1             23            2 
 2             23            4 
 3             23            4 
 4             23            0 
 1             24            3 
 2             24            5 
 3             24            0 
 4             24            4 
 1             25            0 
 2             25            4 
 3             25            1 
 4             25            4 
 1             26            4 
 2             26            5 
 3             26            0 
 4             26            4 
 1             27            4 
 2             27            0 
 3             27            3 
 4             27            4 
 1             28            4 
 2             28            3 
 3             28            6 
 4             28            0 
 1             29            2 
 2             29            0 
 3             29            6 
 4             29            4 
 1             30            6 
 2             30            5 
 3             30            0 
 4             30            5 
 1             31            4 
 2             31            0 
 3             31            3 
 4             31            3 
 1             32            0 
 2             32            0 
 3             32            0 
 4             32            0 
