 1             1             0 
 2             1             0 
 3             1             0 
 4             1             0 
 1             2             1 
 2             2             1 
 3             2             1 
 4             2             0 
 1             3             0 
 2             3             4 
 3             3             3 
 4             3             1 
 1             4             4 
 2             4             4 
 3             4             0 
 4             4             5 
 1             5             5 
 2             5             0 
 3             5             2 
 4             5             2 
 1             6             0 
 2             6             3 
 3             6             3 
 4             6             7 
 1             7             3 
 2             7             0 
 3             7             2 
 4             7             1 
 1             8             2 
 2             8             3 
 3             8             5 
 4             8             0 
 1             9             3 
 2             9             4 
 3             9             7 
 4             9             0 
 1             10            1 
 2             10            0 
 3             10            3 
 4             10            6 
 1             11            6 
 2             11            7 
 3             11            0 
 4             11            5 
 1             12            0 
 2             12            5 
 3             12            5 
 4             12            3 
 1             13            0 
 2             13            5 
 3             13            1 
 4             13            5 
 1             14            3 
 2             14            0 
 3             14            4 
 4             14            5 
 1             15            0 
 2             15            5 
 3             15            3 
 4             15            4 
 1             16            0 
 2             16            6 
 3             16            5 
 4             16            3 
 1             17            0 
 2             17            4 
 3             17            4 
 4             17            3 
 1             18            3 
 2             18            0 
 3             18            7 
 4             18            5 
 1             19            4 
 2             19            2 
 3             19            0 
 4             19            7 
 1             20            6 
 2             20            0 
 3             20            7 
 4             20            3 
 1             21            4 
 2             21            3 
 3             21            0 
 4             21            4 
 1             22            0 
 2             22            7 
 3             22            3 
 4             22            3 
 1             23            5 
 2             23            2 
 3             23            0 
 4             23            4 
 1             24            0 
 2             24            4 
 3             24            2 
 4             24            3 
 1             25            5 
 2             25            0 
 3             25            3 
 4             25            6 
 1             26            5 
 2             26            4 
 3             26            0 
 4             26            7 
 1             27            6 
 2             27            0 
 3             27            5 
 4             27            3 
 1             28            4 
 2             28            0 
 3             28            3 
 4             28            2 
 1             29            5 
 2             29            3 
 3             29            0 
 4             29            2 
 1             30            5 
 2             30            0 
 3             30            9 
 4             30            2 
 1             31            4 
 2             31            0 
 3             31            5 
 4             31            7 
 1             32            0 
 2             32            0 
 3             32            0 
 4             32            0 
