 1             1             0 
 2             1             0 
 3             1             0 
 4             1             0 
 1             2             0 
 2             2             1 
 3             2             1 
 4             2             1 
 1             3             1 
 2             3             7 
 3             3             0 
 4             3             9 
 1             4             3 
 2             4             4 
 3             4             0 
 4             4             2 
 1             5             2 
 2             5             3 
 3             5             4 
 4             5             0 
 1             6             3 
 2             6             4 
 3             6             2 
 4             6             0 
 1             7             9 
 2             7             5 
 3             7             5 
 4             7             0 
 1             8             0 
 2             8             3 
 3             8             2 
 4             8             5 
 1             9             5 
 2             9             5 
 3             9             3 
 4             9             0 
 1             10            1 
 2             10            0 
 3             10            3 
 4             10            4 
 1             11            4 
 2             11            4 
 3             11            0 
 4             11            6 
 1             12            0 
 2             12            5 
 3             12            4 
 4             12            4 
 1             13            4 
 2             13            2 
 3             13            3 
 4             13            0 
 1             14            0 
 2             14            5 
 3             14            4 
 4             14            3 
 1             15            2 
 2             15            3 
 3             15            4 
 4             15            0 
 1             16            5 
 2             16            1 
 3             16            0 
 4             16            4 
 1             17            1 
 2             17            6 
 3             17            0 
 4             17            4 
 1             18            0 
 2             18            5 
 3             18            4 
 4             18            3 
 1             19            3 
 2             19            9 
 3             19            3 
 4             19            0 
 1             20            4 
 2             20            0 
 3             20            6 
 4             20            7 
 1             21            7 
 2             21            0 
 3             21            5 
 4             21            3 
 1             22            6 
 2             22            3 
 3             22            0 
 4             22            5 
 1             23            0 
 2             23            4 
 3             23            3 
 4             23            4 
 1             24            6 
 2             24            0 
 3             24            4 
 4             24            2 
 1             25            0 
 2             25            3 
 3             25            5 
 4             25            7 
 1             26            5 
 2             26            0 
 3             26            6 
 4             26            2 
 1             27            0 
 2             27            2 
 3             27            6 
 4             27            4 
 1             28            2 
 2             28            0 
 3             28            5 
 4             28            3 
 1             29            7 
 2             29            4 
 3             29            0 
 4             29            6 
 1             30            0 
 2             30            4 
 3             30            5 
 4             30            2 
 1             31            0 
 2             31            4 
 3             31            5 
 4             31            2 
 1             32            0 
 2             32            0 
 3             32            0 
 4             32            0 
