 1             1             0 
 2             1             0 
 3             1             0 
 4             1             0 
 1             2             1 
 2             2             0 
 3             2             1 
 4             2             1 
 1             3             0 
 2             3             1 
 3             3             6 
 4             3             3 
 1             4             6 
 2             4             0 
 3             4             6 
 4             4             6 
 1             5             0 
 2             5             2 
 3             5             2 
 4             5             4 
 1             6             4 
 2             6             6 
 3             6             4 
 4             6             0 
 1             7             0 
 2             7             6 
 3             7             1 
 4             7             3 
 1             8             3 
 2             8             0 
 3             8             4 
 4             8             3 
 1             9             4 
 2             9             3 
 3             9             0 
 4             9             6 
 1             10            4 
 2             10            0 
 3             10            4 
 4             10            5 
 1             11            2 
 2             11            0 
 3             11            3 
 4             11            5 
 1             12            2 
 2             12            0 
 3             12            6 
 4             12            4 
 1             13            5 
 2             13            4 
 3             13            4 
 4             13            0 
 1             14            5 
 2             14            4 
 3             14            0 
 4             14            5 
 1             15            0 
 2             15            5 
 3             15            2 
 4             15            4 
 1             16            6 
 2             16            5 
 3             16            0 
 4             16            2 
 1             17            0 
 2             17            5 
 3             17            6 
 4             17            7 
 1             18            4 
 2             18            9 
 3             18            0 
 4             18            5 
 1             19            4 
 2             19            0 
 3             19            4 
 4             19            4 
 1             20            3 
 2             20            3 
 3             20            0 
 4             20            4 
 1             21            2 
 2             21            0 
 3             21            3 
 4             21            5 
 1             22            4 
 2             22            2 
 3             22            0 
 4             22            6 
 1             23            0 
 2             23            4 
 3             23            5 
 4             23            2 
 1             24            6 
 2             24            3 
 3             24            8 
 4             24            0 
 1             25            0 
 2             25            5 
 3             25            4 
 4             25            4 
 1             26            5 
 2             26            4 
 3             26            0 
 4             26            4 
 1             27            6 
 2             27            3 
 3             27            1 
 4             27            0 
 1             28            0 
 2             28            5 
 3             28            3 
 4             28            3 
 1             29            5 
 2             29            4 
 3             29            3 
 4             29            0 
 1             30            4 
 2             30            0 
 3             30            7 
 4             30            1 
 1             31            3 
 2             31            1 
 3             31            5 
 4             31            0 
 1             32            0 
 2             32            0 
 3             32            0 
 4             32            0 
