 1             1             0 
 2             1             0 
 3             1             0 
 4             1             0 
 1             2             1 
 2             2             0 
 3             2             1 
 4             2             1 
 1             3             7 
 2             3             1 
 3             3             4 
 4             3             0 
 1             4             0 
 2             4             5 
 3             4             3 
 4             4             4 
 1             5             6 
 2             5             10 
 3             5             0 
 4             5             7 
 1             6             5 
 2             6             4 
 3             6             0 
 4             6             5 
 1             7             7 
 2             7             7 
 3             7             3 
 4             7             0 
 1             8             0 
 2             8             3 
 3             8             5 
 4             8             4 
 1             9             2 
 2             9             1 
 3             9             0 
 4             9             6 
 1             10            6 
 2             10            5 
 3             10            5 
 4             10            0 
 1             11            0 
 2             11            4 
 3             11            6 
 4             11            4 
 1             12            6 
 2             12            2 
 3             12            5 
 4             12            0 
 1             13            7 
 2             13            2 
 3             13            0 
 4             13            6 
 1             14            2 
 2             14            7 
 3             14            6 
 4             14            0 
 1             15            0 
 2             15            6 
 3             15            5 
 4             15            5 
 1             16            3 
 2             16            3 
 3             16            5 
 4             16            0 
 1             17            1 
 2             17            1 
 3             17            3 
 4             17            0 
 1             18            3 
 2             18            0 
 3             18            3 
 4             18            5 
 1             19            4 
 2             19            5 
 3             19            5 
 4             19            0 
 1             20            2 
 2             20            0 
 3             20            3 
 4             20            3 
 1             21            0 
 2             21            6 
 3             21            4 
 4             21            7 
 1             22            3 
 2             22            0 
 3             22            2 
 4             22            2 
 1             23            0 
 2             23            2 
 3             23            7 
 4             23            1 
 1             24            6 
 2             24            3 
 3             24            0 
 4             24            2 
 1             25            3 
 2             25            3 
 3             25            6 
 4             25            0 
 1             26            0 
 2             26            7 
 3             26            4 
 4             26            3 
 1             27            0 
 2             27            3 
 3             27            3 
 4             27            5 
 1             28            4 
 2             28            3 
 3             28            1 
 4             28            0 
 1             29            5 
 2             29            3 
 3             29            0 
 4             29            4 
 1             30            2 
 2             30            1 
 3             30            0 
 4             30            2 
 1             31            3 
 2             31            7 
 3             31            3 
 4             31            0 
 1             32            0 
 2             32            0 
 3             32            0 
 4             32            0 
