 1             1             0 
 2             1             0 
 3             1             0 
 4             1             0 
 1             2             1 
 2             2             1 
 3             2             0 
 4             2             1 
 1             3             5 
 2             3             0 
 3             3             1 
 4             3             4 
 1             4             9 
 2             4             4 
 3             4             5 
 4             4             0 
 1             5             5 
 2             5             1 
 3             5             0 
 4             5             3 
 1             6             4 
 2             6             3 
 3             6             0 
 4             6             7 
 1             7             6 
 2             7             0 
 3             7             4 
 4             7             1 
 1             8             0 
 2             8             5 
 3             8             2 
 4             8             4 
 1             9             0 
 2             9             4 
 3             9             6 
 4             9             8 
 1             10            0 
 2             10            8 
 3             10            6 
 4             10            8 
 1             11            1 
 2             11            4 
 3             11            0 
 4             11            7 
 1             12            1 
 2             12            7 
 3             12            0 
 4             12            6 
 1             13            6 
 2             13            3 
 3             13            0 
 4             13            3 
 1             14            2 
 2             14            0 
 3             14            4 
 4             14            5 
 1             15            0 
 2             15            2 
 3             15            5 
 4             15            3 
 1             16            5 
 2             16            0 
 3             16            5 
 4             16            2 
 1             17            2 
 2             17            4 
 3             17            3 
 4             17            0 
 1             18            0 
 2             18            6 
 3             18            4 
 4             18            3 
 1             19            2 
 2             19            5 
 3             19            4 
 4             19            0 
 1             20            4 
 2             20            6 
 3             20            2 
 4             20            0 
 1             21            5 
 2             21            0 
 3             21            2 
 4             21            5 
 1             22            3 
 2             22            4 
 3             22            3 
 4             22            0 
 1             23            3 
 2             23            0 
 3             23            4 
 4             23            3 
 1             24            0 
 2             24            1 
 3             24            3 
 4             24            4 
 1             25            4 
 2             25            4 
 3             25            0 
 4             25            3 
 1             26            5 
 2             26            5 
 3             26            0 
 4             26            2 
 1             27            5 
 2             27            0 
 3             27            8 
 4             27            3 
 1             28            6 
 2             28            0 
 3             28            7 
 4             28            2 
 1             29            0 
 2             29            5 
 3             29            3 
 4             29            3 
 1             30            4 
 2             30            3 
 3             30            3 
 4             30            0 
 1             31            0 
 2             31            3 
 3             31            4 
 4             31            6 
 1             32            0 
 2             32            0 
 3             32            0 
 4             32            0 
