 1             1             0 
 2             1             0 
 3             1             0 
 4             1             0 
 1             2             1 
 2             2             0 
 3             2             1 
 4             2             1 
 1             3             0 
 2             3             1 
 3             3             5 
 4             3             5 
 1             4             2 
 2             4             6 
 3             4             0 
 4             4             3 
 1             5             0 
 2             5             4 
 3             5             2 
 4             5             3 
 1             6             5 
 2             6             7 
 3             6             0 
 4             6             3 
 1             7             7 
 2             7             4 
 3             7             0 
 4             7             3 
 1             8             2 
 2             8             4 
 3             8             0 
 4             8             4 
 1             9             7 
 2             9             0 
 3             9             5 
 4             9             3 
 1             10            4 
 2             10            0 
 3             10            4 
 4             10            5 
 1             11            5 
 2             11            6 
 3             11            0 
 4             11            5 
 1             12            0 
 2             12            3 
 3             12            4 
 4             12            3 
 1             13            3 
 2             13            0 
 3             13            4 
 4             13            3 
 1             14            2 
 2             14            0 
 3             14            7 
 4             14            5 
 1             15            0 
 2             15            4 
 3             15            7 
 4             15            5 
 1             16            6 
 2             16            0 
 3             16            2 
 4             16            2 
 1             17            4 
 2             17            6 
 3             17            0 
 4             17            2 
 1             18            4 
 2             18            0 
 3             18            5 
 4             18            4 
 1             19            0 
 2             19            3 
 3             19            3 
 4             19            7 
 1             20            6 
 2             20            6 
 3             20            0 
 4             20            4 
 1             21            3 
 2             21            6 
 3             21            0 
 4             21            5 
 1             22            5 
 2             22            3 
 3             22            0 
 4             22            2 
 1             23            4 
 2             23            3 
 3             23            0 
 4             23            4 
 1             24            4 
 2             24            1 
 3             24            0 
 4             24            4 
 1             25            2 
 2             25            0 
 3             25            4 
 4             25            5 
 1             26            5 
 2             26            0 
 3             26            4 
 4             26            4 
 1             27            1 
 2             27            5 
 3             27            0 
 4             27            6 
 1             28            6 
 2             28            0 
 3             28            2 
 4             28            5 
 1             29            6 
 2             29            2 
 3             29            0 
 4             29            8 
 1             30            2 
 2             30            0 
 3             30            3 
 4             30            4 
 1             31            0 
 2             31            2 
 3             31            6 
 4             31            3 
 1             32            0 
 2             32            0 
 3             32            0 
 4             32            0 
