 1             1             0 
 2             1             0 
 3             1             0 
 4             1             0 
 1             2             0 
 2             2             1 
 3             2             1 
 4             2             1 
 1             3             1 
 2             3             3 
 3             3             3 
 4             3             0 
 1             4             2 
 2             4             2 
 3             4             4 
 4             4             0 
 1             5             6 
 2             5             0 
 3             5             4 
 4             5             1 
 1             6             5 
 2             6             0 
 3             6             5 
 4             6             9 
 1             7             4 
 2             7             3 
 3             7             2 
 4             7             0 
 1             8             5 
 2             8             4 
 3             8             2 
 4             8             0 
 1             9             1 
 2             9             6 
 3             9             0 
 4             9             3 
 1             10            4 
 2             10            7 
 3             10            7 
 4             10            0 
 1             11            4 
 2             11            7 
 3             11            3 
 4             11            0 
 1             12            0 
 2             12            5 
 3             12            7 
 4             12            6 
 1             13            4 
 2             13            1 
 3             13            0 
 4             13            4 
 1             14            5 
 2             14            0 
 3             14            3 
 4             14            3 
 1             15            6 
 2             15            2 
 3             15            4 
 4             15            0 
 1             16            1 
 2             16            0 
 3             16            4 
 4             16            4 
 1             17            0 
 2             17            6 
 3             17            5 
 4             17            4 
 1             18            6 
 2             18            0 
 3             18            3 
 4             18            4 
 1             19            0 
 2             19            4 
 3             19            6 
 4             19            5 
 1             20            5 
 2             20            0 
 3             20            3 
 4             20            6 
 1             21            3 
 2             21            0 
 3             21            8 
 4             21            3 
 1             22            0 
 2             22            8 
 3             22            2 
 4             22            4 
 1             23            4 
 2             23            2 
 3             23            0 
 4             23            4 
 1             24            3 
 2             24            5 
 3             24            2 
 4             24            0 
 1             25            3 
 2             25            4 
 3             25            4 
 4             25            0 
 1             26            0 
 2             26            2 
 3             26            5 
 4             26            4 
 1             27            6 
 2             27            5 
 3             27            0 
 4             27            2 
 1             28            5 
 2             28            0 
 3             28            2 
 4             28            6 
 1             29            6 
 2             29            4 
 3             29            0 
 4             29            5 
 1             30            3 
 2             30            0 
 3             30            4 
 4             30            2 
 1             31            0 
 2             31            3 
 3             31            7 
 4             31            4 
 1             32            0 
 2             32            0 
 3             32            0 
 4             32            0 
