 1             1             0 
 2             1             0 
 3             1             0 
 4             1             0 
 1             2             1 
 2             2             1 
 3             2             1 
 4             2             0 
 1             3             4 
 2             3             4 
 3             3             2 
 4             3             0 
 1             4             0 
 2             4             6 
 3             4             5 
 4             4             1 
 1             5             0 
 2             5             5 
 3             5             5 
 4             5             3 
 1             6             3 
 2             6             0 
 3             6             3 
 4             6             5 
 1             7             2 
 2             7             5 
 3             7             0 
 4             7             4 
 1             8             5 
 2             8             2 
 3             8             0 
 4             8             4 
 1             9             0 
 2             9             5 
 3             9             4 
 4             9             3 
 1             10            2 
 2             10            0 
 3             10            5 
 4             10            5 
 1             11            6 
 2             11            0 
 3             11            3 
 4             11            4 
 1             12            3 
 2             12            5 
 3             12            5 
 4             12            0 
 1             13            0 
 2             13            1 
 3             13            4 
 4             13            9 
 1             14            9 
 2             14            3 
 3             14            5 
 4             14            0 
 1             15            2 
 2             15            4 
 3             15            3 
 4             15            0 
 1             16            1 
 2             16            3 
 3             16            0 
 4             16            3 
 1             17            0 
 2             17            5 
 3             17            3 
 4             17            3 
 1             18            0 
 2             18            8 
 3             18            3 
 4             18            3 
 1             19            0 
 2             19            6 
 3             19            6 
 4             19            3 
 1             20            5 
 2             20            3 
 3             20            3 
 4             20            0 
 1             21            3 
 2             21            0 
 3             21            3 
 4             21            5 
 1             22            5 
 2             22            3 
 3             22            0 
 4             22            3 
 1             23            0 
 2             23            4 
 3             23            9 
 4             23            4 
 1             24            8 
 2             24            4 
 3             24            7 
 4             24            0 
 1             25            0 
 2             25            5 
 3             25            1 
 4             25            3 
 1             26            6 
 2             26            5 
 3             26            0 
 4             26            1 
 1             27            3 
 2             27            2 
 3             27            5 
 4             27            0 
 1             28            4 
 2             28            4 
 3             28            0 
 4             28            7 
 1             29            0 
 2             29            4 
 3             29            4 
 4             29            4 
 1             30            0 
 2             30            3 
 3             30            3 
 4             30            5 
 1             31            4 
 2             31            0 
 3             31            4 
 4             31            6 
 1             32            0 
 2             32            0 
 3             32            0 
 4             32            0 
