 1             1             0 
 2             1             0 
 3             1             0 
 4             1             0 
 1             2             1 
 2             2             1 
 3             2             0 
 4             2             1 
 1             3             7 
 2             3             0 
 3             3             1 
 4             3             4 
 1             4             3 
 2             4             7 
 3             4             0 
 4             4             2 
 1             5             3 
 2             5             3 
 3             5             0 
 4             5             4 
 1             6             0 
 2             6             8 
 3             6             4 
 4             6             4 
 1             7             4 
 2             7             3 
 3             7             5 
 4             7             0 
 1             8             8 
 2             8             0 
 3             8             3 
 4             8             4 
 1             9             7 
 2             9             10 
 3             9             5 
 4             9             0 
 1             10            8 
 2             10            1 
 3             10            4 
 4             10            0 
 1             11            4 
 2             11            0 
 3             11            3 
 4             11            5 
 1             12            2 
 2             12            3 
 3             12            0 
 4             12            4 
 1             13            5 
 2             13            4 
 3             13            5 
 4             13            0 
 1             14            5 
 2             14            5 
 3             14            1 
 4             14            0 
 1             15            2 
 2             15            5 
 3             15            2 
 4             15            0 
 1             16            4 
 2             16            4 
 3             16            4 
 4             16            0 
 1             17            2 
 2             17            4 
 3             17            3 
 4             17            0 
 1             18            5 
 2             18            3 
 3             18            0 
 4             18            3 
 1             19            1 
 2             19            0 
 3             19            6 
 4             19            5 
 1             20            4 
 2             20            5 
 3             20            2 
 4             20            0 
 1             21            3 
 2             21            0 
 3             21            7 
 4             21            4 
 1             22            0 
 2             22            3 
 3             22            4 
 4             22            7 
 1             23            5 
 2             23            2 
 3             23            0 
 4             23            5 
 1             24            4 
 2             24            3 
 3             24            4 
 4             24            0 
 1             25            0 
 2             25            3 
 3             25            5 
 4             25            6 
 1             26            0 
 2             26            2 
 3             26            5 
 4             26            4 
 1             27            0 
 2             27            6 
 3             27            6 
 4             27            2 
 1             28            3 
 2             28            0 
 3             28            5 
 4             28            2 
 1             29            0 
 2             29            4 
 3             29            5 
 4             29            4 
 1             30            4 
 2             30            3 
 3             30            4 
 4             30            0 
 1             31            2 
 2             31            0 
 3             31            3 
 4             31            6 
 1             32            0 
 2             32            0 
 3             32            0 
 4             32            0 
