 1             1             0 
 2             1             0 
 3             1             0 
 4             1             0 
 1             2             1 
 2             2             1 
 3             2             2 
 4             2             0 
 1             3             6 
 2             3             0 
 3             3             3 
 4             3             2 
 1             4             7 
 2             4             5 
 3             4             0 
 4             4             2 
 1             5             3 
 2             5             4 
 3             5             5 
 4             5             0 
 1             6             0 
 2             6             4 
 3             6             3 
 4             6             3 
 1             7             4 
 2             7             0 
 3             7             4 
 4             7             4 
 1             8             7 
 2             8             4 
 3             8             6 
 4             8             0 
 1             9             2 
 2             9             0 
 3             9             5 
 4             9             3 
 1             10            0 
 2             10            2 
 3             10            2 
 4             10            3 
 1             11            0 
 2             11            3 
 3             11            3 
 4             11            10 
 1             12            3 
 2             12            7 
 3             12            0 
 4             12            3 
 1             13            0 
 2             13            8 
 3             13            4 
 4             13            5 
 1             14            4 
 2             14            6 
 3             14            4 
 4             14            0 
 1             15            8 
 2             15            4 
 3             15            0 
 4             15            6 
 1             16            0 
 2             16            6 
 3             16            4 
 4             16            1 
 1             17            0 
 2             17            4 
 3             17            10 
 4             17            3 
 1             18            6 
 2             18            0 
 3             18            7 
 4             18            4 
 1             19            3 
 2             19            3 
 3             19            0 
 4             19            3 
 1             20            4 
 2             20            1 
 3             20            0 
 4             20            6 
 1             21            1 
 2             21            4 
 3             21            2 
 4             21            0 
 1             22            10 
 2             22            2 
 3             22            4 
 4             22            0 
 1             23            0 
 2             23            4 
 3             23            2 
 4             23            3 
 1             24            0 
 2             24            3 
 3             24            2 
 4             24            5 
 1             25            0 
 2             25            6 
 3             25            3 
 4             25            5 
 1             26            3 
 2             26            4 
 3             26            0 
 4             26            6 
 1             27            3 
 2             27            1 
 3             27            3 
 4             27            0 
 1             28            2 
 2             28            0 
 3             28            4 
 4             28            3 
 1             29            2 
 2             29            5 
 3             29            2 
 4             29            0 
 1             30            1 
 2             30            3 
 3             30            7 
 4             30            0 
 1             31            4 
 2             31            6 
 3             31            5 
 4             31            0 
 1             32            0 
 2             32            0 
 3             32            0 
 4             32            0 
