 1             0 
 2             4 
 3             4 
 4             3 
 5             2 
 6             8 
 7             1 
 8             2 
 9             10 
 10            10 
 11            8 
 12            9 
 13            7 
 14            8 
 15            7 
 16            7 
 17            9 
 18            8 
 19            5 
 20            3 
 21            8 
 22            10 
 23            8 
 24            1 
 25            2 
 26            1 
 27            1 
 28            9 
 29            1 
 30            7 
 31            9 
 32            0 
