 1             0 
 2             8 
 3             4 
 4             2 
 5             1 
 6             8 
 7             5 
 8             4 
 9             1 
 10            2 
 11            3 
 12            9 
 13            7 
 14            9 
 15            9 
 16            5 
 17            7 
 18            5 
 19            6 
 20            7 
 21            6 
 22            3 
 23            9 
 24            8 
 25            2 
 26            7 
 27            4 
 28            1 
 29            1 
 30            8 
 31            4 
 32            0 
