 1             0 
 2             3 
 3             9 
 4             1 
 5             1 
 6             5 
 7             10 
 8             10 
 9             8 
 10            7 
 11            3 
 12            8 
 13            2 
 14            1 
 15            2 
 16            6 
 17            6 
 18            5 
 19            6 
 20            7 
 21            7 
 22            7 
 23            2 
 24            2 
 25            5 
 26            1 
 27            5 
 28            9 
 29            9 
 30            5 
 31            6 
 32            0 
