 1             0 
 2             8 
 3             3 
 4             2 
 5             2 
 6             1 
 7             3 
 8             6 
 9             5 
 10            4 
 11            7 
 12            2 
 13            1 
 14            3 
 15            3 
 16            7 
 17            2 
 18            9 
 19            3 
 20            5 
 21            2 
 22            5 
 23            8 
 24            10 
 25            4 
 26            7 
 27            10 
 28            5 
 29            6 
 30            7 
 31            9 
 32            0 
