 1             0 
 2             10 
 3             8 
 4             8 
 5             10 
 6             10 
 7             1 
 8             6 
 9             3 
 10            4 
 11            8 
 12            3 
 13            5 
 14            9 
 15            10 
 16            8 
 17            4 
 18            4 
 19            4 
 20            10 
 21            3 
 22            2 
 23            3 
 24            2 
 25            8 
 26            10 
 27            2 
 28            8 
 29            2 
 30            5 
 31            8 
 32            0 
