 1             0 
 2             10 
 3             7 
 4             3 
 5             2 
 6             8 
 7             1 
 8             8 
 9             7 
 10            6 
 11            2 
 12            10 
 13            3 
 14            3 
 15            8 
 16            6 
 17            8 
 18            7 
 19            6 
 20            7 
 21            1 
 22            1 
 23            9 
 24            1 
 25            4 
 26            3 
 27            2 
 28            7 
 29            7 
 30            2 
 31            4 
 32            0 
