 1             0 
 2             3 
 3             7 
 4             5 
 5             8 
 6             8 
 7             1 
 8             9 
 9             3 
 10            3 
 11            10 
 12            2 
 13            9 
 14            9 
 15            9 
 16            2 
 17            4 
 18            6 
 19            3 
 20            8 
 21            2 
 22            2 
 23            8 
 24            4 
 25            7 
 26            4 
 27            1 
 28            7 
 29            8 
 30            7 
 31            2 
 32            0 
