 1             0 
 2             1 
 3             6 
 4             7 
 5             7 
 6             7 
 7             2 
 8             8 
 9             9 
 10            5 
 11            9 
 12            9 
 13            4 
 14            6 
 15            5 
 16            8 
 17            10 
 18            8 
 19            9 
 20            7 
 21            2 
 22            2 
 23            4 
 24            2 
 25            8 
 26            4 
 27            2 
 28            1 
 29            4 
 30            2 
 31            2 
 32            0 
