 1             0 
 2             9 
 3             4 
 4             2 
 5             7 
 6             4 
 7             7 
 8             1 
 9             2 
 10            5 
 11            9 
 12            8 
 13            1 
 14            2 
 15            5 
 16            7 
 17            6 
 18            7 
 19            9 
 20            8 
 21            9 
 22            9 
 23            8 
 24            1 
 25            7 
 26            6 
 27            7 
 28            3 
 29            1 
 30            10 
 31            7 
 32            0 
