 1             0 
 2             3 
 3             6 
 4             4 
 5             3 
 6             8 
 7             9 
 8             8 
 9             7 
 10            7 
 11            3 
 12            4 
 13            8 
 14            6 
 15            2 
 16            6 
 17            6 
 18            2 
 19            5 
 20            10 
 21            1 
 22            10 
 23            10 
 24            1 
 25            7 
 26            2 
 27            2 
 28            1 
 29            2 
 30            4 
 31            2 
 32            0 
