 1             2 
 1             3 
 2             4 
 3             4 
 4             5 
 4             6 
 5             7 
 5             8 
 6             7 
 6             8 
 7             9 
 8             9 
 9             10 
 10            11 
 11            12 
 12            13 
 13            14 
 14            15 
 15            16 
 16            17 
 17            18 
 18            19 
 18            20 
 19            21 
 20            21 
 21            22 
 22            23 
 23            24 
 23            26 
 24            25 
 25            27 
 26            27 
 27            28 
 27            29 
 28            30 
 29            30 
 30            31 
 31            32 
