 1             2 
 1             3 
 1             4 
 1             5 
 1             6 
 1             7 
 1             8 
 1             9 
 1             10 
 1             20 
 2             11 
 2             12 
 2             13 
 2             15 
 2             18 
 2             19 
 2             22 
 3             11 
 3             14 
 3             15 
 3             17 
 3             18 
 3             19 
 4             11 
 4             12 
 4             14 
 4             15 
 4             19 
 5             14 
 5             16 
 5             17 
 5             18 
 5             21 
 6             11 
 6             15 
 6             18 
 6             22 
 7             13 
 7             16 
 7             17 
 7             19 
 7             22 
 8             12 
 8             18 
 8             25 
 9             11 
 9             16 
 9             22 
 10            15 
 10            21 
 10            24 
 11            21 
 11            23 
 11            24 
 11            25 
 11            27 
 12            16 
 12            17 
 12            21 
 13            23 
 13            24 
 13            25 
 13            27 
 13            30 
 13            31 
 14            22 
 14            23 
 14            24 
 14            25 
 14            31 
 15            16 
 15            25 
 15            31 
 16            23 
 16            27 
 16            30 
 17            26 
 17            27 
 17            31 
 18            24 
 18            29 
 18            31 
 19            23 
 19            29 
 19            30 
 20            26 
 20            27 
 20            30 
 21            26 
 21            30 
 21            31 
 22            29 
 22            30 
 23            26 
 24            26 
 25            26 
 26            28 
 27            29 
 28            32 
 29            32 
 30            32 
 31            32 
