 1             2 
 1             3 
 1             4 
 2             6 
 2             7 
 3             6 
 3             7 
 4             5 
 5             6 
 6             8 
 6             9 
 7             8 
 8             10 
 8             14 
 9             10 
 9             14 
 10            11 
 11            12 
 11            26 
 12            13 
 13            15 
 13            16 
 13            17 
 13            20 
 13            23 
 14            15 
 14            26 
 15            18 
 15            28 
 16            18 
 16            28 
 17            18 
 17            28 
 18            19 
 19            21 
 19            27 
 20            21 
 20            27 
 21            22 
 22            24 
 22            25 
 23            27 
 23            29 
 23            30 
 24            30 
 24            31 
 25            29 
 25            30 
 26            28 
 27            31 
 28            29 
 29            32 
 30            32 
 31            32 
