 1             2 
 1             3 
 2             4 
 2             5 
 3             4 
 3             5 
 4             6 
 5             6 
 6             7 
 7             8 
 8             9 
 9             10 
 10            11 
 11            12 
 12            13 
 13            14 
 14            15 
 15            16 
 16            17 
 16            19 
 17            18 
 18            20 
 19            21 
 20            22 
 21            22 
 22            23 
 23            24 
 23            26 
 24            25 
 25            27 
 25            30 
 26            27 
 26            30 
 27            28 
 28            29 
 29            31 
 30            31 
 31            32 
