 1             2 
 1             4 
 1             7 
 2             3 
 2             6 
 3             5 
 3             8 
 4             6 
 4             9 
 5             9 
 5             11 
 5             13 
 5             16 
 6             11 
 6             13 
 6             16 
 7             10 
 7             13 
 8             12 
 8             13 
 9             10 
 10            12 
 11            12 
 12            14 
 13            14 
 14            15 
 14            19 
 14            20 
 15            17 
 16            17 
 17            18 
 17            21 
 17            23 
 18            22 
 18            24 
 18            25 
 18            27 
 19            21 
 19            23 
 19            24 
 20            24 
 20            26 
 20            27 
 21            22 
 22            26 
 22            31 
 23            26 
 23            31 
 24            28 
 24            31 
 25            28 
 25            31 
 26            28 
 27            30 
 27            31 
 28            29 
 29            30 
 30            32 
 31            32 
