 1             2 
 1             3 
 1             4 
 2             5 
 2             6 
 2             7 
 3             5 
 3             6 
 3             8 
 4             7 
 4             9 
 5             9 
 5             12 
 5             16 
 6             9 
 6             12 
 6             16 
 7             8 
 7             10 
 8             11 
 8             12 
 8             16 
 9             10 
 10            11 
 11            13 
 11            14 
 12            13 
 12            14 
 13            15 
 13            21 
 14            18 
 14            19 
 14            21 
 15            17 
 15            19 
 16            17 
 16            19 
 17            18 
 17            24 
 17            25 
 18            20 
 19            20 
 20            22 
 20            26 
 21            24 
 21            25 
 22            23 
 23            27 
 23            31 
 24            26 
 24            31 
 25            26 
 25            31 
 26            28 
 26            30 
 27            28 
 27            30 
 28            29 
 29            32 
 30            32 
 31            32 
