 1             2 
 2             3 
 3             4 
 4             5 
 5             6 
 6             7 
 7             8 
 7             9 
 8             10 
 9             10 
 10            11 
 11            12 
 11            14 
 12            13 
 13            15 
 13            16 
 14            15 
 15            17 
 16            17 
 17            18 
 17            19 
 18            20 
 19            20 
 20            21 
 21            22 
 22            23 
 23            24 
 24            25 
 24            26 
 25            27 
 26            27 
 27            28 
 28            29 
 28            30 
 29            31 
 30            31 
 31            32 
