 1             2 
 1             3 
 1             4 
 1             5 
 1             7 
 1             8 
 1             10 
 1             11 
 2             9 
 2             12 
 2             13 
 2             14 
 2             17 
 2             22 
 3             6 
 3             9 
 3             13 
 4             12 
 4             13 
 4             15 
 4             16 
 4             21 
 5             9 
 5             12 
 5             14 
 5             22 
 6             12 
 6             16 
 6             18 
 6             20 
 6             21 
 6             22 
 7             12 
 7             18 
 7             20 
 7             21 
 7             22 
 7             23 
 8             13 
 8             16 
 8             17 
 9             18 
 9             19 
 9             20 
 9             23 
 9             24 
 10            16 
 10            18 
 10            19 
 10            25 
 11            22 
 11            23 
 11            25 
 11            27 
 11            28 
 11            31 
 12            19 
 12            24 
 12            25 
 12            28 
 12            31 
 13            19 
 13            24 
 13            25 
 13            28 
 13            31 
 14            20 
 14            21 
 14            23 
 14            24 
 14            27 
 15            18 
 15            20 
 15            27 
 16            23 
 16            27 
 16            28 
 16            30 
 16            31 
 17            26 
 17            27 
 17            28 
 17            30 
 17            31 
 18            26 
 18            28 
 18            30 
 18            31 
 19            26 
 19            27 
 19            30 
 20            26 
 20            30 
 21            26 
 21            31 
 22            26 
 22            30 
 23            26 
 24            26 
 25            26 
 26            29 
 27            29 
 28            29 
 29            32 
 30            32 
 31            32 
