 1             2 
 1             4 
 2             3 
 2             5 
 3             6 
 3             8 
 4             5 
 5             7 
 5             8 
 6             7 
 7             9 
 7             10 
 7             11 
 7             12 
 8             9 
 8             10 
 8             12 
 9             13 
 9             14 
 10            13 
 10            15 
 11            13 
 11            15 
 12            14 
 13            16 
 14            15 
 15            17 
 16            17 
 17            18 
 18            19 
 18            22 
 19            20 
 19            21 
 19            23 
 20            24 
 20            25 
 20            28 
 21            25 
 21            28 
 22            23 
 23            26 
 23            28 
 23            30 
 24            26 
 24            30 
 24            31 
 25            26 
 25            30 
 26            27 
 27            29 
 28            29 
 29            32 
 30            32 
 31            32 
