 1             2 
 2             3 
 3             4 
 3             5 
 4             6 
 5             6 
 6             7 
 6             8 
 7             9 
 8             9 
 9             10 
 10            11 
 11            12 
 11            14 
 12            13 
 13            15 
 14            15 
 15            16 
 15            19 
 16            17 
 16            18 
 17            20 
 18            20 
 19            20 
 20            21 
 21            22 
 21            23 
 22            24 
 23            24 
 24            25 
 25            26 
 26            27 
 27            28 
 28            29 
 29            30 
 30            31 
 31            32 
