 1             2 
 1             4 
 1             5 
 1             9 
 1             14 
 2             3 
 2             6 
 2             10 
 2             19 
 2             21 
 2             27 
 3             7 
 3             8 
 3             11 
 3             12 
 4             6 
 4             13 
 4             16 
 4             18 
 5             13 
 5             17 
 5             20 
 5             21 
 6             17 
 6             20 
 6             22 
 6             23 
 7             16 
 7             17 
 7             20 
 7             22 
 8             15 
 8             16 
 8             20 
 8             26 
 9             13 
 9             15 
 9             20 
 10            20 
 10            22 
 10            23 
 10            26 
 11            16 
 11            17 
 11            20 
 12            20 
 12            23 
 12            26 
 13            22 
 13            23 
 13            24 
 13            25 
 14            16 
 14            23 
 15            22 
 15            24 
 15            25 
 15            31 
 16            24 
 16            25 
 16            31 
 17            24 
 17            25 
 17            26 
 18            24 
 18            25 
 18            31 
 19            26 
 19            30 
 19            31 
 20            24 
 20            25 
 21            24 
 21            29 
 22            28 
 22            29 
 22            30 
 23            28 
 23            29 
 23            31 
 24            28 
 24            30 
 25            28 
 25            29 
 26            28 
 26            29 
 27            28 
 27            31 
 28            32 
 29            32 
 30            32 
 31            32 
