 1             2 
 2             3 
 2             4 
 3             5 
 3             6 
 3             8 
 4             5 
 4             6 
 4             8 
 5             7 
 6             7 
 7             9 
 7             10 
 8             9 
 8             10 
 9             11 
 9             12 
 10            11 
 10            12 
 11            13 
 11            14 
 11            15 
 12            13 
 12            14 
 12            15 
 13            16 
 13            17 
 14            16 
 15            16 
 16            18 
 17            18 
 18            19 
 19            20 
 20            21 
 21            22 
 21            23 
 21            24 
 21            25 
 22            26 
 22            27 
 22            28 
 22            29 
 23            26 
 23            27 
 23            28 
 23            29 
 24            26 
 24            27 
 24            29 
 25            26 
 25            27 
 25            28 
 26            30 
 26            31 
 27            30 
 27            31 
 28            30 
 28            31 
 29            30 
 29            31 
 30            32 
 31            32 
