 1             2 
 1             4 
 2             3 
 2             7 
 3             5 
 3             8 
 4             5 
 4             8 
 5             6 
 6             9 
 6             10 
 7             8 
 8             10 
 8             11 
 9             11 
 9             12 
 9             15 
 10            12 
 10            14 
 10            15 
 10            16 
 11            13 
 11            14 
 11            19 
 12            17 
 12            19 
 12            21 
 13            16 
 13            17 
 14            17 
 14            21 
 15            17 
 16            20 
 16            21 
 16            23 
 17            18 
 18            20 
 18            23 
 19            20 
 19            23 
 20            22 
 20            25 
 21            24 
 21            25 
 22            24 
 23            24 
 24            26 
 24            29 
 25            26 
 26            27 
 26            28 
 27            31 
 28            30 
 29            30 
 30            32 
 31            32 
