 1             2 
 1             3 
 2             4 
 2             5 
 3             4 
 3             5 
 4             6 
 4             7 
 5             6 
 5             7 
 6             8 
 7             8 
 8             9 
 9             10 
 10            11 
 11            12 
 12            13 
 13            14 
 14            15 
 14            16 
 15            17 
 16            17 
 17            18 
 18            19 
 19            20 
 20            21 
 21            22 
 21            25 
 22            23 
 23            24 
 24            26 
 25            26 
 26            27 
 27            28 
 28            29 
 29            30 
 29            31 
 30            32 
 31            32 
