 1             2 
 1             3 
 2             5 
 2             8 
 3             4 
 4             6 
 4             8 
 5             6 
 6             7 
 6             9 
 7             10 
 8             9 
 9             11 
 10            11 
 11            12 
 12            13 
 13            14 
 14            15 
 15            16 
 16            17 
 17            18 
 18            19 
 19            20 
 19            23 
 20            21 
 21            22 
 22            24 
 22            27 
 23            24 
 23            27 
 24            25 
 25            26 
 26            28 
 27            28 
 28            29 
 29            30 
 30            31 
 31            32 
