 1             2 
 1             3 
 1             4 
 1             5 
 1             6 
 1             7 
 2             8 
 2             9 
 2             10 
 2             12 
 3             8 
 3             10 
 3             12 
 4             8 
 4             11 
 4             12 
 5             8 
 5             11 
 5             15 
 6             10 
 6             12 
 7             8 
 7             10 
 8             13 
 8             14 
 8             16 
 8             17 
 9             13 
 9             14 
 9             15 
 9             16 
 10            13 
 10            14 
 10            16 
 11            16 
 11            17 
 11            18 
 11            20 
 11            21 
 12            15 
 12            17 
 12            18 
 12            21 
 13            18 
 13            20 
 13            21 
 13            23 
 13            25 
 14            18 
 14            19 
 14            22 
 14            25 
 14            26 
 15            20 
 15            23 
 15            25 
 15            31 
 16            23 
 16            24 
 16            25 
 16            31 
 17            19 
 17            22 
 17            26 
 18            24 
 18            27 
 18            31 
 19            24 
 19            27 
 19            31 
 20            24 
 20            26 
 21            24 
 21            26 
 22            27 
 22            28 
 22            29 
 22            30 
 22            31 
 23            26 
 23            28 
 23            29 
 23            30 
 24            28 
 24            29 
 24            30 
 25            27 
 25            28 
 25            29 
 26            27 
 27            32 
 28            32 
 29            32 
 30            32 
 31            32 
