 1             2 
 2             3 
 3             4 
 4             5 
 5             6 
 6             7 
 7             8 
 8             9 
 8             10 
 9             11 
 10            11 
 11            12 
 11            13 
 12            14 
 12            17 
 13            14 
 13            17 
 14            15 
 15            16 
 16            18 
 17            18 
 18            19 
 19            20 
 20            21 
 20            23 
 21            22 
 22            24 
 22            27 
 23            24 
 23            27 
 24            25 
 25            26 
 25            29 
 26            28 
 27            28 
 28            30 
 29            30 
 30            31 
 31            32 
