 1             2 
 1             3 
 1             4 
 1             5 
 1             6 
 1             7 
 1             8 
 1             9 
 1             10 
 1             14 
 1             18 
 2             11 
 2             13 
 2             16 
 2             17 
 2             19 
 2             25 
 2             26 
 3             11 
 3             12 
 3             15 
 3             19 
 3             26 
 3             31 
 4             11 
 4             12 
 4             13 
 4             19 
 4             26 
 5             19 
 5             21 
 5             22 
 5             24 
 5             25 
 5             26 
 5             29 
 5             30 
 5             31 
 6             16 
 6             20 
 6             22 
 6             24 
 6             26 
 6             31 
 7             15 
 7             20 
 7             22 
 7             31 
 8             11 
 8             16 
 8             25 
 9             15 
 9             29 
 9             30 
 10            21 
 10            24 
 10            25 
 10            29 
 10            30 
 11            20 
 11            21 
 11            22 
 11            24 
 12            16 
 12            25 
 12            30 
 13            21 
 13            24 
 13            28 
 13            29 
 13            31 
 14            21 
 14            22 
 14            24 
 14            28 
 14            29 
 15            21 
 15            24 
 15            25 
 16            21 
 16            28 
 16            29 
 17            22 
 17            28 
 18            23 
 18            25 
 19            23 
 19            28 
 20            29 
 20            30 
 21            23 
 22            23 
 23            27 
 24            27 
 25            28 
 26            28 
 27            32 
 28            32 
 29            32 
 30            32 
 31            32 
