1	1	0
2	1	0
3	1	0
4	1	0
1	2	7
2	2	3
3	2	2
4	2	5
1	3	8
2	3	1
3	3	5
4	3	7
1	4	5
2	4	4
3	4	2
4	4	3
1	5	8
2	5	4
3	5	4
4	5	9
1	6	7
2	6	8
3	6	10
4	6	7
1	7	2
2	7	2
3	7	4
4	7	10
1	8	10
2	8	6
3	8	3
4	8	8
1	9	7
2	9	1
3	9	5
4	9	1
1	10	6
2	10	9
3	10	2
4	10	3
1	11	7
2	11	7
3	11	4
4	11	5
1	12	6
2	12	6
3	12	8
4	12	1
1	13	9
2	13	3
3	13	4
4	13	4
1	14	8
2	14	9
3	14	6
4	14	7
1	15	6
2	15	2
3	15	4
4	15	1
1	16	1
2	16	5
3	16	5
4	16	2
1	17	5
2	17	2
3	17	7
4	17	3
1	18	9
2	18	7
3	18	9
4	18	3
1	19	1
2	19	7
3	19	4
4	19	7
1	20	6
2	20	3
3	20	8
4	20	5
1	21	3
2	21	8
3	21	1
4	21	10
1	22	4
2	22	1
3	22	2
4	22	4
1	23	9
2	23	4
3	23	3
4	23	10
1	24	7
2	24	1
3	24	10
4	24	10
1	25	8
2	25	7
3	25	4
4	25	9
1	26	1
2	26	4
3	26	1
4	26	8
1	27	5
2	27	6
3	27	8
4	27	2
1	28	1
2	28	7
3	28	3
4	28	8
1	29	3
2	29	5
3	29	3
4	29	3
1	30	9
2	30	10
3	30	3
4	30	7
1	31	4
2	31	7
3	31	9
4	31	6
1	32	5
2	32	5
3	32	1
4	32	3
1	33	5
2	33	1
3	33	7
4	33	5
1	34	9
2	34	5
3	34	2
4	34	3
1	35	2
2	35	8
3	35	7
4	35	10
1	36	10
2	36	7
3	36	7
4	36	10
1	37	9
2	37	4
3	37	8
4	37	6
1	38	5
2	38	8
3	38	8
4	38	1
1	39	8
2	39	9
3	39	3
4	39	6
1	40	6
2	40	6
3	40	6
4	40	2
1	41	8
2	41	6
3	41	10
4	41	5
1	42	8
2	42	9
3	42	5
4	42	8
1	43	9
2	43	4
3	43	5
4	43	7
1	44	8
2	44	2
3	44	9
4	44	6
1	45	9
2	45	10
3	45	6
4	45	10
1	46	1
2	46	1
3	46	6
4	46	5
1	47	9
2	47	3
3	47	7
4	47	4
1	48	6
2	48	5
3	48	3
4	48	9
1	49	5
2	49	1
3	49	9
4	49	9
1	50	3
2	50	4
3	50	7
4	50	1
1	51	3
2	51	6
3	51	4
4	51	7
1	52	3
2	52	7
3	52	2
4	52	1
1	53	2
2	53	5
3	53	5
4	53	2
1	54	5
2	54	6
3	54	3
4	54	10
1	55	7
2	55	1
3	55	3
4	55	9
1	56	7
2	56	2
3	56	3
4	56	4
1	57	6
2	57	9
3	57	10
4	57	1
1	58	9
2	58	7
3	58	6
4	58	2
1	59	6
2	59	4
3	59	4
4	59	3
1	60	4
2	60	1
3	60	4
4	60	9
1	61	1
2	61	10
3	61	1
4	61	2
1	62	2
2	62	6
3	62	5
4	62	8
1	63	7
2	63	9
3	63	2
4	63	6
1	64	2
2	64	2
3	64	7
4	64	2
1	65	3
2	65	8
3	65	9
4	65	7
1	66	6
2	66	3
3	66	5
4	66	9
1	67	3
2	67	2
3	67	7
4	67	4
1	68	4
2	68	3
3	68	6
4	68	5
1	69	1
2	69	3
3	69	6
4	69	4
1	70	6
2	70	8
3	70	10
4	70	9
1	71	2
2	71	8
3	71	4
4	71	7
1	72	6
2	72	2
3	72	4
4	72	8
1	73	3
2	73	3
3	73	2
4	73	1
1	74	4
2	74	5
3	74	6
4	74	4
1	75	7
2	75	7
3	75	10
4	75	5
1	76	5
2	76	10
3	76	4
4	76	8
1	77	10
2	77	6
3	77	9
4	77	5
1	78	3
2	78	10
3	78	3
4	78	9
1	79	5
2	79	7
3	79	3
4	79	3
1	80	9
2	80	4
3	80	2
4	80	9
1	81	4
2	81	9
3	81	9
4	81	2
1	82	9
2	82	8
3	82	1
4	82	5
1	83	8
2	83	2
3	83	8
4	83	3
1	84	5
2	84	7
3	84	3
4	84	5
1	85	9
2	85	3
3	85	3
4	85	6
1	86	1
2	86	8
3	86	5
4	86	1
1	87	9
2	87	6
3	87	10
4	87	6
1	88	1
2	88	2
3	88	9
4	88	5
1	89	2
2	89	8
3	89	6
4	89	6
1	90	10
2	90	6
3	90	9
4	90	7
1	91	10
2	91	9
3	91	4
4	91	7
1	92	10
2	92	2
3	92	9
4	92	4
1	93	10
2	93	5
3	93	8
4	93	3
1	94	8
2	94	2
3	94	1
4	94	8
1	95	7
2	95	8
3	95	2
4	95	1
1	96	6
2	96	4
3	96	2
4	96	10
1	97	2
2	97	3
3	97	10
4	97	10
1	98	4
2	98	1
3	98	6
4	98	7
1	99	1
2	99	1
3	99	9
4	99	4
1	100	1
2	100	6
3	100	5
4	100	5
1	101	1
2	101	1
3	101	10
4	101	8
1	102	3
2	102	10
3	102	2
4	102	5
1	103	1
2	103	10
3	103	9
4	103	3
1	104	9
2	104	1
3	104	3
4	104	3
1	105	4
2	105	5
3	105	8
4	105	6
1	106	10
2	106	8
3	106	1
4	106	2
1	107	1
2	107	5
3	107	9
4	107	10
1	108	8
2	108	10
3	108	10
4	108	6
1	109	7
2	109	6
3	109	5
4	109	7
1	110	6
2	110	3
3	110	1
4	110	8
1	111	10
2	111	10
3	111	2
4	111	9
1	112	3
2	112	4
3	112	3
4	112	2
1	113	8
2	113	3
3	113	4
4	113	8
1	114	3
2	114	8
3	114	3
4	114	2
1	115	9
2	115	2
3	115	3
4	115	7
1	116	3
2	116	10
3	116	10
4	116	9
1	117	1
2	117	4
3	117	5
4	117	10
1	118	6
2	118	4
3	118	10
4	118	3
1	119	8
2	119	2
3	119	6
4	119	7
1	120	1
2	120	3
3	120	5
4	120	1
1	121	7
2	121	7
3	121	6
4	121	1
1	122	0
2	122	0
3	122	0
4	122	0