1	1	0
2	1	0
3	1	0
4	1	0
1	2	8
2	2	8
3	2	1
4	2	10
1	3	0
2	3	2
3	3	6
4	3	3
1	4	10
2	4	6
3	4	0
4	4	0
1	5	0
2	5	3
3	5	1
4	5	4
1	6	2
2	6	6
3	6	0
4	6	2
1	7	0
2	7	0
3	7	7
4	7	0
1	8	9
2	8	9
3	8	1
4	8	0
1	9	10
2	9	8
3	9	9
4	9	10
1	10	0
2	10	0
3	10	5
4	10	4
1	11	0
2	11	0
3	11	3
4	11	0
1	12	10
2	12	0
3	12	4
4	12	4
1	13	4
2	13	2
3	13	2
4	13	0
1	14	7
2	14	2
3	14	0
4	14	8
1	15	3
2	15	4
3	15	0
4	15	5
1	16	5
2	16	10
3	16	4
4	16	7
1	17	5
2	17	0
3	17	0
4	17	3
1	18	2
2	18	0
3	18	1
4	18	10
1	19	0
2	19	4
3	19	10
4	19	4
1	20	0
2	20	3
3	20	4
4	20	9
1	21	3
2	21	6
3	21	0
4	21	10
1	22	7
2	22	9
3	22	0
4	22	6
1	23	7
2	23	9
3	23	6
4	23	9
1	24	7
2	24	0
3	24	3
4	24	7
1	25	0
2	25	0
3	25	2
4	25	4
1	26	9
2	26	9
3	26	0
4	26	0
1	27	2
2	27	0
3	27	9
4	27	5
1	28	6
2	28	4
3	28	8
4	28	4
1	29	10
2	29	8
3	29	0
4	29	2
1	30	0
2	30	8
3	30	4
4	30	8
1	31	10
2	31	7
3	31	7
4	31	4
1	32	1
2	32	3
3	32	7
4	32	6
1	33	9
2	33	10
3	33	0
4	33	0
1	34	1
2	34	9
3	34	0
4	34	0
1	35	4
2	35	2
3	35	2
4	35	7
1	36	7
2	36	6
3	36	9
4	36	0
1	37	7
2	37	3
3	37	1
4	37	0
1	38	9
2	38	8
3	38	7
4	38	0
1	39	0
2	39	7
3	39	0
4	39	8
1	40	0
2	40	2
3	40	10
4	40	0
1	41	6
2	41	9
3	41	1
4	41	7
1	42	4
2	42	0
3	42	9
4	42	0
1	43	3
2	43	9
3	43	1
4	43	2
1	44	0
2	44	9
3	44	4
4	44	8
1	45	0
2	45	8
3	45	9
4	45	8
1	46	5
2	46	4
3	46	8
4	46	5
1	47	6
2	47	0
3	47	5
4	47	0
1	48	2
2	48	5
3	48	10
4	48	9
1	49	9
2	49	6
3	49	7
4	49	0
1	50	7
2	50	4
3	50	0
4	50	10
1	51	3
2	51	0
3	51	4
4	51	5
1	52	3
2	52	10
3	52	7
4	52	5
1	53	4
2	53	0
3	53	10
4	53	3
1	54	10
2	54	0
3	54	0
4	54	8
1	55	8
2	55	0
3	55	4
4	55	0
1	56	6
2	56	3
3	56	1
4	56	0
1	57	6
2	57	7
3	57	0
4	57	1
1	58	3
2	58	0
3	58	1
4	58	3
1	59	0
2	59	2
3	59	3
4	59	8
1	60	10
2	60	3
3	60	5
4	60	0
1	61	5
2	61	7
3	61	10
4	61	0
1	62	8
2	62	0
3	62	7
4	62	3
1	63	5
2	63	6
3	63	7
4	63	9
1	64	2
2	64	10
3	64	7
4	64	8
1	65	1
2	65	1
3	65	5
4	65	8
1	66	0
2	66	4
3	66	8
4	66	4
1	67	4
2	67	10
3	67	0
4	67	4
1	68	0
2	68	0
3	68	5
4	68	1
1	69	1
2	69	0
3	69	1
4	69	1
1	70	0
2	70	1
3	70	0
4	70	0
1	71	5
2	71	4
3	71	6
4	71	1
1	72	0
2	72	6
3	72	7
4	72	3
1	73	1
2	73	0
3	73	6
4	73	6
1	74	1
2	74	7
3	74	0
4	74	9
1	75	9
2	75	0
3	75	10
4	75	8
1	76	10
2	76	1
3	76	0
4	76	3
1	77	8
2	77	7
3	77	10
4	77	4
1	78	3
2	78	0
3	78	2
4	78	7
1	79	3
2	79	0
3	79	4
4	79	4
1	80	0
2	80	7
3	80	4
4	80	10
1	81	7
2	81	7
3	81	10
4	81	10
1	82	0
2	82	10
3	82	5
4	82	1
1	83	1
2	83	2
3	83	5
4	83	6
1	84	6
2	84	0
3	84	9
4	84	10
1	85	0
2	85	3
3	85	0
4	85	0
1	86	2
2	86	0
3	86	0
4	86	3
1	87	0
2	87	7
3	87	3
4	87	10
1	88	0
2	88	6
3	88	10
4	88	3
1	89	3
2	89	8
3	89	9
4	89	4
1	90	0
2	90	5
3	90	7
4	90	4
1	91	10
2	91	1
3	91	0
4	91	1
1	92	0
2	92	9
3	92	4
4	92	10
1	93	7
2	93	0
3	93	4
4	93	6
1	94	4
2	94	7
3	94	0
4	94	6
1	95	3
2	95	1
3	95	8
4	95	7
1	96	0
2	96	9
3	96	0
4	96	2
1	97	5
2	97	9
3	97	0
4	97	1
1	98	7
2	98	6
3	98	4
4	98	3
1	99	9
2	99	5
3	99	0
4	99	2
1	100	0
2	100	0
3	100	4
4	100	5
1	101	7
2	101	9
3	101	10
4	101	2
1	102	4
2	102	0
3	102	1
4	102	5
1	103	6
2	103	1
3	103	0
4	103	10
1	104	0
2	104	10
3	104	10
4	104	0
1	105	2
2	105	3
3	105	0
4	105	0
1	106	9
2	106	0
3	106	0
4	106	3
1	107	2
2	107	7
3	107	1
4	107	6
1	108	6
2	108	2
3	108	0
4	108	10
1	109	9
2	109	7
3	109	1
4	109	1
1	110	4
2	110	6
3	110	10
4	110	4
1	111	5
2	111	9
3	111	4
4	111	1
1	112	10
2	112	2
3	112	0
4	112	0
1	113	0
2	113	6
3	113	10
4	113	0
1	114	7
2	114	6
3	114	0
4	114	5
1	115	8
2	115	4
3	115	0
4	115	0
1	116	5
2	116	1
3	116	8
4	116	10
1	117	8
2	117	8
3	117	9
4	117	4
1	118	10
2	118	1
3	118	10
4	118	3
1	119	3
2	119	8
3	119	0
4	119	8
1	120	2
2	120	9
3	120	0
4	120	7
1	121	7
2	121	10
3	121	0
4	121	9
1	122	0
2	122	0
3	122	0
4	122	0