1	1	0
2	1	0
3	1	0
4	1	0
1	2	9
2	2	8
3	2	8
4	2	2
1	3	5
2	3	1
3	3	2
4	3	8
1	4	5
2	4	7
3	4	2
4	4	5
1	5	4
2	5	5
3	5	2
4	5	8
1	6	4
2	6	8
3	6	9
4	6	6
1	7	3
2	7	1
3	7	8
4	7	3
1	8	3
2	8	7
3	8	1
4	8	7
1	9	6
2	9	4
3	9	9
4	9	6
1	10	4
2	10	10
3	10	2
4	10	5
1	11	10
2	11	3
3	11	3
4	11	5
1	12	10
2	12	8
3	12	5
4	12	8
1	13	3
2	13	7
3	13	1
4	13	7
1	14	7
2	14	7
3	14	3
4	14	6
1	15	4
2	15	4
3	15	2
4	15	4
1	16	5
2	16	10
3	16	1
4	16	2
1	17	7
2	17	2
3	17	10
4	17	2
1	18	4
2	18	1
3	18	6
4	18	5
1	19	10
2	19	10
3	19	3
4	19	7
1	20	6
2	20	6
3	20	6
4	20	9
1	21	6
2	21	7
3	21	8
4	21	4
1	22	6
2	22	7
3	22	6
4	22	8
1	23	1
2	23	1
3	23	1
4	23	5
1	24	5
2	24	3
3	24	7
4	24	3
1	25	6
2	25	5
3	25	1
4	25	4
1	26	7
2	26	10
3	26	4
4	26	4
1	27	9
2	27	5
3	27	5
4	27	6
1	28	2
2	28	5
3	28	10
4	28	4
1	29	10
2	29	9
3	29	3
4	29	7
1	30	5
2	30	1
3	30	4
4	30	8
1	31	1
2	31	3
3	31	8
4	31	8
1	32	8
2	32	6
3	32	4
4	32	2
1	33	2
2	33	1
3	33	8
4	33	10
1	34	4
2	34	7
3	34	7
4	34	1
1	35	9
2	35	9
3	35	5
4	35	2
1	36	6
2	36	2
3	36	6
4	36	2
1	37	4
2	37	4
3	37	10
4	37	4
1	38	5
2	38	4
3	38	6
4	38	6
1	39	2
2	39	7
3	39	6
4	39	7
1	40	10
2	40	6
3	40	5
4	40	2
1	41	6
2	41	10
3	41	10
4	41	1
1	42	4
2	42	6
3	42	4
4	42	4
1	43	5
2	43	3
3	43	6
4	43	2
1	44	2
2	44	2
3	44	9
4	44	2
1	45	9
2	45	6
3	45	8
4	45	5
1	46	7
2	46	10
3	46	5
4	46	10
1	47	6
2	47	2
3	47	9
4	47	9
1	48	3
2	48	10
3	48	3
4	48	8
1	49	4
2	49	1
3	49	4
4	49	7
1	50	8
2	50	7
3	50	3
4	50	8
1	51	7
2	51	2
3	51	4
4	51	5
1	52	6
2	52	10
3	52	9
4	52	10
1	53	10
2	53	2
3	53	6
4	53	5
1	54	4
2	54	10
3	54	2
4	54	9
1	55	4
2	55	9
3	55	9
4	55	3
1	56	10
2	56	2
3	56	6
4	56	4
1	57	2
2	57	7
3	57	5
4	57	1
1	58	9
2	58	10
3	58	2
4	58	2
1	59	1
2	59	6
3	59	3
4	59	1
1	60	7
2	60	10
3	60	7
4	60	8
1	61	9
2	61	9
3	61	4
4	61	3
1	62	4
2	62	7
3	62	7
4	62	5
1	63	3
2	63	2
3	63	4
4	63	7
1	64	3
2	64	7
3	64	8
4	64	2
1	65	1
2	65	3
3	65	3
4	65	3
1	66	3
2	66	10
3	66	10
4	66	1
1	67	1
2	67	8
3	67	3
4	67	7
1	68	2
2	68	7
3	68	9
4	68	5
1	69	1
2	69	3
3	69	4
4	69	7
1	70	8
2	70	6
3	70	1
4	70	3
1	71	7
2	71	8
3	71	7
4	71	6
1	72	2
2	72	1
3	72	4
4	72	7
1	73	4
2	73	4
3	73	1
4	73	6
1	74	4
2	74	4
3	74	6
4	74	4
1	75	2
2	75	4
3	75	2
4	75	8
1	76	5
2	76	4
3	76	10
4	76	9
1	77	10
2	77	2
3	77	2
4	77	2
1	78	7
2	78	2
3	78	8
4	78	1
1	79	3
2	79	8
3	79	8
4	79	8
1	80	8
2	80	8
3	80	1
4	80	6
1	81	2
2	81	5
3	81	10
4	81	1
1	82	10
2	82	8
3	82	4
4	82	7
1	83	1
2	83	1
3	83	7
4	83	5
1	84	5
2	84	7
3	84	10
4	84	2
1	85	10
2	85	8
3	85	10
4	85	9
1	86	3
2	86	8
3	86	3
4	86	9
1	87	9
2	87	9
3	87	8
4	87	7
1	88	6
2	88	6
3	88	6
4	88	1
1	89	6
2	89	3
3	89	4
4	89	5
1	90	10
2	90	7
3	90	2
4	90	6
1	91	1
2	91	5
3	91	6
4	91	9
1	92	2
2	92	4
3	92	3
4	92	4
1	93	5
2	93	9
3	93	5
4	93	9
1	94	1
2	94	3
3	94	5
4	94	3
1	95	3
2	95	3
3	95	6
4	95	2
1	96	8
2	96	2
3	96	6
4	96	1
1	97	5
2	97	5
3	97	9
4	97	6
1	98	9
2	98	2
3	98	7
4	98	1
1	99	6
2	99	7
3	99	1
4	99	10
1	100	3
2	100	8
3	100	2
4	100	2
1	101	8
2	101	4
3	101	7
4	101	4
1	102	7
2	102	5
3	102	2
4	102	7
1	103	6
2	103	6
3	103	7
4	103	10
1	104	1
2	104	1
3	104	3
4	104	10
1	105	3
2	105	4
3	105	6
4	105	9
1	106	4
2	106	6
3	106	1
4	106	8
1	107	7
2	107	7
3	107	6
4	107	7
1	108	8
2	108	3
3	108	8
4	108	3
1	109	2
2	109	9
3	109	2
4	109	7
1	110	3
2	110	8
3	110	2
4	110	10
1	111	4
2	111	8
3	111	9
4	111	9
1	112	1
2	112	10
3	112	8
4	112	6
1	113	4
2	113	6
3	113	4
4	113	1
1	114	3
2	114	8
3	114	2
4	114	5
1	115	5
2	115	6
3	115	5
4	115	3
1	116	2
2	116	7
3	116	3
4	116	2
1	117	3
2	117	8
3	117	5
4	117	9
1	118	7
2	118	5
3	118	7
4	118	1
1	119	3
2	119	6
3	119	3
4	119	1
1	120	1
2	120	9
3	120	8
4	120	8
1	121	4
2	121	7
3	121	3
4	121	2
1	122	0
2	122	0
3	122	0
4	122	0