1	1	0
2	1	0
3	1	0
4	1	0
1	2	8
2	2	3
3	2	1
4	2	1
1	3	3
2	3	5
3	3	5
4	3	0
1	4	5
2	4	0
3	4	0
4	4	0
1	5	3
2	5	0
3	5	0
4	5	4
1	6	8
2	6	10
3	6	9
4	6	7
1	7	5
2	7	8
3	7	0
4	7	4
1	8	7
2	8	0
3	8	2
4	8	3
1	9	0
2	9	7
3	9	4
4	9	1
1	10	4
2	10	10
3	10	4
4	10	2
1	11	2
2	11	6
3	11	3
4	11	0
1	12	8
2	12	1
3	12	0
4	12	6
1	13	2
2	13	10
3	13	9
4	13	7
1	14	0
2	14	10
3	14	10
4	14	0
1	15	3
2	15	0
3	15	7
4	15	10
1	16	5
2	16	9
3	16	0
4	16	0
1	17	8
2	17	5
3	17	0
4	17	0
1	18	2
2	18	6
3	18	0
4	18	4
1	19	4
2	19	1
3	19	7
4	19	4
1	20	7
2	20	2
3	20	9
4	20	6
1	21	0
2	21	7
3	21	9
4	21	4
1	22	8
2	22	0
3	22	4
4	22	1
1	23	6
2	23	2
3	23	10
4	23	0
1	24	10
2	24	0
3	24	4
4	24	2
1	25	7
2	25	6
3	25	0
4	25	9
1	26	10
2	26	1
3	26	10
4	26	7
1	27	8
2	27	0
3	27	2
4	27	3
1	28	0
2	28	2
3	28	6
4	28	2
1	29	3
2	29	1
3	29	5
4	29	2
1	30	0
2	30	7
3	30	10
4	30	4
1	31	0
2	31	1
3	31	10
4	31	1
1	32	5
2	32	1
3	32	3
4	32	0
1	33	3
2	33	10
3	33	2
4	33	6
1	34	7
2	34	4
3	34	9
4	34	9
1	35	1
2	35	0
3	35	7
4	35	0
1	36	2
2	36	0
3	36	9
4	36	0
1	37	5
2	37	9
3	37	4
4	37	10
1	38	1
2	38	6
3	38	3
4	38	0
1	39	6
2	39	0
3	39	0
4	39	0
1	40	0
2	40	6
3	40	0
4	40	6
1	41	6
2	41	9
3	41	0
4	41	9
1	42	9
2	42	6
3	42	9
4	42	8
1	43	7
2	43	5
3	43	0
4	43	3
1	44	4
2	44	3
3	44	5
4	44	0
1	45	10
2	45	6
3	45	0
4	45	9
1	46	8
2	46	0
3	46	5
4	46	0
1	47	10
2	47	4
3	47	0
4	47	4
1	48	5
2	48	0
3	48	7
4	48	9
1	49	10
2	49	9
3	49	4
4	49	4
1	50	6
2	50	0
3	50	9
4	50	8
1	51	4
2	51	8
3	51	0
4	51	0
1	52	3
2	52	7
3	52	6
4	52	9
1	53	4
2	53	7
3	53	1
4	53	3
1	54	0
2	54	2
3	54	4
4	54	6
1	55	7
2	55	10
3	55	4
4	55	1
1	56	2
2	56	3
3	56	2
4	56	7
1	57	10
2	57	9
3	57	7
4	57	10
1	58	2
2	58	5
3	58	9
4	58	10
1	59	4
2	59	4
3	59	0
4	59	10
1	60	8
2	60	8
3	60	2
4	60	0
1	61	7
2	61	0
3	61	2
4	61	7
1	62	2
2	62	0
3	62	0
4	62	0
1	63	5
2	63	0
3	63	7
4	63	8
1	64	2
2	64	5
3	64	6
4	64	0
1	65	9
2	65	2
3	65	8
4	65	7
1	66	8
2	66	0
3	66	6
4	66	5
1	67	6
2	67	4
3	67	6
4	67	0
1	68	6
2	68	7
3	68	5
4	68	1
1	69	9
2	69	8
3	69	0
4	69	0
1	70	7
2	70	4
3	70	10
4	70	0
1	71	0
2	71	0
3	71	7
4	71	0
1	72	6
2	72	6
3	72	8
4	72	0
1	73	4
2	73	1
3	73	0
4	73	9
1	74	9
2	74	9
3	74	6
4	74	3
1	75	10
2	75	5
3	75	8
4	75	2
1	76	0
2	76	5
3	76	6
4	76	4
1	77	8
2	77	2
3	77	0
4	77	3
1	78	5
2	78	0
3	78	6
4	78	5
1	79	6
2	79	8
3	79	4
4	79	6
1	80	6
2	80	9
3	80	0
4	80	4
1	81	0
2	81	0
3	81	3
4	81	4
1	82	4
2	82	4
3	82	2
4	82	5
1	83	0
2	83	4
3	83	6
4	83	9
1	84	8
2	84	0
3	84	9
4	84	0
1	85	10
2	85	0
3	85	4
4	85	0
1	86	2
2	86	10
3	86	0
4	86	2
1	87	5
2	87	1
3	87	0
4	87	10
1	88	0
2	88	7
3	88	0
4	88	3
1	89	0
2	89	5
3	89	3
4	89	6
1	90	7
2	90	9
3	90	0
4	90	1
1	91	7
2	91	3
3	91	0
4	91	0
1	92	8
2	92	6
3	92	0
4	92	8
1	93	10
2	93	0
3	93	6
4	93	0
1	94	7
2	94	1
3	94	0
4	94	0
1	95	0
2	95	1
3	95	9
4	95	9
1	96	9
2	96	6
3	96	9
4	96	7
1	97	0
2	97	4
3	97	9
4	97	4
1	98	0
2	98	2
3	98	1
4	98	2
1	99	0
2	99	0
3	99	5
4	99	9
1	100	4
2	100	1
3	100	0
4	100	5
1	101	9
2	101	10
3	101	7
4	101	10
1	102	0
2	102	0
3	102	6
4	102	9
1	103	9
2	103	4
3	103	8
4	103	1
1	104	7
2	104	0
3	104	6
4	104	1
1	105	0
2	105	6
3	105	5
4	105	3
1	106	6
2	106	0
3	106	1
4	106	6
1	107	2
2	107	0
3	107	8
4	107	10
1	108	4
2	108	10
3	108	3
4	108	8
1	109	6
2	109	8
3	109	2
4	109	9
1	110	3
2	110	0
3	110	0
4	110	0
1	111	4
2	111	8
3	111	0
4	111	5
1	112	10
2	112	0
3	112	7
4	112	0
1	113	10
2	113	0
3	113	5
4	113	0
1	114	3
2	114	9
3	114	0
4	114	8
1	115	10
2	115	10
3	115	0
4	115	4
1	116	0
2	116	2
3	116	7
4	116	1
1	117	0
2	117	4
3	117	8
4	117	0
1	118	8
2	118	5
3	118	0
4	118	2
1	119	7
2	119	8
3	119	5
4	119	9
1	120	4
2	120	0
3	120	5
4	120	10
1	121	4
2	121	1
3	121	9
4	121	8
1	122	0
2	122	0
3	122	0
4	122	0