1	1	0
2	1	0
3	1	0
4	1	0
1	2	10
2	2	4
3	2	4
4	2	8
1	3	0
2	3	0
3	3	6
4	3	5
1	4	0
2	4	0
3	4	1
4	4	2
1	5	8
2	5	4
3	5	0
4	5	0
1	6	0
2	6	8
3	6	1
4	6	9
1	7	0
2	7	9
3	7	6
4	7	0
1	8	9
2	8	9
3	8	0
4	8	0
1	9	10
2	9	3
3	9	7
4	9	0
1	10	2
2	10	0
3	10	10
4	10	4
1	11	5
2	11	5
3	11	10
4	11	0
1	12	8
2	12	10
3	12	0
4	12	3
1	13	6
2	13	0
3	13	7
4	13	0
1	14	3
2	14	0
3	14	4
4	14	7
1	15	5
2	15	8
3	15	0
4	15	10
1	16	3
2	16	0
3	16	3
4	16	0
1	17	0
2	17	4
3	17	10
4	17	0
1	18	10
2	18	8
3	18	7
4	18	8
1	19	3
2	19	2
3	19	0
4	19	6
1	20	3
2	20	3
3	20	9
4	20	3
1	21	1
2	21	0
3	21	7
4	21	0
1	22	6
2	22	5
3	22	8
4	22	1
1	23	3
2	23	4
3	23	0
4	23	8
1	24	7
2	24	4
3	24	0
4	24	8
1	25	1
2	25	2
3	25	9
4	25	7
1	26	4
2	26	9
3	26	8
4	26	0
1	27	0
2	27	1
3	27	10
4	27	0
1	28	0
2	28	8
3	28	6
4	28	7
1	29	6
2	29	8
3	29	1
4	29	2
1	30	7
2	30	6
3	30	4
4	30	9
1	31	5
2	31	0
3	31	5
4	31	8
1	32	7
2	32	1
3	32	0
4	32	7
1	33	5
2	33	3
3	33	0
4	33	5
1	34	8
2	34	0
3	34	8
4	34	9
1	35	8
2	35	9
3	35	7
4	35	2
1	36	9
2	36	8
3	36	7
4	36	5
1	37	0
2	37	5
3	37	0
4	37	8
1	38	10
2	38	4
3	38	4
4	38	9
1	39	9
2	39	9
3	39	0
4	39	0
1	40	6
2	40	3
3	40	7
4	40	3
1	41	8
2	41	4
3	41	1
4	41	5
1	42	0
2	42	8
3	42	4
4	42	8
1	43	0
2	43	7
3	43	6
4	43	8
1	44	2
2	44	0
3	44	7
4	44	8
1	45	9
2	45	8
3	45	1
4	45	2
1	46	5
2	46	0
3	46	10
4	46	0
1	47	8
2	47	3
3	47	0
4	47	6
1	48	2
2	48	6
3	48	4
4	48	1
1	49	6
2	49	0
3	49	3
4	49	0
1	50	0
2	50	0
3	50	10
4	50	4
1	51	0
2	51	3
3	51	0
4	51	6
1	52	9
2	52	2
3	52	3
4	52	2
1	53	1
2	53	7
3	53	0
4	53	0
1	54	5
2	54	1
3	54	0
4	54	6
1	55	0
2	55	9
3	55	9
4	55	8
1	56	5
2	56	2
3	56	2
4	56	5
1	57	2
2	57	6
3	57	10
4	57	0
1	58	2
2	58	9
3	58	0
4	58	0
1	59	0
2	59	1
3	59	2
4	59	3
1	60	4
2	60	4
3	60	0
4	60	0
1	61	8
2	61	0
3	61	1
4	61	7
1	62	2
2	62	0
3	62	0
4	62	7
1	63	4
2	63	6
3	63	1
4	63	1
1	64	9
2	64	9
3	64	6
4	64	5
1	65	8
2	65	3
3	65	1
4	65	2
1	66	8
2	66	5
3	66	1
4	66	0
1	67	10
2	67	8
3	67	6
4	67	10
1	68	0
2	68	5
3	68	7
4	68	0
1	69	4
2	69	5
3	69	0
4	69	9
1	70	1
2	70	0
3	70	1
4	70	3
1	71	0
2	71	2
3	71	4
4	71	8
1	72	10
2	72	3
3	72	9
4	72	0
1	73	0
2	73	0
3	73	7
4	73	0
1	74	6
2	74	0
3	74	0
4	74	3
1	75	2
2	75	6
3	75	2
4	75	2
1	76	9
2	76	9
3	76	3
4	76	0
1	77	4
2	77	1
3	77	0
4	77	7
1	78	0
2	78	0
3	78	9
4	78	0
1	79	0
2	79	3
3	79	5
4	79	4
1	80	6
2	80	10
3	80	7
4	80	6
1	81	10
2	81	8
3	81	6
4	81	7
1	82	0
2	82	7
3	82	5
4	82	7
1	83	8
2	83	0
3	83	2
4	83	3
1	84	1
2	84	1
3	84	0
4	84	4
1	85	3
2	85	6
3	85	5
4	85	7
1	86	0
2	86	3
3	86	7
4	86	9
1	87	5
2	87	0
3	87	9
4	87	2
1	88	6
2	88	10
3	88	8
4	88	3
1	89	3
2	89	0
3	89	0
4	89	9
1	90	4
2	90	2
3	90	5
4	90	7
1	91	5
2	91	0
3	91	4
4	91	1
1	92	4
2	92	3
3	92	8
4	92	0
1	93	7
2	93	2
3	93	2
4	93	3
1	94	6
2	94	1
3	94	10
4	94	5
1	95	0
2	95	0
3	95	9
4	95	0
1	96	7
2	96	4
3	96	7
4	96	6
1	97	3
2	97	9
3	97	6
4	97	0
1	98	4
2	98	0
3	98	0
4	98	0
1	99	7
2	99	3
3	99	0
4	99	6
1	100	7
2	100	0
3	100	3
4	100	9
1	101	0
2	101	7
3	101	9
4	101	9
1	102	9
2	102	5
3	102	5
4	102	0
1	103	0
2	103	2
3	103	3
4	103	5
1	104	9
2	104	4
3	104	4
4	104	3
1	105	7
2	105	0
3	105	7
4	105	4
1	106	5
2	106	0
3	106	5
4	106	0
1	107	4
2	107	8
3	107	6
4	107	0
1	108	0
2	108	0
3	108	10
4	108	1
1	109	1
2	109	0
3	109	0
4	109	0
1	110	0
2	110	10
3	110	7
4	110	8
1	111	3
2	111	0
3	111	9
4	111	5
1	112	0
2	112	9
3	112	2
4	112	6
1	113	0
2	113	1
3	113	4
4	113	1
1	114	6
2	114	7
3	114	8
4	114	4
1	115	10
2	115	8
3	115	7
4	115	7
1	116	6
2	116	7
3	116	9
4	116	10
1	117	8
2	117	0
3	117	5
4	117	10
1	118	7
2	118	1
3	118	1
4	118	0
1	119	6
2	119	8
3	119	8
4	119	1
1	120	3
2	120	3
3	120	7
4	120	6
1	121	7
2	121	4
3	121	0
4	121	4
1	122	0
2	122	0
3	122	0
4	122	0