1	1	0
2	1	0
3	1	0
4	1	0
1	2	0
2	2	3
3	2	0
4	2	0
1	3	10
2	3	0
3	3	0
4	3	0
1	4	7
2	4	0
3	4	0
4	4	0
1	5	0
2	5	2
3	5	0
4	5	0
1	6	0
2	6	0
3	6	8
4	6	0
1	7	0
2	7	4
3	7	0
4	7	0
1	8	4
2	8	0
3	8	0
4	8	0
1	9	0
2	9	0
3	9	0
4	9	3
1	10	0
2	10	0
3	10	0
4	10	7
1	11	0
2	11	3
3	11	0
4	11	0
1	12	0
2	12	0
3	12	8
4	12	0
1	13	0
2	13	8
3	13	0
4	13	0
1	14	4
2	14	0
3	14	0
4	14	0
1	15	0
2	15	0
3	15	0
4	15	3
1	16	3
2	16	0
3	16	0
4	16	0
1	17	0
2	17	0
3	17	9
4	17	0
1	18	2
2	18	0
3	18	0
4	18	0
1	19	0
2	19	1
3	19	0
4	19	0
1	20	0
2	20	10
3	20	0
4	20	0
1	21	0
2	21	2
3	21	0
4	21	0
1	22	0
2	22	7
3	22	0
4	22	0
1	23	0
2	23	0
3	23	5
4	23	0
1	24	0
2	24	0
3	24	1
4	24	0
1	25	0
2	25	10
3	25	0
4	25	0
1	26	0
2	26	7
3	26	0
4	26	0
1	27	0
2	27	0
3	27	1
4	27	0
1	28	0
2	28	2
3	28	0
4	28	0
1	29	0
2	29	0
3	29	0
4	29	9
1	30	7
2	30	0
3	30	0
4	30	0
1	31	3
2	31	0
3	31	0
4	31	0
1	32	0
2	32	7
3	32	0
4	32	0
1	33	0
2	33	0
3	33	0
4	33	3
1	34	0
2	34	0
3	34	1
4	34	0
1	35	0
2	35	7
3	35	0
4	35	0
1	36	10
2	36	0
3	36	0
4	36	0
1	37	0
2	37	0
3	37	0
4	37	8
1	38	5
2	38	0
3	38	0
4	38	0
1	39	7
2	39	0
3	39	0
4	39	0
1	40	0
2	40	8
3	40	0
4	40	0
1	41	4
2	41	0
3	41	0
4	41	0
1	42	0
2	42	0
3	42	10
4	42	0
1	43	0
2	43	0
3	43	5
4	43	0
1	44	0
2	44	3
3	44	0
4	44	0
1	45	9
2	45	0
3	45	0
4	45	0
1	46	0
2	46	0
3	46	0
4	46	2
1	47	0
2	47	0
3	47	10
4	47	0
1	48	0
2	48	6
3	48	0
4	48	0
1	49	0
2	49	6
3	49	0
4	49	0
1	50	0
2	50	3
3	50	0
4	50	0
1	51	0
2	51	0
3	51	0
4	51	4
1	52	0
2	52	0
3	52	9
4	52	0
1	53	0
2	53	0
3	53	0
4	53	7
1	54	10
2	54	0
3	54	0
4	54	0
1	55	0
2	55	0
3	55	4
4	55	0
1	56	0
2	56	0
3	56	0
4	56	6
1	57	0
2	57	5
3	57	0
4	57	0
1	58	0
2	58	0
3	58	2
4	58	0
1	59	0
2	59	0
3	59	0
4	59	1
1	60	2
2	60	0
3	60	0
4	60	0
1	61	0
2	61	0
3	61	0
4	61	6
1	62	4
2	62	0
3	62	0
4	62	0
1	63	5
2	63	0
3	63	0
4	63	0
1	64	0
2	64	0
3	64	0
4	64	1
1	65	0
2	65	0
3	65	0
4	65	5
1	66	0
2	66	0
3	66	0
4	66	7
1	67	0
2	67	0
3	67	0
4	67	9
1	68	7
2	68	0
3	68	0
4	68	0
1	69	5
2	69	0
3	69	0
4	69	0
1	70	0
2	70	3
3	70	0
4	70	0
1	71	0
2	71	0
3	71	7
4	71	0
1	72	0
2	72	0
3	72	9
4	72	0
1	73	0
2	73	0
3	73	0
4	73	4
1	74	0
2	74	0
3	74	3
4	74	0
1	75	8
2	75	0
3	75	0
4	75	0
1	76	6
2	76	0
3	76	0
4	76	0
1	77	0
2	77	0
3	77	0
4	77	8
1	78	0
2	78	0
3	78	0
4	78	8
1	79	0
2	79	1
3	79	0
4	79	0
1	80	0
2	80	9
3	80	0
4	80	0
1	81	0
2	81	1
3	81	0
4	81	0
1	82	0
2	82	0
3	82	10
4	82	0
1	83	10
2	83	0
3	83	0
4	83	0
1	84	0
2	84	1
3	84	0
4	84	0
1	85	7
2	85	0
3	85	0
4	85	0
1	86	0
2	86	0
3	86	0
4	86	5
1	87	8
2	87	0
3	87	0
4	87	0
1	88	0
2	88	2
3	88	0
4	88	0
1	89	10
2	89	0
3	89	0
4	89	0
1	90	0
2	90	0
3	90	5
4	90	0
1	91	0
2	91	0
3	91	0
4	91	3
1	92	0
2	92	0
3	92	0
4	92	5
1	93	0
2	93	0
3	93	1
4	93	0
1	94	0
2	94	0
3	94	0
4	94	9
1	95	0
2	95	0
3	95	0
4	95	4
1	96	3
2	96	0
3	96	0
4	96	0
1	97	6
2	97	0
3	97	0
4	97	0
1	98	0
2	98	0
3	98	3
4	98	0
1	99	0
2	99	0
3	99	0
4	99	2
1	100	0
2	100	0
3	100	7
4	100	0
1	101	0
2	101	0
3	101	0
4	101	5
1	102	4
2	102	0
3	102	0
4	102	0
1	103	0
2	103	0
3	103	10
4	103	0
1	104	0
2	104	1
3	104	0
4	104	0
1	105	2
2	105	0
3	105	0
4	105	0
1	106	0
2	106	0
3	106	9
4	106	0
1	107	0
2	107	0
3	107	0
4	107	7
1	108	6
2	108	0
3	108	0
4	108	0
1	109	0
2	109	5
3	109	0
4	109	0
1	110	0
2	110	7
3	110	0
4	110	0
1	111	0
2	111	0
3	111	0
4	111	3
1	112	0
2	112	0
3	112	1
4	112	0
1	113	2
2	113	0
3	113	0
4	113	0
1	114	0
2	114	7
3	114	0
4	114	0
1	115	4
2	115	0
3	115	0
4	115	0
1	116	0
2	116	0
3	116	0
4	116	6
1	117	3
2	117	0
3	117	0
4	117	0
1	118	0
2	118	0
3	118	4
4	118	0
1	119	0
2	119	0
3	119	5
4	119	0
1	120	0
2	120	2
3	120	0
4	120	0
1	121	0
2	121	0
3	121	8
4	121	0
1	122	0
2	122	0
3	122	0
4	122	0