1	1	0
2	1	0
3	1	0
4	1	0
1	2	0
2	2	0
3	2	0
4	2	9
1	3	6
2	3	0
3	3	0
4	3	0
1	4	0
2	4	0
3	4	8
4	4	0
1	5	0
2	5	0
3	5	8
4	5	0
1	6	0
2	6	0
3	6	0
4	6	2
1	7	0
2	7	0
3	7	7
4	7	0
1	8	0
2	8	0
3	8	0
4	8	7
1	9	0
2	9	10
3	9	0
4	9	0
1	10	6
2	10	0
3	10	0
4	10	0
1	11	0
2	11	1
3	11	0
4	11	0
1	12	2
2	12	0
3	12	0
4	12	0
1	13	10
2	13	0
3	13	0
4	13	0
1	14	9
2	14	0
3	14	0
4	14	0
1	15	0
2	15	0
3	15	0
4	15	7
1	16	0
2	16	3
3	16	0
4	16	0
1	17	0
2	17	0
3	17	0
4	17	6
1	18	6
2	18	0
3	18	0
4	18	0
1	19	0
2	19	5
3	19	0
4	19	0
1	20	0
2	20	8
3	20	0
4	20	0
1	21	7
2	21	0
3	21	0
4	21	0
1	22	6
2	22	0
3	22	0
4	22	0
1	23	0
2	23	0
3	23	0
4	23	9
1	24	2
2	24	0
3	24	0
4	24	0
1	25	0
2	25	4
3	25	0
4	25	0
1	26	10
2	26	0
3	26	0
4	26	0
1	27	0
2	27	10
3	27	0
4	27	0
1	28	0
2	28	0
3	28	0
4	28	8
1	29	2
2	29	0
3	29	0
4	29	0
1	30	0
2	30	9
3	30	0
4	30	0
1	31	0
2	31	4
3	31	0
4	31	0
1	32	8
2	32	0
3	32	0
4	32	0
1	33	0
2	33	9
3	33	0
4	33	0
1	34	0
2	34	0
3	34	10
4	34	0
1	35	0
2	35	0
3	35	0
4	35	2
1	36	0
2	36	0
3	36	0
4	36	4
1	37	0
2	37	7
3	37	0
4	37	0
1	38	0
2	38	0
3	38	8
4	38	0
1	39	0
2	39	0
3	39	7
4	39	0
1	40	5
2	40	0
3	40	0
4	40	0
1	41	0
2	41	0
3	41	8
4	41	0
1	42	0
2	42	0
3	42	0
4	42	7
1	43	2
2	43	0
3	43	0
4	43	0
1	44	0
2	44	0
3	44	0
4	44	7
1	45	2
2	45	0
3	45	0
4	45	0
1	46	0
2	46	0
3	46	2
4	46	0
1	47	0
2	47	0
3	47	7
4	47	0
1	48	0
2	48	0
3	48	0
4	48	8
1	49	0
2	49	0
3	49	5
4	49	0
1	50	0
2	50	0
3	50	1
4	50	0
1	51	0
2	51	0
3	51	0
4	51	2
1	52	0
2	52	0
3	52	0
4	52	5
1	53	0
2	53	3
3	53	0
4	53	0
1	54	0
2	54	8
3	54	0
4	54	0
1	55	0
2	55	0
3	55	0
4	55	3
1	56	5
2	56	0
3	56	0
4	56	0
1	57	0
2	57	0
3	57	4
4	57	0
1	58	6
2	58	0
3	58	0
4	58	0
1	59	0
2	59	6
3	59	0
4	59	0
1	60	1
2	60	0
3	60	0
4	60	0
1	61	5
2	61	0
3	61	0
4	61	0
1	62	0
2	62	0
3	62	7
4	62	0
1	63	0
2	63	0
3	63	10
4	63	0
1	64	0
2	64	0
3	64	0
4	64	2
1	65	0
2	65	0
3	65	0
4	65	9
1	66	0
2	66	1
3	66	0
4	66	0
1	67	0
2	67	5
3	67	0
4	67	0
1	68	8
2	68	0
3	68	0
4	68	0
1	69	0
2	69	3
3	69	0
4	69	0
1	70	0
2	70	0
3	70	1
4	70	0
1	71	0
2	71	0
3	71	0
4	71	6
1	72	9
2	72	0
3	72	0
4	72	0
1	73	0
2	73	0
3	73	0
4	73	8
1	74	0
2	74	4
3	74	0
4	74	0
1	75	1
2	75	0
3	75	0
4	75	0
1	76	0
2	76	10
3	76	0
4	76	0
1	77	0
2	77	0
3	77	0
4	77	2
1	78	2
2	78	0
3	78	0
4	78	0
1	79	0
2	79	0
3	79	2
4	79	0
1	80	0
2	80	2
3	80	0
4	80	0
1	81	3
2	81	0
3	81	0
4	81	0
1	82	7
2	82	0
3	82	0
4	82	0
1	83	0
2	83	0
3	83	5
4	83	0
1	84	0
2	84	6
3	84	0
4	84	0
1	85	0
2	85	5
3	85	0
4	85	0
1	86	0
2	86	0
3	86	0
4	86	5
1	87	0
2	87	0
3	87	6
4	87	0
1	88	0
2	88	3
3	88	0
4	88	0
1	89	0
2	89	5
3	89	0
4	89	0
1	90	0
2	90	0
3	90	6
4	90	0
1	91	1
2	91	0
3	91	0
4	91	0
1	92	1
2	92	0
3	92	0
4	92	0
1	93	0
2	93	0
3	93	1
4	93	0
1	94	5
2	94	0
3	94	0
4	94	0
1	95	1
2	95	0
3	95	0
4	95	0
1	96	0
2	96	8
3	96	0
4	96	0
1	97	0
2	97	0
3	97	0
4	97	7
1	98	1
2	98	0
3	98	0
4	98	0
1	99	0
2	99	6
3	99	0
4	99	0
1	100	0
2	100	0
3	100	0
4	100	5
1	101	4
2	101	0
3	101	0
4	101	0
1	102	0
2	102	0
3	102	0
4	102	4
1	103	0
2	103	0
3	103	0
4	103	8
1	104	0
2	104	9
3	104	0
4	104	0
1	105	0
2	105	7
3	105	0
4	105	0
1	106	0
2	106	0
3	106	1
4	106	0
1	107	1
2	107	0
3	107	0
4	107	0
1	108	2
2	108	0
3	108	0
4	108	0
1	109	4
2	109	0
3	109	0
4	109	0
1	110	0
2	110	0
3	110	4
4	110	0
1	111	0
2	111	0
3	111	0
4	111	10
1	112	0
2	112	0
3	112	0
4	112	5
1	113	0
2	113	0
3	113	0
4	113	4
1	114	0
2	114	0
3	114	0
4	114	4
1	115	0
2	115	0
3	115	10
4	115	0
1	116	0
2	116	0
3	116	0
4	116	3
1	117	0
2	117	6
3	117	0
4	117	0
1	118	0
2	118	5
3	118	0
4	118	0
1	119	0
2	119	10
3	119	0
4	119	0
1	120	0
2	120	7
3	120	0
4	120	0
1	121	10
2	121	0
3	121	0
4	121	0
1	122	0
2	122	0
3	122	0
4	122	0