1	1	0
2	1	0
3	1	0
4	1	0
1	2	4
2	2	8
3	2	4
4	2	7
1	3	6
2	3	4
3	3	6
4	3	4
1	4	0
2	4	7
3	4	0
4	4	3
1	5	9
2	5	8
3	5	10
4	5	0
1	6	0
2	6	8
3	6	8
4	6	8
1	7	8
2	7	10
3	7	5
4	7	0
1	8	1
2	8	8
3	8	6
4	8	3
1	9	4
2	9	0
3	9	10
4	9	10
1	10	9
2	10	6
3	10	10
4	10	4
1	11	0
2	11	0
3	11	7
4	11	5
1	12	0
2	12	9
3	12	3
4	12	0
1	13	9
2	13	6
3	13	3
4	13	2
1	14	0
2	14	0
3	14	0
4	14	1
1	15	10
2	15	3
3	15	4
4	15	5
1	16	4
2	16	7
3	16	10
4	16	8
1	17	0
2	17	0
3	17	7
4	17	6
1	18	8
2	18	3
3	18	2
4	18	1
1	19	2
2	19	4
3	19	10
4	19	6
1	20	0
2	20	1
3	20	4
4	20	0
1	21	5
2	21	6
3	21	0
4	21	2
1	22	9
2	22	0
3	22	2
4	22	0
1	23	2
2	23	6
3	23	7
4	23	0
1	24	3
2	24	0
3	24	1
4	24	1
1	25	2
2	25	3
3	25	0
4	25	4
1	26	10
2	26	7
3	26	7
4	26	0
1	27	5
2	27	5
3	27	0
4	27	6
1	28	3
2	28	4
3	28	0
4	28	3
1	29	0
2	29	3
3	29	6
4	29	0
1	30	7
2	30	3
3	30	8
4	30	6
1	31	9
2	31	0
3	31	6
4	31	9
1	32	9
2	32	9
3	32	0
4	32	6
1	33	1
2	33	10
3	33	5
4	33	0
1	34	0
2	34	7
3	34	2
4	34	0
1	35	5
2	35	0
3	35	0
4	35	9
1	36	3
2	36	3
3	36	5
4	36	0
1	37	0
2	37	0
3	37	0
4	37	5
1	38	3
2	38	0
3	38	2
4	38	5
1	39	0
2	39	10
3	39	0
4	39	4
1	40	0
2	40	5
3	40	3
4	40	8
1	41	10
2	41	9
3	41	9
4	41	9
1	42	4
2	42	0
3	42	7
4	42	1
1	43	3
2	43	10
3	43	5
4	43	2
1	44	7
2	44	3
3	44	9
4	44	8
1	45	7
2	45	7
3	45	0
4	45	4
1	46	7
2	46	2
3	46	9
4	46	3
1	47	4
2	47	1
3	47	7
4	47	7
1	48	0
2	48	8
3	48	6
4	48	6
1	49	3
2	49	8
3	49	9
4	49	10
1	50	1
2	50	0
3	50	7
4	50	4
1	51	1
2	51	4
3	51	6
4	51	0
1	52	2
2	52	1
3	52	2
4	52	0
1	53	9
2	53	6
3	53	4
4	53	3
1	54	4
2	54	0
3	54	8
4	54	7
1	55	0
2	55	6
3	55	4
4	55	2
1	56	5
2	56	1
3	56	0
4	56	8
1	57	5
2	57	0
3	57	8
4	57	6
1	58	0
2	58	0
3	58	7
4	58	10
1	59	0
2	59	4
3	59	8
4	59	3
1	60	3
2	60	3
3	60	5
4	60	2
1	61	0
2	61	3
3	61	6
4	61	0
1	62	1
2	62	4
3	62	9
4	62	2
1	63	9
2	63	0
3	63	0
4	63	3
1	64	8
2	64	5
3	64	7
4	64	1
1	65	9
2	65	4
3	65	3
4	65	8
1	66	5
2	66	8
3	66	0
4	66	8
1	67	5
2	67	9
3	67	4
4	67	10
1	68	0
2	68	9
3	68	1
4	68	10
1	69	0
2	69	7
3	69	0
4	69	1
1	70	10
2	70	4
3	70	0
4	70	6
1	71	3
2	71	10
3	71	0
4	71	1
1	72	0
2	72	0
3	72	6
4	72	0
1	73	0
2	73	10
3	73	0
4	73	10
1	74	2
2	74	2
3	74	10
4	74	8
1	75	10
2	75	0
3	75	2
4	75	4
1	76	6
2	76	7
3	76	0
4	76	8
1	77	2
2	77	8
3	77	1
4	77	1
1	78	1
2	78	3
3	78	0
4	78	5
1	79	6
2	79	0
3	79	4
4	79	0
1	80	8
2	80	3
3	80	0
4	80	9
1	81	0
2	81	0
3	81	5
4	81	4
1	82	9
2	82	3
3	82	7
4	82	0
1	83	0
2	83	0
3	83	6
4	83	5
1	84	0
2	84	4
3	84	2
4	84	7
1	85	6
2	85	2
3	85	6
4	85	7
1	86	3
2	86	4
3	86	0
4	86	7
1	87	0
2	87	8
3	87	2
4	87	8
1	88	1
2	88	3
3	88	0
4	88	6
1	89	9
2	89	6
3	89	0
4	89	9
1	90	7
2	90	2
3	90	4
4	90	8
1	91	3
2	91	0
3	91	2
4	91	8
1	92	4
2	92	4
3	92	4
4	92	2
1	93	7
2	93	0
3	93	3
4	93	0
1	94	0
2	94	5
3	94	1
4	94	1
1	95	6
2	95	7
3	95	1
4	95	0
1	96	6
2	96	0
3	96	10
4	96	0
1	97	0
2	97	1
3	97	9
4	97	0
1	98	4
2	98	4
3	98	1
4	98	3
1	99	10
2	99	0
3	99	2
4	99	6
1	100	0
2	100	8
3	100	3
4	100	7
1	101	2
2	101	0
3	101	10
4	101	2
1	102	10
2	102	8
3	102	0
4	102	0
1	103	0
2	103	0
3	103	4
4	103	6
1	104	6
2	104	0
3	104	0
4	104	3
1	105	10
2	105	2
3	105	1
4	105	8
1	106	6
2	106	2
3	106	0
4	106	0
1	107	4
2	107	9
3	107	6
4	107	10
1	108	4
2	108	3
3	108	6
4	108	0
1	109	2
2	109	5
3	109	6
4	109	2
1	110	10
2	110	0
3	110	4
4	110	4
1	111	2
2	111	4
3	111	10
4	111	6
1	112	4
2	112	7
3	112	4
4	112	0
1	113	4
2	113	7
3	113	0
4	113	0
1	114	0
2	114	8
3	114	9
4	114	4
1	115	7
2	115	1
3	115	0
4	115	8
1	116	8
2	116	0
3	116	1
4	116	0
1	117	1
2	117	3
3	117	1
4	117	1
1	118	0
2	118	3
3	118	6
4	118	8
1	119	0
2	119	3
3	119	4
4	119	0
1	120	0
2	120	3
3	120	7
4	120	9
1	121	9
2	121	10
3	121	4
4	121	5
1	122	0
2	122	0
3	122	0
4	122	0