1	1	0
2	1	0
3	1	0
4	1	0
1	2	0
2	2	0
3	2	5
4	2	0
1	3	0
2	3	0
3	3	0
4	3	10
1	4	8
2	4	0
3	4	0
4	4	0
1	5	0
2	5	0
3	5	0
4	5	10
1	6	3
2	6	0
3	6	0
4	6	0
1	7	1
2	7	0
3	7	0
4	7	0
1	8	0
2	8	0
3	8	1
4	8	0
1	9	0
2	9	0
3	9	0
4	9	2
1	10	7
2	10	0
3	10	0
4	10	0
1	11	9
2	11	0
3	11	0
4	11	0
1	12	0
2	12	0
3	12	0
4	12	5
1	13	0
2	13	0
3	13	0
4	13	7
1	14	0
2	14	0
3	14	9
4	14	0
1	15	0
2	15	0
3	15	10
4	15	0
1	16	0
2	16	0
3	16	0
4	16	1
1	17	0
2	17	5
3	17	0
4	17	0
1	18	0
2	18	1
3	18	0
4	18	0
1	19	0
2	19	0
3	19	0
4	19	3
1	20	0
2	20	8
3	20	0
4	20	0
1	21	0
2	21	0
3	21	5
4	21	0
1	22	8
2	22	0
3	22	0
4	22	0
1	23	6
2	23	0
3	23	0
4	23	0
1	24	0
2	24	3
3	24	0
4	24	0
1	25	4
2	25	0
3	25	0
4	25	0
1	26	0
2	26	3
3	26	0
4	26	0
1	27	0
2	27	7
3	27	0
4	27	0
1	28	8
2	28	0
3	28	0
4	28	0
1	29	1
2	29	0
3	29	0
4	29	0
1	30	0
2	30	0
3	30	8
4	30	0
1	31	3
2	31	0
3	31	0
4	31	0
1	32	0
2	32	0
3	32	0
4	32	3
1	33	0
2	33	0
3	33	7
4	33	0
1	34	0
2	34	0
3	34	0
4	34	2
1	35	0
2	35	0
3	35	9
4	35	0
1	36	0
2	36	5
3	36	0
4	36	0
1	37	0
2	37	3
3	37	0
4	37	0
1	38	3
2	38	0
3	38	0
4	38	0
1	39	0
2	39	0
3	39	0
4	39	2
1	40	0
2	40	0
3	40	5
4	40	0
1	41	0
2	41	0
3	41	0
4	41	9
1	42	0
2	42	0
3	42	7
4	42	0
1	43	0
2	43	3
3	43	0
4	43	0
1	44	0
2	44	0
3	44	4
4	44	0
1	45	0
2	45	0
3	45	1
4	45	0
1	46	0
2	46	0
3	46	0
4	46	1
1	47	9
2	47	0
3	47	0
4	47	0
1	48	0
2	48	0
3	48	8
4	48	0
1	49	0
2	49	0
3	49	0
4	49	8
1	50	8
2	50	0
3	50	0
4	50	0
1	51	0
2	51	5
3	51	0
4	51	0
1	52	8
2	52	0
3	52	0
4	52	0
1	53	0
2	53	0
3	53	7
4	53	0
1	54	0
2	54	4
3	54	0
4	54	0
1	55	0
2	55	2
3	55	0
4	55	0
1	56	0
2	56	2
3	56	0
4	56	0
1	57	0
2	57	0
3	57	0
4	57	9
1	58	0
2	58	0
3	58	4
4	58	0
1	59	0
2	59	0
3	59	4
4	59	0
1	60	0
2	60	0
3	60	6
4	60	0
1	61	3
2	61	0
3	61	0
4	61	0
1	62	0
2	62	4
3	62	0
4	62	0
1	63	1
2	63	0
3	63	0
4	63	0
1	64	0
2	64	0
3	64	0
4	64	9
1	65	0
2	65	0
3	65	6
4	65	0
1	66	0
2	66	0
3	66	0
4	66	6
1	67	0
2	67	0
3	67	5
4	67	0
1	68	0
2	68	0
3	68	5
4	68	0
1	69	10
2	69	0
3	69	0
4	69	0
1	70	0
2	70	0
3	70	0
4	70	5
1	71	0
2	71	0
3	71	2
4	71	0
1	72	0
2	72	0
3	72	7
4	72	0
1	73	0
2	73	5
3	73	0
4	73	0
1	74	0
2	74	6
3	74	0
4	74	0
1	75	0
2	75	0
3	75	7
4	75	0
1	76	8
2	76	0
3	76	0
4	76	0
1	77	0
2	77	0
3	77	0
4	77	4
1	78	0
2	78	0
3	78	0
4	78	3
1	79	0
2	79	0
3	79	0
4	79	9
1	80	7
2	80	0
3	80	0
4	80	0
1	81	0
2	81	0
3	81	4
4	81	0
1	82	2
2	82	0
3	82	0
4	82	0
1	83	6
2	83	0
3	83	0
4	83	0
1	84	0
2	84	6
3	84	0
4	84	0
1	85	2
2	85	0
3	85	0
4	85	0
1	86	0
2	86	0
3	86	3
4	86	0
1	87	0
2	87	0
3	87	8
4	87	0
1	88	1
2	88	0
3	88	0
4	88	0
1	89	0
2	89	0
3	89	3
4	89	0
1	90	0
2	90	0
3	90	4
4	90	0
1	91	0
2	91	0
3	91	0
4	91	2
1	92	10
2	92	0
3	92	0
4	92	0
1	93	0
2	93	0
3	93	1
4	93	0
1	94	0
2	94	2
3	94	0
4	94	0
1	95	0
2	95	0
3	95	0
4	95	4
1	96	0
2	96	0
3	96	6
4	96	0
1	97	0
2	97	0
3	97	7
4	97	0
1	98	0
2	98	5
3	98	0
4	98	0
1	99	0
2	99	0
3	99	7
4	99	0
1	100	8
2	100	0
3	100	0
4	100	0
1	101	10
2	101	0
3	101	0
4	101	0
1	102	0
2	102	0
3	102	10
4	102	0
1	103	0
2	103	0
3	103	1
4	103	0
1	104	0
2	104	0
3	104	0
4	104	8
1	105	0
2	105	0
3	105	7
4	105	0
1	106	0
2	106	8
3	106	0
4	106	0
1	107	0
2	107	0
3	107	0
4	107	10
1	108	0
2	108	0
3	108	4
4	108	0
1	109	5
2	109	0
3	109	0
4	109	0
1	110	0
2	110	10
3	110	0
4	110	0
1	111	0
2	111	0
3	111	4
4	111	0
1	112	0
2	112	0
3	112	0
4	112	2
1	113	0
2	113	6
3	113	0
4	113	0
1	114	0
2	114	0
3	114	0
4	114	6
1	115	0
2	115	0
3	115	5
4	115	0
1	116	0
2	116	9
3	116	0
4	116	0
1	117	0
2	117	0
3	117	5
4	117	0
1	118	0
2	118	9
3	118	0
4	118	0
1	119	0
2	119	0
3	119	4
4	119	0
1	120	0
2	120	0
3	120	0
4	120	3
1	121	0
2	121	5
3	121	0
4	121	0
1	122	0
2	122	0
3	122	0
4	122	0