1	1	0
2	1	0
3	1	0
4	1	0
1	2	0
2	2	0
3	2	0
4	2	5
1	3	0
2	3	0
3	3	0
4	3	1
1	4	7
2	4	0
3	4	0
4	4	0
1	5	2
2	5	0
3	5	0
4	5	0
1	6	0
2	6	7
3	6	0
4	6	0
1	7	0
2	7	0
3	7	8
4	7	0
1	8	0
2	8	1
3	8	0
4	8	0
1	9	0
2	9	0
3	9	0
4	9	7
1	10	7
2	10	0
3	10	0
4	10	0
1	11	0
2	11	0
3	11	0
4	11	8
1	12	2
2	12	0
3	12	0
4	12	0
1	13	0
2	13	4
3	13	0
4	13	0
1	14	3
2	14	0
3	14	0
4	14	0
1	15	0
2	15	0
3	15	1
4	15	0
1	16	0
2	16	2
3	16	0
4	16	0
1	17	6
2	17	0
3	17	0
4	17	0
1	18	8
2	18	0
3	18	0
4	18	0
1	19	0
2	19	0
3	19	5
4	19	0
1	20	0
2	20	0
3	20	0
4	20	8
1	21	5
2	21	0
3	21	0
4	21	0
1	22	0
2	22	10
3	22	0
4	22	0
1	23	0
2	23	0
3	23	0
4	23	8
1	24	0
2	24	0
3	24	1
4	24	0
1	25	0
2	25	0
3	25	0
4	25	6
1	26	5
2	26	0
3	26	0
4	26	0
1	27	0
2	27	0
3	27	6
4	27	0
1	28	0
2	28	0
3	28	0
4	28	7
1	29	2
2	29	0
3	29	0
4	29	0
1	30	0
2	30	0
3	30	0
4	30	6
1	31	0
2	31	9
3	31	0
4	31	0
1	32	0
2	32	0
3	32	0
4	32	3
1	33	0
2	33	1
3	33	0
4	33	0
1	34	0
2	34	6
3	34	0
4	34	0
1	35	0
2	35	6
3	35	0
4	35	0
1	36	0
2	36	0
3	36	0
4	36	6
1	37	0
2	37	0
3	37	0
4	37	3
1	38	5
2	38	0
3	38	0
4	38	0
1	39	0
2	39	0
3	39	4
4	39	0
1	40	0
2	40	8
3	40	0
4	40	0
1	41	8
2	41	0
3	41	0
4	41	0
1	42	7
2	42	0
3	42	0
4	42	0
1	43	0
2	43	0
3	43	2
4	43	0
1	44	0
2	44	0
3	44	9
4	44	0
1	45	0
2	45	10
3	45	0
4	45	0
1	46	0
2	46	5
3	46	0
4	46	0
1	47	0
2	47	0
3	47	8
4	47	0
1	48	0
2	48	0
3	48	0
4	48	1
1	49	0
2	49	0
3	49	0
4	49	6
1	50	0
2	50	5
3	50	0
4	50	0
1	51	0
2	51	2
3	51	0
4	51	0
1	52	0
2	52	0
3	52	1
4	52	0
1	53	0
2	53	0
3	53	0
4	53	6
1	54	4
2	54	0
3	54	0
4	54	0
1	55	8
2	55	0
3	55	0
4	55	0
1	56	0
2	56	2
3	56	0
4	56	0
1	57	0
2	57	0
3	57	9
4	57	0
1	58	0
2	58	1
3	58	0
4	58	0
1	59	0
2	59	0
3	59	0
4	59	2
1	60	0
2	60	10
3	60	0
4	60	0
1	61	0
2	61	0
3	61	0
4	61	10
1	62	0
2	62	0
3	62	9
4	62	0
1	63	8
2	63	0
3	63	0
4	63	0
1	64	4
2	64	0
3	64	0
4	64	0
1	65	0
2	65	0
3	65	4
4	65	0
1	66	0
2	66	10
3	66	0
4	66	0
1	67	0
2	67	0
3	67	10
4	67	0
1	68	0
2	68	0
3	68	0
4	68	5
1	69	0
2	69	1
3	69	0
4	69	0
1	70	0
2	70	0
3	70	0
4	70	8
1	71	0
2	71	0
3	71	0
4	71	4
1	72	0
2	72	0
3	72	7
4	72	0
1	73	0
2	73	0
3	73	0
4	73	2
1	74	9
2	74	0
3	74	0
4	74	0
1	75	0
2	75	0
3	75	0
4	75	2
1	76	0
2	76	0
3	76	0
4	76	3
1	77	2
2	77	0
3	77	0
4	77	0
1	78	0
2	78	0
3	78	5
4	78	0
1	79	0
2	79	5
3	79	0
4	79	0
1	80	0
2	80	0
3	80	6
4	80	0
1	81	2
2	81	0
3	81	0
4	81	0
1	82	0
2	82	0
3	82	0
4	82	10
1	83	9
2	83	0
3	83	0
4	83	0
1	84	0
2	84	9
3	84	0
4	84	0
1	85	0
2	85	0
3	85	6
4	85	0
1	86	0
2	86	0
3	86	5
4	86	0
1	87	8
2	87	0
3	87	0
4	87	0
1	88	0
2	88	3
3	88	0
4	88	0
1	89	0
2	89	0
3	89	9
4	89	0
1	90	10
2	90	0
3	90	0
4	90	0
1	91	0
2	91	3
3	91	0
4	91	0
1	92	0
2	92	2
3	92	0
4	92	0
1	93	0
2	93	4
3	93	0
4	93	0
1	94	0
2	94	0
3	94	6
4	94	0
1	95	1
2	95	0
3	95	0
4	95	0
1	96	0
2	96	0
3	96	0
4	96	10
1	97	1
2	97	0
3	97	0
4	97	0
1	98	0
2	98	0
3	98	0
4	98	10
1	99	0
2	99	0
3	99	0
4	99	2
1	100	0
2	100	9
3	100	0
4	100	0
1	101	0
2	101	0
3	101	0
4	101	10
1	102	0
2	102	10
3	102	0
4	102	0
1	103	0
2	103	0
3	103	0
4	103	10
1	104	0
2	104	0
3	104	2
4	104	0
1	105	0
2	105	0
3	105	0
4	105	1
1	106	5
2	106	0
3	106	0
4	106	0
1	107	0
2	107	0
3	107	1
4	107	0
1	108	0
2	108	0
3	108	6
4	108	0
1	109	2
2	109	0
3	109	0
4	109	0
1	110	0
2	110	2
3	110	0
4	110	0
1	111	0
2	111	2
3	111	0
4	111	0
1	112	0
2	112	2
3	112	0
4	112	0
1	113	0
2	113	1
3	113	0
4	113	0
1	114	7
2	114	0
3	114	0
4	114	0
1	115	0
2	115	0
3	115	0
4	115	6
1	116	0
2	116	9
3	116	0
4	116	0
1	117	0
2	117	0
3	117	0
4	117	8
1	118	0
2	118	0
3	118	0
4	118	2
1	119	0
2	119	8
3	119	0
4	119	0
1	120	0
2	120	0
3	120	10
4	120	0
1	121	0
2	121	1
3	121	0
4	121	0
1	122	0
2	122	0
3	122	0
4	122	0