1	1	0
2	1	0
3	1	0
4	1	0
1	2	4
2	2	8
3	2	1
4	2	5
1	3	10
2	3	4
3	3	10
4	3	2
1	4	3
2	4	3
3	4	0
4	4	0
1	5	10
2	5	10
3	5	4
4	5	10
1	6	0
2	6	1
3	6	8
4	6	0
1	7	6
2	7	0
3	7	6
4	7	0
1	8	0
2	8	3
3	8	4
4	8	0
1	9	0
2	9	2
3	9	6
4	9	10
1	10	10
2	10	0
3	10	0
4	10	1
1	11	0
2	11	3
3	11	2
4	11	10
1	12	1
2	12	0
3	12	10
4	12	10
1	13	2
2	13	2
3	13	8
4	13	1
1	14	0
2	14	7
3	14	0
4	14	0
1	15	6
2	15	0
3	15	7
4	15	1
1	16	0
2	16	3
3	16	2
4	16	2
1	17	0
2	17	10
3	17	0
4	17	3
1	18	7
2	18	0
3	18	0
4	18	0
1	19	6
2	19	2
3	19	2
4	19	5
1	20	7
2	20	4
3	20	4
4	20	0
1	21	5
2	21	1
3	21	0
4	21	6
1	22	8
2	22	7
3	22	2
4	22	0
1	23	6
2	23	9
3	23	3
4	23	0
1	24	0
2	24	1
3	24	5
4	24	8
1	25	7
2	25	7
3	25	2
4	25	8
1	26	9
2	26	8
3	26	10
4	26	4
1	27	0
2	27	0
3	27	9
4	27	8
1	28	1
2	28	0
3	28	2
4	28	8
1	29	6
2	29	5
3	29	6
4	29	6
1	30	7
2	30	2
3	30	10
4	30	7
1	31	0
2	31	2
3	31	7
4	31	5
1	32	10
2	32	0
3	32	0
4	32	2
1	33	0
2	33	5
3	33	10
4	33	0
1	34	4
2	34	0
3	34	3
4	34	0
1	35	0
2	35	4
3	35	0
4	35	3
1	36	10
2	36	5
3	36	10
4	36	0
1	37	0
2	37	0
3	37	3
4	37	10
1	38	5
2	38	0
3	38	0
4	38	4
1	39	0
2	39	7
3	39	3
4	39	2
1	40	6
2	40	10
3	40	0
4	40	4
1	41	0
2	41	8
3	41	6
4	41	6
1	42	2
2	42	0
3	42	10
4	42	4
1	43	8
2	43	6
3	43	5
4	43	8
1	44	1
2	44	3
3	44	2
4	44	0
1	45	2
2	45	5
3	45	5
4	45	0
1	46	0
2	46	4
3	46	1
4	46	0
1	47	0
2	47	5
3	47	0
4	47	1
1	48	9
2	48	3
3	48	8
4	48	0
1	49	1
2	49	5
3	49	0
4	49	6
1	50	4
2	50	4
3	50	6
4	50	10
1	51	3
2	51	6
3	51	3
4	51	0
1	52	0
2	52	2
3	52	5
4	52	0
1	53	2
2	53	6
3	53	9
4	53	7
1	54	0
2	54	4
3	54	2
4	54	0
1	55	4
2	55	0
3	55	9
4	55	3
1	56	0
2	56	7
3	56	8
4	56	8
1	57	0
2	57	1
3	57	4
4	57	6
1	58	2
2	58	1
3	58	1
4	58	5
1	59	2
2	59	0
3	59	5
4	59	0
1	60	7
2	60	6
3	60	0
4	60	4
1	61	4
2	61	0
3	61	4
4	61	1
1	62	3
2	62	0
3	62	4
4	62	6
1	63	9
2	63	5
3	63	0
4	63	5
1	64	7
2	64	10
3	64	0
4	64	8
1	65	6
2	65	8
3	65	0
4	65	9
1	66	9
2	66	0
3	66	0
4	66	10
1	67	9
2	67	4
3	67	9
4	67	5
1	68	0
2	68	1
3	68	4
4	68	0
1	69	5
2	69	9
3	69	4
4	69	5
1	70	8
2	70	9
3	70	9
4	70	1
1	71	10
2	71	2
3	71	5
4	71	3
1	72	0
2	72	1
3	72	0
4	72	5
1	73	7
2	73	0
3	73	0
4	73	5
1	74	7
2	74	1
3	74	2
4	74	0
1	75	8
2	75	9
3	75	5
4	75	10
1	76	2
2	76	1
3	76	2
4	76	7
1	77	1
2	77	3
3	77	9
4	77	8
1	78	8
2	78	0
3	78	4
4	78	9
1	79	1
2	79	6
3	79	2
4	79	0
1	80	0
2	80	7
3	80	7
4	80	8
1	81	6
2	81	4
3	81	8
4	81	9
1	82	6
2	82	4
3	82	4
4	82	0
1	83	5
2	83	5
3	83	8
4	83	1
1	84	0
2	84	2
3	84	3
4	84	0
1	85	9
2	85	0
3	85	0
4	85	9
1	86	1
2	86	6
3	86	0
4	86	2
1	87	9
2	87	4
3	87	8
4	87	7
1	88	3
2	88	0
3	88	3
4	88	6
1	89	4
2	89	0
3	89	10
4	89	0
1	90	9
2	90	5
3	90	6
4	90	9
1	91	9
2	91	2
3	91	2
4	91	9
1	92	7
2	92	0
3	92	2
4	92	7
1	93	0
2	93	5
3	93	0
4	93	4
1	94	1
2	94	0
3	94	3
4	94	4
1	95	0
2	95	0
3	95	8
4	95	0
1	96	6
2	96	3
3	96	0
4	96	5
1	97	0
2	97	0
3	97	5
4	97	2
1	98	0
2	98	10
3	98	4
4	98	0
1	99	2
2	99	8
3	99	3
4	99	0
1	100	0
2	100	1
3	100	1
4	100	6
1	101	0
2	101	8
3	101	1
4	101	4
1	102	8
2	102	2
3	102	10
4	102	4
1	103	2
2	103	9
3	103	4
4	103	10
1	104	2
2	104	5
3	104	6
4	104	3
1	105	4
2	105	7
3	105	2
4	105	7
1	106	0
2	106	7
3	106	4
4	106	3
1	107	2
2	107	6
3	107	3
4	107	4
1	108	3
2	108	10
3	108	9
4	108	0
1	109	6
2	109	0
3	109	1
4	109	0
1	110	3
2	110	9
3	110	6
4	110	10
1	111	2
2	111	5
3	111	2
4	111	6
1	112	2
2	112	4
3	112	5
4	112	2
1	113	0
2	113	7
3	113	0
4	113	2
1	114	2
2	114	10
3	114	7
4	114	4
1	115	0
2	115	6
3	115	9
4	115	10
1	116	5
2	116	8
3	116	4
4	116	6
1	117	5
2	117	5
3	117	7
4	117	9
1	118	4
2	118	8
3	118	5
4	118	0
1	119	1
2	119	0
3	119	1
4	119	5
1	120	8
2	120	7
3	120	3
4	120	8
1	121	0
2	121	10
3	121	4
4	121	0
1	122	0
2	122	0
3	122	0
4	122	0