1	1	0
2	1	0
3	1	0
4	1	0
1	2	10
2	2	6
3	2	9
4	2	3
1	3	3
2	3	7
3	3	7
4	3	9
1	4	3
2	4	9
3	4	4
4	4	8
1	5	10
2	5	2
3	5	8
4	5	3
1	6	7
2	6	10
3	6	2
4	6	8
1	7	5
2	7	3
3	7	7
4	7	8
1	8	10
2	8	8
3	8	10
4	8	1
1	9	3
2	9	9
3	9	7
4	9	4
1	10	3
2	10	6
3	10	7
4	10	7
1	11	10
2	11	1
3	11	10
4	11	1
1	12	2
2	12	5
3	12	2
4	12	2
1	13	2
2	13	10
3	13	5
4	13	1
1	14	3
2	14	1
3	14	4
4	14	1
1	15	9
2	15	7
3	15	4
4	15	7
1	16	1
2	16	5
3	16	4
4	16	4
1	17	4
2	17	9
3	17	7
4	17	10
1	18	5
2	18	8
3	18	6
4	18	10
1	19	7
2	19	3
3	19	1
4	19	5
1	20	3
2	20	10
3	20	2
4	20	9
1	21	1
2	21	4
3	21	2
4	21	10
1	22	5
2	22	7
3	22	7
4	22	2
1	23	5
2	23	7
3	23	5
4	23	9
1	24	6
2	24	1
3	24	10
4	24	7
1	25	5
2	25	10
3	25	7
4	25	1
1	26	5
2	26	2
3	26	10
4	26	5
1	27	3
2	27	7
3	27	4
4	27	5
1	28	2
2	28	6
3	28	3
4	28	2
1	29	6
2	29	10
3	29	8
4	29	8
1	30	3
2	30	2
3	30	8
4	30	5
1	31	9
2	31	7
3	31	8
4	31	5
1	32	9
2	32	8
3	32	5
4	32	3
1	33	8
2	33	10
3	33	8
4	33	2
1	34	5
2	34	7
3	34	10
4	34	2
1	35	4
2	35	2
3	35	7
4	35	8
1	36	7
2	36	1
3	36	7
4	36	3
1	37	5
2	37	6
3	37	10
4	37	4
1	38	1
2	38	5
3	38	4
4	38	5
1	39	3
2	39	10
3	39	2
4	39	8
1	40	7
2	40	8
3	40	8
4	40	8
1	41	10
2	41	3
3	41	7
4	41	8
1	42	4
2	42	5
3	42	8
4	42	3
1	43	5
2	43	3
3	43	8
4	43	10
1	44	4
2	44	1
3	44	8
4	44	8
1	45	4
2	45	8
3	45	8
4	45	4
1	46	9
2	46	1
3	46	9
4	46	9
1	47	5
2	47	1
3	47	8
4	47	4
1	48	5
2	48	8
3	48	2
4	48	4
1	49	7
2	49	5
3	49	5
4	49	9
1	50	3
2	50	1
3	50	4
4	50	10
1	51	3
2	51	4
3	51	8
4	51	9
1	52	3
2	52	3
3	52	10
4	52	7
1	53	5
2	53	4
3	53	2
4	53	8
1	54	9
2	54	6
3	54	5
4	54	10
1	55	10
2	55	3
3	55	2
4	55	2
1	56	5
2	56	7
3	56	2
4	56	6
1	57	3
2	57	7
3	57	7
4	57	3
1	58	5
2	58	2
3	58	7
4	58	5
1	59	3
2	59	1
3	59	1
4	59	4
1	60	3
2	60	3
3	60	8
4	60	3
1	61	7
2	61	6
3	61	9
4	61	3
1	62	4
2	62	10
3	62	6
4	62	2
1	63	9
2	63	10
3	63	2
4	63	9
1	64	3
2	64	10
3	64	10
4	64	4
1	65	4
2	65	2
3	65	10
4	65	5
1	66	8
2	66	5
3	66	5
4	66	2
1	67	6
2	67	9
3	67	2
4	67	5
1	68	3
2	68	6
3	68	2
4	68	2
1	69	4
2	69	10
3	69	6
4	69	8
1	70	2
2	70	3
3	70	5
4	70	5
1	71	6
2	71	5
3	71	5
4	71	3
1	72	1
2	72	6
3	72	3
4	72	4
1	73	4
2	73	5
3	73	1
4	73	7
1	74	9
2	74	2
3	74	2
4	74	1
1	75	5
2	75	7
3	75	7
4	75	6
1	76	5
2	76	2
3	76	9
4	76	7
1	77	10
2	77	2
3	77	9
4	77	10
1	78	6
2	78	6
3	78	6
4	78	4
1	79	5
2	79	4
3	79	10
4	79	2
1	80	7
2	80	2
3	80	1
4	80	9
1	81	7
2	81	10
3	81	8
4	81	1
1	82	1
2	82	9
3	82	9
4	82	5
1	83	2
2	83	6
3	83	10
4	83	1
1	84	7
2	84	9
3	84	3
4	84	1
1	85	2
2	85	3
3	85	8
4	85	5
1	86	7
2	86	8
3	86	7
4	86	4
1	87	8
2	87	3
3	87	10
4	87	2
1	88	2
2	88	7
3	88	5
4	88	2
1	89	3
2	89	5
3	89	2
4	89	1
1	90	5
2	90	5
3	90	4
4	90	3
1	91	9
2	91	4
3	91	6
4	91	4
1	92	2
2	92	5
3	92	4
4	92	5
1	93	8
2	93	1
3	93	6
4	93	7
1	94	4
2	94	3
3	94	1
4	94	7
1	95	2
2	95	3
3	95	8
4	95	6
1	96	1
2	96	1
3	96	3
4	96	5
1	97	1
2	97	3
3	97	7
4	97	2
1	98	7
2	98	9
3	98	7
4	98	1
1	99	1
2	99	6
3	99	1
4	99	3
1	100	1
2	100	9
3	100	7
4	100	6
1	101	5
2	101	5
3	101	4
4	101	4
1	102	6
2	102	8
3	102	2
4	102	9
1	103	2
2	103	10
3	103	5
4	103	5
1	104	2
2	104	3
3	104	8
4	104	3
1	105	6
2	105	7
3	105	7
4	105	2
1	106	3
2	106	10
3	106	5
4	106	3
1	107	1
2	107	4
3	107	5
4	107	8
1	108	8
2	108	7
3	108	10
4	108	9
1	109	8
2	109	8
3	109	9
4	109	4
1	110	6
2	110	2
3	110	1
4	110	10
1	111	3
2	111	7
3	111	5
4	111	1
1	112	4
2	112	2
3	112	9
4	112	4
1	113	9
2	113	5
3	113	3
4	113	8
1	114	3
2	114	1
3	114	3
4	114	6
1	115	9
2	115	1
3	115	8
4	115	10
1	116	8
2	116	7
3	116	10
4	116	4
1	117	1
2	117	5
3	117	7
4	117	1
1	118	3
2	118	4
3	118	10
4	118	4
1	119	1
2	119	3
3	119	9
4	119	8
1	120	8
2	120	8
3	120	9
4	120	3
1	121	5
2	121	6
3	121	9
4	121	4
1	122	0
2	122	0
3	122	0
4	122	0