1	1	0
2	1	0
3	1	0
4	1	0
1	2	9
2	2	8
3	2	2
4	2	0
1	3	0
2	3	0
3	3	4
4	3	0
1	4	0
2	4	0
3	4	4
4	4	0
1	5	0
2	5	0
3	5	9
4	5	0
1	6	1
2	6	8
3	6	4
4	6	8
1	7	0
2	7	1
3	7	8
4	7	3
1	8	0
2	8	0
3	8	0
4	8	6
1	9	8
2	9	2
3	9	0
4	9	0
1	10	9
2	10	0
3	10	0
4	10	0
1	11	6
2	11	10
3	11	0
4	11	0
1	12	0
2	12	0
3	12	6
4	12	8
1	13	0
2	13	10
3	13	8
4	13	7
1	14	10
2	14	0
3	14	0
4	14	9
1	15	0
2	15	9
3	15	3
4	15	2
1	16	0
2	16	8
3	16	3
4	16	0
1	17	0
2	17	0
3	17	5
4	17	0
1	18	9
2	18	8
3	18	0
4	18	8
1	19	0
2	19	0
3	19	6
4	19	0
1	20	5
2	20	0
3	20	0
4	20	0
1	21	0
2	21	0
3	21	0
4	21	3
1	22	0
2	22	0
3	22	0
4	22	7
1	23	0
2	23	8
3	23	0
4	23	0
1	24	9
2	24	10
3	24	5
4	24	1
1	25	3
2	25	10
3	25	0
4	25	0
1	26	0
2	26	4
3	26	1
4	26	4
1	27	0
2	27	4
3	27	0
4	27	5
1	28	0
2	28	0
3	28	6
4	28	5
1	29	4
2	29	0
3	29	0
4	29	0
1	30	0
2	30	0
3	30	10
4	30	0
1	31	7
2	31	8
3	31	0
4	31	0
1	32	0
2	32	0
3	32	8
4	32	0
1	33	0
2	33	0
3	33	9
4	33	0
1	34	1
2	34	2
3	34	0
4	34	0
1	35	0
2	35	4
3	35	7
4	35	4
1	36	0
2	36	0
3	36	1
4	36	5
1	37	0
2	37	9
3	37	5
4	37	2
1	38	0
2	38	6
3	38	0
4	38	0
1	39	0
2	39	0
3	39	10
4	39	7
1	40	0
2	40	5
3	40	0
4	40	10
1	41	0
2	41	0
3	41	0
4	41	9
1	42	6
2	42	5
3	42	0
4	42	0
1	43	0
2	43	7
3	43	6
4	43	5
1	44	3
2	44	0
3	44	1
4	44	0
1	45	9
2	45	0
3	45	10
4	45	0
1	46	1
2	46	2
3	46	0
4	46	0
1	47	0
2	47	0
3	47	0
4	47	4
1	48	9
2	48	1
3	48	0
4	48	2
1	49	7
2	49	0
3	49	0
4	49	7
1	50	4
2	50	0
3	50	1
4	50	0
1	51	0
2	51	0
3	51	10
4	51	1
1	52	0
2	52	6
3	52	9
4	52	0
1	53	5
2	53	2
3	53	3
4	53	6
1	54	0
2	54	1
3	54	10
4	54	2
1	55	4
2	55	0
3	55	4
4	55	0
1	56	10
2	56	0
3	56	5
4	56	9
1	57	9
2	57	0
3	57	0
4	57	6
1	58	0
2	58	0
3	58	0
4	58	4
1	59	0
2	59	7
3	59	0
4	59	4
1	60	10
2	60	0
3	60	0
4	60	0
1	61	0
2	61	0
3	61	8
4	61	0
1	62	8
2	62	9
3	62	0
4	62	0
1	63	9
2	63	9
3	63	6
4	63	0
1	64	0
2	64	0
3	64	7
4	64	6
1	65	9
2	65	0
3	65	0
4	65	7
1	66	0
2	66	3
3	66	9
4	66	3
1	67	1
2	67	0
3	67	3
4	67	0
1	68	0
2	68	0
3	68	1
4	68	6
1	69	3
2	69	0
3	69	9
4	69	0
1	70	0
2	70	5
3	70	0
4	70	0
1	71	3
2	71	0
3	71	7
4	71	0
1	72	0
2	72	0
3	72	0
4	72	2
1	73	0
2	73	0
3	73	10
4	73	0
1	74	0
2	74	10
3	74	0
4	74	0
1	75	7
2	75	0
3	75	0
4	75	0
1	76	0
2	76	8
3	76	5
4	76	0
1	77	7
2	77	5
3	77	0
4	77	0
1	78	0
2	78	7
3	78	6
4	78	0
1	79	0
2	79	4
3	79	8
4	79	2
1	80	5
2	80	0
3	80	0
4	80	6
1	81	0
2	81	6
3	81	0
4	81	9
1	82	8
2	82	0
3	82	7
4	82	1
1	83	2
2	83	4
3	83	0
4	83	3
1	84	0
2	84	0
3	84	5
4	84	0
1	85	0
2	85	0
3	85	4
4	85	9
1	86	10
2	86	0
3	86	8
4	86	8
1	87	0
2	87	3
3	87	0
4	87	2
1	88	0
2	88	0
3	88	0
4	88	1
1	89	1
2	89	10
3	89	9
4	89	1
1	90	3
2	90	4
3	90	0
4	90	1
1	91	5
2	91	7
3	91	1
4	91	0
1	92	0
2	92	4
3	92	3
4	92	9
1	93	0
2	93	10
3	93	9
4	93	6
1	94	9
2	94	0
3	94	5
4	94	0
1	95	10
2	95	0
3	95	0
4	95	0
1	96	10
2	96	0
3	96	0
4	96	0
1	97	7
2	97	0
3	97	0
4	97	10
1	98	10
2	98	0
3	98	5
4	98	2
1	99	2
2	99	4
3	99	0
4	99	0
1	100	6
2	100	0
3	100	0
4	100	0
1	101	0
2	101	9
3	101	8
4	101	8
1	102	0
2	102	0
3	102	3
4	102	0
1	103	9
2	103	0
3	103	0
4	103	10
1	104	5
2	104	0
3	104	0
4	104	9
1	105	2
2	105	0
3	105	0
4	105	0
1	106	0
2	106	0
3	106	4
4	106	0
1	107	0
2	107	4
3	107	8
4	107	5
1	108	4
2	108	0
3	108	0
4	108	10
1	109	3
2	109	0
3	109	0
4	109	4
1	110	0
2	110	0
3	110	0
4	110	1
1	111	0
2	111	10
3	111	4
4	111	0
1	112	5
2	112	0
3	112	9
4	112	5
1	113	0
2	113	2
3	113	5
4	113	0
1	114	0
2	114	0
3	114	10
4	114	0
1	115	3
2	115	0
3	115	9
4	115	0
1	116	0
2	116	0
3	116	7
4	116	4
1	117	0
2	117	0
3	117	7
4	117	7
1	118	10
2	118	5
3	118	0
4	118	3
1	119	0
2	119	4
3	119	0
4	119	8
1	120	0
2	120	9
3	120	5
4	120	6
1	121	3
2	121	10
3	121	0
4	121	8
1	122	0
2	122	0
3	122	0
4	122	0