1	1	0
2	1	0
3	1	0
4	1	0
1	2	0
2	2	2
3	2	0
4	2	0
1	3	0
2	3	8
3	3	0
4	3	0
1	4	7
2	4	0
3	4	0
4	4	0
1	5	0
2	5	4
3	5	0
4	5	0
1	6	0
2	6	0
3	6	9
4	6	0
1	7	0
2	7	0
3	7	0
4	7	3
1	8	6
2	8	0
3	8	0
4	8	0
1	9	0
2	9	0
3	9	4
4	9	0
1	10	0
2	10	2
3	10	0
4	10	0
1	11	1
2	11	0
3	11	0
4	11	0
1	12	0
2	12	0
3	12	0
4	12	5
1	13	0
2	13	0
3	13	7
4	13	0
1	14	0
2	14	9
3	14	0
4	14	0
1	15	0
2	15	2
3	15	0
4	15	0
1	16	0
2	16	0
3	16	0
4	16	10
1	17	0
2	17	5
3	17	0
4	17	0
1	18	0
2	18	0
3	18	0
4	18	3
1	19	0
2	19	4
3	19	0
4	19	0
1	20	0
2	20	0
3	20	10
4	20	0
1	21	2
2	21	0
3	21	0
4	21	0
1	22	0
2	22	0
3	22	10
4	22	0
1	23	0
2	23	0
3	23	0
4	23	6
1	24	2
2	24	0
3	24	0
4	24	0
1	25	0
2	25	0
3	25	1
4	25	0
1	26	0
2	26	0
3	26	8
4	26	0
1	27	1
2	27	0
3	27	0
4	27	0
1	28	0
2	28	0
3	28	0
4	28	6
1	29	9
2	29	0
3	29	0
4	29	0
1	30	9
2	30	0
3	30	0
4	30	0
1	31	0
2	31	0
3	31	3
4	31	0
1	32	0
2	32	0
3	32	0
4	32	3
1	33	0
2	33	0
3	33	0
4	33	6
1	34	0
2	34	6
3	34	0
4	34	0
1	35	8
2	35	0
3	35	0
4	35	0
1	36	10
2	36	0
3	36	0
4	36	0
1	37	0
2	37	0
3	37	0
4	37	4
1	38	9
2	38	0
3	38	0
4	38	0
1	39	0
2	39	0
3	39	0
4	39	1
1	40	0
2	40	0
3	40	0
4	40	10
1	41	3
2	41	0
3	41	0
4	41	0
1	42	9
2	42	0
3	42	0
4	42	0
1	43	0
2	43	0
3	43	0
4	43	8
1	44	0
2	44	0
3	44	0
4	44	8
1	45	0
2	45	0
3	45	6
4	45	0
1	46	0
2	46	0
3	46	0
4	46	6
1	47	0
2	47	0
3	47	0
4	47	9
1	48	0
2	48	0
3	48	0
4	48	8
1	49	0
2	49	0
3	49	6
4	49	0
1	50	0
2	50	0
3	50	0
4	50	7
1	51	0
2	51	1
3	51	0
4	51	0
1	52	2
2	52	0
3	52	0
4	52	0
1	53	0
2	53	3
3	53	0
4	53	0
1	54	0
2	54	0
3	54	0
4	54	3
1	55	9
2	55	0
3	55	0
4	55	0
1	56	0
2	56	0
3	56	0
4	56	7
1	57	0
2	57	0
3	57	0
4	57	6
1	58	0
2	58	0
3	58	10
4	58	0
1	59	2
2	59	0
3	59	0
4	59	0
1	60	2
2	60	0
3	60	0
4	60	0
1	61	0
2	61	0
3	61	1
4	61	0
1	62	0
2	62	9
3	62	0
4	62	0
1	63	1
2	63	0
3	63	0
4	63	0
1	64	0
2	64	0
3	64	4
4	64	0
1	65	0
2	65	5
3	65	0
4	65	0
1	66	0
2	66	0
3	66	9
4	66	0
1	67	0
2	67	5
3	67	0
4	67	0
1	68	0
2	68	2
3	68	0
4	68	0
1	69	0
2	69	0
3	69	0
4	69	5
1	70	2
2	70	0
3	70	0
4	70	0
1	71	7
2	71	0
3	71	0
4	71	0
1	72	0
2	72	0
3	72	5
4	72	0
1	73	5
2	73	0
3	73	0
4	73	0
1	74	0
2	74	0
3	74	0
4	74	5
1	75	0
2	75	6
3	75	0
4	75	0
1	76	4
2	76	0
3	76	0
4	76	0
1	77	0
2	77	0
3	77	9
4	77	0
1	78	0
2	78	0
3	78	8
4	78	0
1	79	4
2	79	0
3	79	0
4	79	0
1	80	0
2	80	7
3	80	0
4	80	0
1	81	0
2	81	8
3	81	0
4	81	0
1	82	6
2	82	0
3	82	0
4	82	0
1	83	0
2	83	3
3	83	0
4	83	0
1	84	1
2	84	0
3	84	0
4	84	0
1	85	0
2	85	0
3	85	0
4	85	7
1	86	0
2	86	0
3	86	0
4	86	7
1	87	3
2	87	0
3	87	0
4	87	0
1	88	0
2	88	0
3	88	9
4	88	0
1	89	0
2	89	0
3	89	0
4	89	4
1	90	0
2	90	0
3	90	9
4	90	0
1	91	0
2	91	0
3	91	0
4	91	8
1	92	0
2	92	0
3	92	3
4	92	0
1	93	0
2	93	7
3	93	0
4	93	0
1	94	0
2	94	0
3	94	0
4	94	4
1	95	2
2	95	0
3	95	0
4	95	0
1	96	0
2	96	0
3	96	0
4	96	9
1	97	0
2	97	3
3	97	0
4	97	0
1	98	4
2	98	0
3	98	0
4	98	0
1	99	0
2	99	0
3	99	0
4	99	9
1	100	0
2	100	0
3	100	7
4	100	0
1	101	0
2	101	0
3	101	6
4	101	0
1	102	0
2	102	0
3	102	9
4	102	0
1	103	6
2	103	0
3	103	0
4	103	0
1	104	0
2	104	0
3	104	0
4	104	5
1	105	0
2	105	0
3	105	5
4	105	0
1	106	0
2	106	0
3	106	0
4	106	7
1	107	0
2	107	9
3	107	0
4	107	0
1	108	10
2	108	0
3	108	0
4	108	0
1	109	7
2	109	0
3	109	0
4	109	0
1	110	6
2	110	0
3	110	0
4	110	0
1	111	0
2	111	0
3	111	0
4	111	10
1	112	0
2	112	0
3	112	0
4	112	5
1	113	0
2	113	0
3	113	0
4	113	4
1	114	0
2	114	6
3	114	0
4	114	0
1	115	0
2	115	1
3	115	0
4	115	0
1	116	0
2	116	0
3	116	3
4	116	0
1	117	0
2	117	0
3	117	3
4	117	0
1	118	0
2	118	0
3	118	0
4	118	5
1	119	0
2	119	0
3	119	0
4	119	5
1	120	0
2	120	0
3	120	5
4	120	0
1	121	3
2	121	0
3	121	0
4	121	0
1	122	0
2	122	0
3	122	0
4	122	0