1	1	0
2	1	0
3	1	0
4	1	0
1	2	0
2	2	0
3	2	0
4	2	8
1	3	0
2	3	9
3	3	0
4	3	0
1	4	0
2	4	0
3	4	0
4	4	7
1	5	4
2	5	0
3	5	0
4	5	0
1	6	8
2	6	0
3	6	0
4	6	0
1	7	0
2	7	9
3	7	0
4	7	0
1	8	0
2	8	0
3	8	0
4	8	3
1	9	9
2	9	0
3	9	0
4	9	0
1	10	0
2	10	0
3	10	10
4	10	0
1	11	0
2	11	0
3	11	0
4	11	8
1	12	0
2	12	0
3	12	4
4	12	0
1	13	0
2	13	0
3	13	0
4	13	3
1	14	0
2	14	0
3	14	0
4	14	5
1	15	8
2	15	0
3	15	0
4	15	0
1	16	10
2	16	0
3	16	0
4	16	0
1	17	0
2	17	0
3	17	0
4	17	3
1	18	0
2	18	6
3	18	0
4	18	0
1	19	0
2	19	0
3	19	0
4	19	1
1	20	0
2	20	0
3	20	0
4	20	4
1	21	0
2	21	6
3	21	0
4	21	0
1	22	0
2	22	0
3	22	0
4	22	9
1	23	0
2	23	7
3	23	0
4	23	0
1	24	0
2	24	9
3	24	0
4	24	0
1	25	0
2	25	0
3	25	6
4	25	0
1	26	0
2	26	0
3	26	0
4	26	2
1	27	0
2	27	4
3	27	0
4	27	0
1	28	0
2	28	0
3	28	10
4	28	0
1	29	0
2	29	0
3	29	0
4	29	1
1	30	0
2	30	0
3	30	1
4	30	0
1	31	0
2	31	10
3	31	0
4	31	0
1	32	0
2	32	0
3	32	6
4	32	0
1	33	0
2	33	7
3	33	0
4	33	0
1	34	0
2	34	6
3	34	0
4	34	0
1	35	7
2	35	0
3	35	0
4	35	0
1	36	0
2	36	5
3	36	0
4	36	0
1	37	0
2	37	0
3	37	0
4	37	5
1	38	0
2	38	0
3	38	1
4	38	0
1	39	0
2	39	2
3	39	0
4	39	0
1	40	0
2	40	2
3	40	0
4	40	0
1	41	0
2	41	0
3	41	4
4	41	0
1	42	4
2	42	0
3	42	0
4	42	0
1	43	0
2	43	0
3	43	10
4	43	0
1	44	0
2	44	0
3	44	0
4	44	10
1	45	0
2	45	4
3	45	0
4	45	0
1	46	9
2	46	0
3	46	0
4	46	0
1	47	6
2	47	0
3	47	0
4	47	0
1	48	9
2	48	0
3	48	0
4	48	0
1	49	0
2	49	9
3	49	0
4	49	0
1	50	0
2	50	0
3	50	0
4	50	2
1	51	0
2	51	6
3	51	0
4	51	0
1	52	8
2	52	0
3	52	0
4	52	0
1	53	0
2	53	1
3	53	0
4	53	0
1	54	0
2	54	0
3	54	0
4	54	8
1	55	0
2	55	4
3	55	0
4	55	0
1	56	6
2	56	0
3	56	0
4	56	0
1	57	0
2	57	0
3	57	2
4	57	0
1	58	0
2	58	0
3	58	5
4	58	0
1	59	2
2	59	0
3	59	0
4	59	0
1	60	0
2	60	0
3	60	4
4	60	0
1	61	10
2	61	0
3	61	0
4	61	0
1	62	0
2	62	0
3	62	1
4	62	0
1	63	5
2	63	0
3	63	0
4	63	0
1	64	0
2	64	0
3	64	1
4	64	0
1	65	2
2	65	0
3	65	0
4	65	0
1	66	5
2	66	0
3	66	0
4	66	0
1	67	0
2	67	0
3	67	6
4	67	0
1	68	0
2	68	0
3	68	0
4	68	10
1	69	0
2	69	3
3	69	0
4	69	0
1	70	0
2	70	0
3	70	8
4	70	0
1	71	0
2	71	0
3	71	2
4	71	0
1	72	1
2	72	0
3	72	0
4	72	0
1	73	0
2	73	0
3	73	10
4	73	0
1	74	3
2	74	0
3	74	0
4	74	0
1	75	0
2	75	0
3	75	9
4	75	0
1	76	0
2	76	0
3	76	0
4	76	2
1	77	0
2	77	2
3	77	0
4	77	0
1	78	7
2	78	0
3	78	0
4	78	0
1	79	0
2	79	0
3	79	0
4	79	1
1	80	0
2	80	0
3	80	2
4	80	0
1	81	0
2	81	0
3	81	0
4	81	7
1	82	0
2	82	8
3	82	0
4	82	0
1	83	0
2	83	0
3	83	0
4	83	10
1	84	9
2	84	0
3	84	0
4	84	0
1	85	0
2	85	2
3	85	0
4	85	0
1	86	0
2	86	0
3	86	9
4	86	0
1	87	0
2	87	0
3	87	0
4	87	9
1	88	0
2	88	0
3	88	0
4	88	5
1	89	0
2	89	0
3	89	0
4	89	7
1	90	5
2	90	0
3	90	0
4	90	0
1	91	9
2	91	0
3	91	0
4	91	0
1	92	0
2	92	0
3	92	0
4	92	10
1	93	0
2	93	1
3	93	0
4	93	0
1	94	0
2	94	0
3	94	0
4	94	10
1	95	0
2	95	0
3	95	6
4	95	0
1	96	5
2	96	0
3	96	0
4	96	0
1	97	0
2	97	3
3	97	0
4	97	0
1	98	0
2	98	10
3	98	0
4	98	0
1	99	0
2	99	0
3	99	0
4	99	5
1	100	0
2	100	0
3	100	0
4	100	8
1	101	0
2	101	0
3	101	4
4	101	0
1	102	0
2	102	3
3	102	0
4	102	0
1	103	0
2	103	0
3	103	10
4	103	0
1	104	0
2	104	0
3	104	0
4	104	7
1	105	0
2	105	10
3	105	0
4	105	0
1	106	4
2	106	0
3	106	0
4	106	0
1	107	3
2	107	0
3	107	0
4	107	0
1	108	0
2	108	10
3	108	0
4	108	0
1	109	9
2	109	0
3	109	0
4	109	0
1	110	8
2	110	0
3	110	0
4	110	0
1	111	0
2	111	0
3	111	3
4	111	0
1	112	0
2	112	0
3	112	0
4	112	9
1	113	0
2	113	2
3	113	0
4	113	0
1	114	10
2	114	0
3	114	0
4	114	0
1	115	0
2	115	0
3	115	10
4	115	0
1	116	0
2	116	0
3	116	6
4	116	0
1	117	10
2	117	0
3	117	0
4	117	0
1	118	0
2	118	1
3	118	0
4	118	0
1	119	0
2	119	0
3	119	0
4	119	4
1	120	0
2	120	5
3	120	0
4	120	0
1	121	0
2	121	0
3	121	2
4	121	0
1	122	0
2	122	0
3	122	0
4	122	0