1	1	0
2	1	0
3	1	0
4	1	0
1	2	5
2	2	0
3	2	8
4	2	6
1	3	0
2	3	0
3	3	2
4	3	8
1	4	0
2	4	5
3	4	4
4	4	8
1	5	9
2	5	10
3	5	2
4	5	6
1	6	8
2	6	6
3	6	1
4	6	2
1	7	0
2	7	3
3	7	7
4	7	10
1	8	0
2	8	0
3	8	0
4	8	10
1	9	2
2	9	0
3	9	7
4	9	5
1	10	4
2	10	3
3	10	10
4	10	9
1	11	2
2	11	8
3	11	0
4	11	9
1	12	7
2	12	0
3	12	9
4	12	0
1	13	4
2	13	0
3	13	0
4	13	5
1	14	8
2	14	10
3	14	1
4	14	5
1	15	0
2	15	10
3	15	0
4	15	4
1	16	0
2	16	0
3	16	1
4	16	8
1	17	0
2	17	4
3	17	7
4	17	6
1	18	10
2	18	6
3	18	8
4	18	7
1	19	6
2	19	10
3	19	0
4	19	1
1	20	5
2	20	0
3	20	7
4	20	4
1	21	4
2	21	5
3	21	1
4	21	2
1	22	4
2	22	4
3	22	9
4	22	0
1	23	3
2	23	0
3	23	6
4	23	1
1	24	0
2	24	4
3	24	0
4	24	0
1	25	6
2	25	0
3	25	3
4	25	8
1	26	5
2	26	9
3	26	7
4	26	4
1	27	10
2	27	0
3	27	9
4	27	5
1	28	4
2	28	1
3	28	4
4	28	0
1	29	5
2	29	6
3	29	4
4	29	2
1	30	9
2	30	0
3	30	8
4	30	3
1	31	0
2	31	0
3	31	8
4	31	2
1	32	2
2	32	1
3	32	0
4	32	7
1	33	4
2	33	4
3	33	0
4	33	0
1	34	10
2	34	1
3	34	2
4	34	8
1	35	5
2	35	8
3	35	10
4	35	7
1	36	5
2	36	0
3	36	10
4	36	0
1	37	0
2	37	1
3	37	7
4	37	9
1	38	9
2	38	7
3	38	6
4	38	8
1	39	7
2	39	3
3	39	10
4	39	0
1	40	0
2	40	3
3	40	5
4	40	8
1	41	0
2	41	4
3	41	10
4	41	0
1	42	0
2	42	9
3	42	0
4	42	4
1	43	9
2	43	4
3	43	2
4	43	4
1	44	10
2	44	3
3	44	7
4	44	0
1	45	2
2	45	5
3	45	1
4	45	0
1	46	0
2	46	3
3	46	9
4	46	5
1	47	5
2	47	0
3	47	10
4	47	9
1	48	4
2	48	6
3	48	10
4	48	9
1	49	2
2	49	8
3	49	4
4	49	7
1	50	10
2	50	3
3	50	1
4	50	6
1	51	0
2	51	4
3	51	8
4	51	8
1	52	10
2	52	0
3	52	4
4	52	9
1	53	9
2	53	3
3	53	10
4	53	6
1	54	5
2	54	0
3	54	4
4	54	0
1	55	10
2	55	0
3	55	6
4	55	4
1	56	6
2	56	6
3	56	8
4	56	0
1	57	0
2	57	10
3	57	9
4	57	1
1	58	0
2	58	0
3	58	10
4	58	7
1	59	0
2	59	8
3	59	7
4	59	5
1	60	2
2	60	8
3	60	0
4	60	8
1	61	10
2	61	8
3	61	9
4	61	3
1	62	8
2	62	7
3	62	6
4	62	0
1	63	0
2	63	0
3	63	1
4	63	8
1	64	8
2	64	1
3	64	4
4	64	0
1	65	8
2	65	0
3	65	10
4	65	0
1	66	7
2	66	10
3	66	0
4	66	10
1	67	0
2	67	10
3	67	0
4	67	5
1	68	6
2	68	0
3	68	3
4	68	10
1	69	6
2	69	7
3	69	6
4	69	1
1	70	5
2	70	2
3	70	6
4	70	0
1	71	8
2	71	3
3	71	0
4	71	3
1	72	4
2	72	7
3	72	10
4	72	9
1	73	7
2	73	10
3	73	10
4	73	6
1	74	10
2	74	8
3	74	0
4	74	0
1	75	6
2	75	10
3	75	8
4	75	0
1	76	8
2	76	4
3	76	5
4	76	0
1	77	0
2	77	5
3	77	0
4	77	1
1	78	9
2	78	9
3	78	0
4	78	10
1	79	1
2	79	1
3	79	1
4	79	2
1	80	2
2	80	4
3	80	6
4	80	6
1	81	10
2	81	4
3	81	2
4	81	0
1	82	0
2	82	0
3	82	4
4	82	2
1	83	8
2	83	5
3	83	7
4	83	7
1	84	0
2	84	8
3	84	1
4	84	9
1	85	4
2	85	5
3	85	9
4	85	2
1	86	5
2	86	0
3	86	10
4	86	5
1	87	6
2	87	0
3	87	6
4	87	10
1	88	1
2	88	2
3	88	1
4	88	5
1	89	4
2	89	0
3	89	6
4	89	0
1	90	6
2	90	0
3	90	7
4	90	1
1	91	10
2	91	4
3	91	2
4	91	5
1	92	0
2	92	0
3	92	3
4	92	0
1	93	4
2	93	0
3	93	6
4	93	0
1	94	5
2	94	4
3	94	0
4	94	0
1	95	9
2	95	0
3	95	6
4	95	1
1	96	1
2	96	0
3	96	5
4	96	0
1	97	0
2	97	5
3	97	0
4	97	5
1	98	9
2	98	0
3	98	2
4	98	0
1	99	1
2	99	0
3	99	5
4	99	1
1	100	8
2	100	8
3	100	6
4	100	8
1	101	8
2	101	9
3	101	9
4	101	0
1	102	2
2	102	5
3	102	1
4	102	1
1	103	10
2	103	0
3	103	1
4	103	0
1	104	9
2	104	6
3	104	1
4	104	0
1	105	0
2	105	10
3	105	0
4	105	3
1	106	0
2	106	5
3	106	9
4	106	6
1	107	5
2	107	4
3	107	7
4	107	0
1	108	0
2	108	8
3	108	6
4	108	6
1	109	1
2	109	5
3	109	0
4	109	5
1	110	0
2	110	6
3	110	0
4	110	1
1	111	8
2	111	1
3	111	8
4	111	3
1	112	3
2	112	10
3	112	4
4	112	4
1	113	5
2	113	4
3	113	7
4	113	3
1	114	2
2	114	0
3	114	8
4	114	7
1	115	7
2	115	9
3	115	1
4	115	4
1	116	3
2	116	5
3	116	3
4	116	3
1	117	5
2	117	7
3	117	1
4	117	6
1	118	6
2	118	10
3	118	8
4	118	7
1	119	2
2	119	0
3	119	4
4	119	5
1	120	2
2	120	3
3	120	0
4	120	10
1	121	0
2	121	0
3	121	8
4	121	0
1	122	0
2	122	0
3	122	0
4	122	0