1	1	0
2	1	0
3	1	0
4	1	0
1	2	9
2	2	5
3	2	0
4	2	3
1	3	0
2	3	0
3	3	3
4	3	6
1	4	0
2	4	0
3	4	3
4	4	0
1	5	4
2	5	2
3	5	3
4	5	1
1	6	9
2	6	1
3	6	0
4	6	0
1	7	0
2	7	0
3	7	9
4	7	0
1	8	1
2	8	0
3	8	3
4	8	2
1	9	0
2	9	2
3	9	8
4	9	0
1	10	0
2	10	0
3	10	0
4	10	7
1	11	3
2	11	3
3	11	3
4	11	0
1	12	9
2	12	0
3	12	8
4	12	0
1	13	9
2	13	0
3	13	0
4	13	7
1	14	0
2	14	0
3	14	8
4	14	7
1	15	0
2	15	10
3	15	0
4	15	0
1	16	0
2	16	9
3	16	7
4	16	0
1	17	10
2	17	0
3	17	10
4	17	0
1	18	0
2	18	7
3	18	6
4	18	0
1	19	0
2	19	2
3	19	2
4	19	5
1	20	0
2	20	0
3	20	0
4	20	6
1	21	9
2	21	0
3	21	4
4	21	0
1	22	0
2	22	2
3	22	0
4	22	4
1	23	6
2	23	9
3	23	0
4	23	1
1	24	7
2	24	0
3	24	8
4	24	0
1	25	0
2	25	0
3	25	5
4	25	9
1	26	2
2	26	0
3	26	3
4	26	0
1	27	1
2	27	9
3	27	1
4	27	3
1	28	3
2	28	0
3	28	0
4	28	0
1	29	4
2	29	0
3	29	10
4	29	10
1	30	10
2	30	4
3	30	0
4	30	0
1	31	0
2	31	1
3	31	0
4	31	0
1	32	4
2	32	2
3	32	0
4	32	0
1	33	3
2	33	6
3	33	10
4	33	0
1	34	0
2	34	7
3	34	2
4	34	8
1	35	0
2	35	5
3	35	7
4	35	0
1	36	9
2	36	0
3	36	10
4	36	0
1	37	1
2	37	9
3	37	9
4	37	4
1	38	0
2	38	2
3	38	0
4	38	4
1	39	7
2	39	0
3	39	0
4	39	0
1	40	3
2	40	9
3	40	0
4	40	0
1	41	0
2	41	5
3	41	10
4	41	3
1	42	0
2	42	0
3	42	6
4	42	0
1	43	0
2	43	0
3	43	2
4	43	0
1	44	2
2	44	0
3	44	0
4	44	3
1	45	7
2	45	0
3	45	0
4	45	9
1	46	2
2	46	0
3	46	0
4	46	3
1	47	9
2	47	0
3	47	6
4	47	8
1	48	0
2	48	0
3	48	6
4	48	0
1	49	0
2	49	0
3	49	3
4	49	0
1	50	6
2	50	0
3	50	0
4	50	0
1	51	0
2	51	9
3	51	6
4	51	0
1	52	0
2	52	3
3	52	8
4	52	2
1	53	0
2	53	2
3	53	5
4	53	1
1	54	0
2	54	0
3	54	7
4	54	0
1	55	0
2	55	3
3	55	0
4	55	8
1	56	0
2	56	1
3	56	0
4	56	6
1	57	5
2	57	1
3	57	8
4	57	0
1	58	0
2	58	0
3	58	0
4	58	2
1	59	0
2	59	0
3	59	1
4	59	0
1	60	6
2	60	0
3	60	7
4	60	0
1	61	0
2	61	0
3	61	0
4	61	7
1	62	2
2	62	0
3	62	0
4	62	9
1	63	0
2	63	0
3	63	5
4	63	0
1	64	8
2	64	0
3	64	10
4	64	9
1	65	6
2	65	2
3	65	0
4	65	1
1	66	0
2	66	4
3	66	0
4	66	7
1	67	6
2	67	0
3	67	6
4	67	0
1	68	0
2	68	0
3	68	0
4	68	2
1	69	7
2	69	1
3	69	0
4	69	8
1	70	7
2	70	0
3	70	0
4	70	4
1	71	0
2	71	5
3	71	6
4	71	0
1	72	9
2	72	0
3	72	8
4	72	0
1	73	9
2	73	0
3	73	0
4	73	0
1	74	1
2	74	4
3	74	0
4	74	4
1	75	0
2	75	8
3	75	2
4	75	0
1	76	0
2	76	6
3	76	5
4	76	0
1	77	0
2	77	0
3	77	7
4	77	7
1	78	0
2	78	0
3	78	2
4	78	3
1	79	0
2	79	6
3	79	0
4	79	0
1	80	0
2	80	10
3	80	0
4	80	0
1	81	0
2	81	9
3	81	0
4	81	0
1	82	0
2	82	5
3	82	0
4	82	0
1	83	3
2	83	7
3	83	3
4	83	10
1	84	10
2	84	0
3	84	0
4	84	0
1	85	0
2	85	5
3	85	9
4	85	0
1	86	0
2	86	7
3	86	1
4	86	4
1	87	7
2	87	4
3	87	2
4	87	0
1	88	9
2	88	0
3	88	0
4	88	0
1	89	0
2	89	6
3	89	0
4	89	0
1	90	0
2	90	0
3	90	1
4	90	0
1	91	2
2	91	0
3	91	2
4	91	9
1	92	10
2	92	0
3	92	0
4	92	7
1	93	0
2	93	0
3	93	5
4	93	0
1	94	7
2	94	0
3	94	0
4	94	7
1	95	0
2	95	3
3	95	0
4	95	0
1	96	0
2	96	9
3	96	6
4	96	0
1	97	0
2	97	0
3	97	1
4	97	0
1	98	0
2	98	6
3	98	0
4	98	0
1	99	0
2	99	2
3	99	0
4	99	0
1	100	0
2	100	6
3	100	0
4	100	0
1	101	2
2	101	0
3	101	8
4	101	0
1	102	4
2	102	5
3	102	0
4	102	4
1	103	6
2	103	4
3	103	0
4	103	0
1	104	10
2	104	7
3	104	0
4	104	0
1	105	5
2	105	3
3	105	2
4	105	0
1	106	1
2	106	0
3	106	1
4	106	0
1	107	0
2	107	2
3	107	0
4	107	7
1	108	2
2	108	7
3	108	0
4	108	8
1	109	6
2	109	0
3	109	8
4	109	0
1	110	0
2	110	6
3	110	10
4	110	0
1	111	5
2	111	0
3	111	0
4	111	0
1	112	9
2	112	0
3	112	0
4	112	0
1	113	1
2	113	0
3	113	0
4	113	0
1	114	4
2	114	5
3	114	3
4	114	3
1	115	7
2	115	6
3	115	0
4	115	0
1	116	10
2	116	0
3	116	1
4	116	4
1	117	2
2	117	0
3	117	10
4	117	5
1	118	6
2	118	5
3	118	6
4	118	5
1	119	1
2	119	8
3	119	1
4	119	0
1	120	0
2	120	0
3	120	4
4	120	7
1	121	6
2	121	4
3	121	0
4	121	0
1	122	0
2	122	0
3	122	0
4	122	0