1	1	0
2	1	0
3	1	0
4	1	0
1	2	0
2	2	6
3	2	10
4	2	9
1	3	8
2	3	7
3	3	10
4	3	0
1	4	7
2	4	1
3	4	0
4	4	3
1	5	4
2	5	3
3	5	5
4	5	0
1	6	1
2	6	5
3	6	8
4	6	0
1	7	10
2	7	5
3	7	0
4	7	10
1	8	0
2	8	8
3	8	0
4	8	8
1	9	3
2	9	1
3	9	7
4	9	8
1	10	0
2	10	2
3	10	6
4	10	0
1	11	9
2	11	3
3	11	10
4	11	1
1	12	5
2	12	0
3	12	3
4	12	5
1	13	3
2	13	1
3	13	9
4	13	5
1	14	2
2	14	6
3	14	1
4	14	4
1	15	4
2	15	7
3	15	3
4	15	8
1	16	0
2	16	2
3	16	5
4	16	0
1	17	8
2	17	6
3	17	1
4	17	4
1	18	9
2	18	7
3	18	0
4	18	1
1	19	0
2	19	6
3	19	7
4	19	2
1	20	9
2	20	7
3	20	10
4	20	7
1	21	0
2	21	1
3	21	8
4	21	10
1	22	1
2	22	4
3	22	3
4	22	4
1	23	9
2	23	0
3	23	9
4	23	5
1	24	0
2	24	1
3	24	0
4	24	1
1	25	0
2	25	10
3	25	6
4	25	8
1	26	1
2	26	5
3	26	3
4	26	6
1	27	6
2	27	1
3	27	8
4	27	0
1	28	3
2	28	4
3	28	0
4	28	0
1	29	9
2	29	8
3	29	8
4	29	4
1	30	8
2	30	7
3	30	0
4	30	4
1	31	0
2	31	0
3	31	9
4	31	0
1	32	6
2	32	2
3	32	3
4	32	8
1	33	8
2	33	6
3	33	8
4	33	3
1	34	7
2	34	6
3	34	6
4	34	7
1	35	9
2	35	6
3	35	0
4	35	4
1	36	4
2	36	8
3	36	5
4	36	1
1	37	4
2	37	8
3	37	8
4	37	7
1	38	5
2	38	2
3	38	0
4	38	9
1	39	2
2	39	8
3	39	9
4	39	0
1	40	4
2	40	0
3	40	2
4	40	9
1	41	9
2	41	0
3	41	0
4	41	10
1	42	9
2	42	10
3	42	1
4	42	0
1	43	2
2	43	3
3	43	2
4	43	0
1	44	6
2	44	0
3	44	1
4	44	0
1	45	0
2	45	0
3	45	4
4	45	5
1	46	8
2	46	10
3	46	2
4	46	3
1	47	5
2	47	3
3	47	10
4	47	5
1	48	5
2	48	7
3	48	1
4	48	10
1	49	10
2	49	4
3	49	4
4	49	10
1	50	7
2	50	4
3	50	3
4	50	9
1	51	8
2	51	4
3	51	5
4	51	8
1	52	5
2	52	0
3	52	1
4	52	10
1	53	1
2	53	7
3	53	0
4	53	0
1	54	2
2	54	6
3	54	8
4	54	0
1	55	0
2	55	4
3	55	9
4	55	4
1	56	8
2	56	0
3	56	0
4	56	9
1	57	8
2	57	0
3	57	0
4	57	0
1	58	4
2	58	8
3	58	9
4	58	5
1	59	0
2	59	2
3	59	1
4	59	4
1	60	1
2	60	0
3	60	2
4	60	0
1	61	0
2	61	2
3	61	3
4	61	0
1	62	4
2	62	8
3	62	5
4	62	5
1	63	7
2	63	7
3	63	3
4	63	6
1	64	10
2	64	6
3	64	6
4	64	7
1	65	6
2	65	0
3	65	8
4	65	2
1	66	0
2	66	6
3	66	2
4	66	7
1	67	0
2	67	10
3	67	6
4	67	0
1	68	4
2	68	8
3	68	5
4	68	3
1	69	8
2	69	10
3	69	1
4	69	7
1	70	0
2	70	3
3	70	0
4	70	7
1	71	0
2	71	1
3	71	5
4	71	6
1	72	8
2	72	2
3	72	10
4	72	4
1	73	4
2	73	8
3	73	1
4	73	0
1	74	8
2	74	0
3	74	6
4	74	0
1	75	0
2	75	8
3	75	3
4	75	0
1	76	2
2	76	8
3	76	0
4	76	0
1	77	2
2	77	7
3	77	1
4	77	4
1	78	10
2	78	4
3	78	0
4	78	9
1	79	5
2	79	4
3	79	6
4	79	0
1	80	2
2	80	0
3	80	8
4	80	0
1	81	0
2	81	4
3	81	6
4	81	1
1	82	9
2	82	6
3	82	8
4	82	3
1	83	0
2	83	1
3	83	2
4	83	6
1	84	0
2	84	2
3	84	7
4	84	0
1	85	0
2	85	0
3	85	0
4	85	5
1	86	0
2	86	3
3	86	0
4	86	2
1	87	2
2	87	10
3	87	8
4	87	9
1	88	0
2	88	0
3	88	2
4	88	0
1	89	1
2	89	1
3	89	2
4	89	4
1	90	8
2	90	5
3	90	0
4	90	0
1	91	1
2	91	0
3	91	8
4	91	8
1	92	0
2	92	0
3	92	1
4	92	9
1	93	0
2	93	3
3	93	7
4	93	3
1	94	6
2	94	5
3	94	1
4	94	3
1	95	6
2	95	0
3	95	2
4	95	5
1	96	0
2	96	2
3	96	1
4	96	0
1	97	5
2	97	8
3	97	4
4	97	5
1	98	2
2	98	5
3	98	10
4	98	3
1	99	0
2	99	3
3	99	4
4	99	6
1	100	8
2	100	7
3	100	6
4	100	5
1	101	3
2	101	0
3	101	3
4	101	8
1	102	4
2	102	8
3	102	6
4	102	6
1	103	3
2	103	0
3	103	0
4	103	0
1	104	10
2	104	1
3	104	7
4	104	4
1	105	8
2	105	7
3	105	8
4	105	4
1	106	0
2	106	10
3	106	0
4	106	3
1	107	2
2	107	0
3	107	6
4	107	1
1	108	0
2	108	0
3	108	9
4	108	5
1	109	2
2	109	6
3	109	9
4	109	6
1	110	0
2	110	10
3	110	5
4	110	10
1	111	0
2	111	0
3	111	0
4	111	5
1	112	1
2	112	6
3	112	0
4	112	7
1	113	0
2	113	4
3	113	1
4	113	10
1	114	0
2	114	9
3	114	0
4	114	1
1	115	6
2	115	3
3	115	10
4	115	7
1	116	9
2	116	4
3	116	6
4	116	8
1	117	0
2	117	2
3	117	0
4	117	2
1	118	3
2	118	0
3	118	8
4	118	0
1	119	0
2	119	0
3	119	1
4	119	8
1	120	8
2	120	9
3	120	0
4	120	0
1	121	6
2	121	0
3	121	4
4	121	8
1	122	0
2	122	0
3	122	0
4	122	0