1	1	0
2	1	0
3	1	0
4	1	0
1	2	4
2	2	0
3	2	0
4	2	0
1	3	0
2	3	0
3	3	3
4	3	0
1	4	0
2	4	0
3	4	4
4	4	0
1	5	0
2	5	0
3	5	0
4	5	8
1	6	0
2	6	0
3	6	0
4	6	2
1	7	3
2	7	0
3	7	0
4	7	0
1	8	0
2	8	0
3	8	5
4	8	0
1	9	4
2	9	0
3	9	0
4	9	0
1	10	1
2	10	0
3	10	0
4	10	0
1	11	0
2	11	7
3	11	0
4	11	0
1	12	0
2	12	10
3	12	0
4	12	0
1	13	0
2	13	0
3	13	0
4	13	2
1	14	0
2	14	0
3	14	0
4	14	10
1	15	0
2	15	0
3	15	5
4	15	0
1	16	0
2	16	0
3	16	0
4	16	10
1	17	0
2	17	0
3	17	7
4	17	0
1	18	0
2	18	0
3	18	5
4	18	0
1	19	0
2	19	0
3	19	6
4	19	0
1	20	4
2	20	0
3	20	0
4	20	0
1	21	0
2	21	0
3	21	0
4	21	3
1	22	0
2	22	10
3	22	0
4	22	0
1	23	0
2	23	0
3	23	0
4	23	2
1	24	8
2	24	0
3	24	0
4	24	0
1	25	6
2	25	0
3	25	0
4	25	0
1	26	0
2	26	0
3	26	0
4	26	7
1	27	0
2	27	0
3	27	7
4	27	0
1	28	3
2	28	0
3	28	0
4	28	0
1	29	0
2	29	0
3	29	0
4	29	9
1	30	2
2	30	0
3	30	0
4	30	0
1	31	0
2	31	4
3	31	0
4	31	0
1	32	0
2	32	10
3	32	0
4	32	0
1	33	0
2	33	0
3	33	0
4	33	1
1	34	0
2	34	2
3	34	0
4	34	0
1	35	0
2	35	0
3	35	0
4	35	3
1	36	0
2	36	0
3	36	1
4	36	0
1	37	5
2	37	0
3	37	0
4	37	0
1	38	0
2	38	0
3	38	0
4	38	7
1	39	0
2	39	0
3	39	6
4	39	0
1	40	2
2	40	0
3	40	0
4	40	0
1	41	7
2	41	0
3	41	0
4	41	0
1	42	0
2	42	0
3	42	5
4	42	0
1	43	0
2	43	0
3	43	0
4	43	7
1	44	0
2	44	0
3	44	0
4	44	10
1	45	0
2	45	10
3	45	0
4	45	0
1	46	0
2	46	0
3	46	0
4	46	1
1	47	7
2	47	0
3	47	0
4	47	0
1	48	6
2	48	0
3	48	0
4	48	0
1	49	6
2	49	0
3	49	0
4	49	0
1	50	0
2	50	0
3	50	0
4	50	8
1	51	0
2	51	0
3	51	5
4	51	0
1	52	0
2	52	3
3	52	0
4	52	0
1	53	0
2	53	0
3	53	7
4	53	0
1	54	0
2	54	0
3	54	0
4	54	8
1	55	0
2	55	0
3	55	0
4	55	7
1	56	0
2	56	0
3	56	4
4	56	0
1	57	0
2	57	7
3	57	0
4	57	0
1	58	0
2	58	1
3	58	0
4	58	0
1	59	0
2	59	0
3	59	0
4	59	2
1	60	0
2	60	1
3	60	0
4	60	0
1	61	0
2	61	0
3	61	6
4	61	0
1	62	9
2	62	0
3	62	0
4	62	0
1	63	0
2	63	0
3	63	5
4	63	0
1	64	0
2	64	1
3	64	0
4	64	0
1	65	0
2	65	1
3	65	0
4	65	0
1	66	0
2	66	0
3	66	0
4	66	7
1	67	0
2	67	5
3	67	0
4	67	0
1	68	4
2	68	0
3	68	0
4	68	0
1	69	0
2	69	6
3	69	0
4	69	0
1	70	0
2	70	0
3	70	0
4	70	9
1	71	0
2	71	0
3	71	1
4	71	0
1	72	0
2	72	0
3	72	3
4	72	0
1	73	0
2	73	0
3	73	0
4	73	4
1	74	0
2	74	0
3	74	7
4	74	0
1	75	0
2	75	3
3	75	0
4	75	0
1	76	0
2	76	0
3	76	9
4	76	0
1	77	0
2	77	7
3	77	0
4	77	0
1	78	0
2	78	0
3	78	0
4	78	1
1	79	0
2	79	0
3	79	7
4	79	0
1	80	0
2	80	0
3	80	1
4	80	0
1	81	0
2	81	7
3	81	0
4	81	0
1	82	0
2	82	3
3	82	0
4	82	0
1	83	0
2	83	0
3	83	10
4	83	0
1	84	0
2	84	0
3	84	5
4	84	0
1	85	0
2	85	0
3	85	7
4	85	0
1	86	0
2	86	0
3	86	0
4	86	10
1	87	0
2	87	0
3	87	0
4	87	7
1	88	0
2	88	0
3	88	0
4	88	5
1	89	0
2	89	0
3	89	2
4	89	0
1	90	0
2	90	0
3	90	9
4	90	0
1	91	3
2	91	0
3	91	0
4	91	0
1	92	3
2	92	0
3	92	0
4	92	0
1	93	0
2	93	0
3	93	8
4	93	0
1	94	0
2	94	0
3	94	1
4	94	0
1	95	0
2	95	9
3	95	0
4	95	0
1	96	8
2	96	0
3	96	0
4	96	0
1	97	0
2	97	0
3	97	7
4	97	0
1	98	0
2	98	0
3	98	0
4	98	4
1	99	0
2	99	0
3	99	6
4	99	0
1	100	0
2	100	9
3	100	0
4	100	0
1	101	0
2	101	0
3	101	2
4	101	0
1	102	2
2	102	0
3	102	0
4	102	0
1	103	0
2	103	4
3	103	0
4	103	0
1	104	0
2	104	0
3	104	0
4	104	10
1	105	0
2	105	3
3	105	0
4	105	0
1	106	0
2	106	0
3	106	0
4	106	3
1	107	0
2	107	4
3	107	0
4	107	0
1	108	0
2	108	9
3	108	0
4	108	0
1	109	0
2	109	0
3	109	3
4	109	0
1	110	0
2	110	5
3	110	0
4	110	0
1	111	0
2	111	0
3	111	1
4	111	0
1	112	7
2	112	0
3	112	0
4	112	0
1	113	0
2	113	8
3	113	0
4	113	0
1	114	7
2	114	0
3	114	0
4	114	0
1	115	7
2	115	0
3	115	0
4	115	0
1	116	4
2	116	0
3	116	0
4	116	0
1	117	0
2	117	0
3	117	0
4	117	10
1	118	0
2	118	1
3	118	0
4	118	0
1	119	0
2	119	0
3	119	0
4	119	2
1	120	0
2	120	0
3	120	10
4	120	0
1	121	0
2	121	0
3	121	6
4	121	0
1	122	0
2	122	0
3	122	0
4	122	0