1	1	0
2	1	0
3	1	0
4	1	0
1	2	10
2	2	7
3	2	3
4	2	4
1	3	7
2	3	10
3	3	10
4	3	5
1	4	8
2	4	5
3	4	9
4	4	3
1	5	9
2	5	9
3	5	1
4	5	7
1	6	2
2	6	6
3	6	2
4	6	1
1	7	10
2	7	8
3	7	7
4	7	3
1	8	6
2	8	10
3	8	8
4	8	8
1	9	1
2	9	1
3	9	3
4	9	8
1	10	2
2	10	3
3	10	5
4	10	8
1	11	4
2	11	3
3	11	6
4	11	1
1	12	2
2	12	5
3	12	1
4	12	2
1	13	9
2	13	4
3	13	5
4	13	6
1	14	4
2	14	10
3	14	2
4	14	6
1	15	1
2	15	5
3	15	5
4	15	8
1	16	1
2	16	8
3	16	9
4	16	8
1	17	5
2	17	2
3	17	4
4	17	8
1	18	2
2	18	1
3	18	3
4	18	4
1	19	3
2	19	4
3	19	7
4	19	2
1	20	8
2	20	10
3	20	10
4	20	4
1	21	4
2	21	1
3	21	7
4	21	1
1	22	3
2	22	9
3	22	5
4	22	1
1	23	8
2	23	7
3	23	1
4	23	10
1	24	8
2	24	2
3	24	8
4	24	2
1	25	6
2	25	1
3	25	5
4	25	3
1	26	2
2	26	9
3	26	5
4	26	9
1	27	3
2	27	4
3	27	2
4	27	4
1	28	6
2	28	7
3	28	6
4	28	3
1	29	6
2	29	8
3	29	10
4	29	7
1	30	6
2	30	7
3	30	3
4	30	2
1	31	10
2	31	7
3	31	8
4	31	7
1	32	2
2	32	5
3	32	1
4	32	4
1	33	9
2	33	1
3	33	6
4	33	5
1	34	10
2	34	7
3	34	8
4	34	7
1	35	9
2	35	8
3	35	6
4	35	9
1	36	2
2	36	4
3	36	5
4	36	6
1	37	3
2	37	4
3	37	1
4	37	2
1	38	8
2	38	6
3	38	8
4	38	1
1	39	5
2	39	3
3	39	2
4	39	6
1	40	5
2	40	10
3	40	4
4	40	9
1	41	1
2	41	9
3	41	3
4	41	7
1	42	2
2	42	1
3	42	6
4	42	8
1	43	3
2	43	1
3	43	9
4	43	1
1	44	1
2	44	3
3	44	9
4	44	4
1	45	2
2	45	3
3	45	1
4	45	7
1	46	8
2	46	4
3	46	3
4	46	3
1	47	4
2	47	7
3	47	9
4	47	5
1	48	3
2	48	6
3	48	5
4	48	2
1	49	9
2	49	5
3	49	7
4	49	2
1	50	9
2	50	9
3	50	4
4	50	6
1	51	10
2	51	2
3	51	10
4	51	3
1	52	10
2	52	5
3	52	8
4	52	9
1	53	8
2	53	4
3	53	9
4	53	8
1	54	4
2	54	5
3	54	8
4	54	10
1	55	9
2	55	8
3	55	2
4	55	3
1	56	4
2	56	8
3	56	10
4	56	7
1	57	3
2	57	6
3	57	5
4	57	3
1	58	7
2	58	3
3	58	2
4	58	5
1	59	3
2	59	8
3	59	5
4	59	10
1	60	2
2	60	2
3	60	5
4	60	5
1	61	4
2	61	6
3	61	8
4	61	5
1	62	5
2	62	9
3	62	2
4	62	8
1	63	9
2	63	6
3	63	7
4	63	7
1	64	9
2	64	9
3	64	10
4	64	10
1	65	4
2	65	10
3	65	6
4	65	6
1	66	3
2	66	4
3	66	5
4	66	7
1	67	2
2	67	3
3	67	10
4	67	10
1	68	3
2	68	7
3	68	9
4	68	1
1	69	5
2	69	8
3	69	5
4	69	4
1	70	1
2	70	1
3	70	9
4	70	9
1	71	8
2	71	1
3	71	8
4	71	1
1	72	3
2	72	3
3	72	9
4	72	6
1	73	4
2	73	5
3	73	9
4	73	2
1	74	2
2	74	2
3	74	4
4	74	2
1	75	7
2	75	1
3	75	6
4	75	3
1	76	10
2	76	8
3	76	10
4	76	1
1	77	2
2	77	4
3	77	1
4	77	9
1	78	1
2	78	10
3	78	2
4	78	9
1	79	9
2	79	2
3	79	2
4	79	3
1	80	8
2	80	8
3	80	8
4	80	2
1	81	10
2	81	4
3	81	1
4	81	8
1	82	2
2	82	7
3	82	1
4	82	2
1	83	6
2	83	1
3	83	6
4	83	9
1	84	2
2	84	6
3	84	1
4	84	5
1	85	6
2	85	9
3	85	1
4	85	9
1	86	5
2	86	4
3	86	2
4	86	9
1	87	5
2	87	6
3	87	10
4	87	8
1	88	9
2	88	2
3	88	7
4	88	5
1	89	8
2	89	6
3	89	7
4	89	6
1	90	4
2	90	10
3	90	6
4	90	9
1	91	3
2	91	5
3	91	5
4	91	6
1	92	8
2	92	6
3	92	4
4	92	9
1	93	9
2	93	7
3	93	9
4	93	7
1	94	1
2	94	10
3	94	4
4	94	3
1	95	10
2	95	6
3	95	7
4	95	5
1	96	5
2	96	9
3	96	7
4	96	9
1	97	7
2	97	2
3	97	4
4	97	7
1	98	8
2	98	6
3	98	3
4	98	5
1	99	6
2	99	5
3	99	5
4	99	5
1	100	2
2	100	8
3	100	1
4	100	1
1	101	3
2	101	9
3	101	7
4	101	8
1	102	3
2	102	1
3	102	5
4	102	10
1	103	9
2	103	1
3	103	10
4	103	2
1	104	7
2	104	2
3	104	2
4	104	8
1	105	10
2	105	3
3	105	5
4	105	4
1	106	2
2	106	6
3	106	9
4	106	8
1	107	8
2	107	2
3	107	5
4	107	1
1	108	10
2	108	3
3	108	9
4	108	7
1	109	7
2	109	6
3	109	6
4	109	9
1	110	6
2	110	6
3	110	7
4	110	9
1	111	7
2	111	10
3	111	8
4	111	8
1	112	5
2	112	1
3	112	6
4	112	7
1	113	10
2	113	10
3	113	2
4	113	10
1	114	4
2	114	9
3	114	8
4	114	6
1	115	3
2	115	10
3	115	1
4	115	8
1	116	4
2	116	1
3	116	7
4	116	2
1	117	3
2	117	5
3	117	7
4	117	6
1	118	7
2	118	2
3	118	8
4	118	5
1	119	10
2	119	9
3	119	3
4	119	8
1	120	9
2	120	8
3	120	3
4	120	1
1	121	2
2	121	3
3	121	8
4	121	6
1	122	0
2	122	0
3	122	0
4	122	0