1	1	0
2	1	0
3	1	0
4	1	0
1	2	3
2	2	0
3	2	0
4	2	0
1	3	0
2	3	3
3	3	0
4	3	0
1	4	2
2	4	0
3	4	0
4	4	0
1	5	0
2	5	7
3	5	0
4	5	0
1	6	0
2	6	0
3	6	0
4	6	2
1	7	0
2	7	10
3	7	0
4	7	0
1	8	0
2	8	0
3	8	0
4	8	9
1	9	0
2	9	0
3	9	3
4	9	0
1	10	0
2	10	0
3	10	7
4	10	0
1	11	0
2	11	0
3	11	10
4	11	0
1	12	0
2	12	0
3	12	9
4	12	0
1	13	0
2	13	0
3	13	1
4	13	0
1	14	0
2	14	6
3	14	0
4	14	0
1	15	0
2	15	0
3	15	0
4	15	5
1	16	0
2	16	10
3	16	0
4	16	0
1	17	0
2	17	0
3	17	1
4	17	0
1	18	0
2	18	0
3	18	10
4	18	0
1	19	0
2	19	5
3	19	0
4	19	0
1	20	0
2	20	0
3	20	6
4	20	0
1	21	9
2	21	0
3	21	0
4	21	0
1	22	0
2	22	1
3	22	0
4	22	0
1	23	7
2	23	0
3	23	0
4	23	0
1	24	0
2	24	10
3	24	0
4	24	0
1	25	5
2	25	0
3	25	0
4	25	0
1	26	0
2	26	0
3	26	4
4	26	0
1	27	0
2	27	0
3	27	0
4	27	6
1	28	0
2	28	0
3	28	0
4	28	7
1	29	8
2	29	0
3	29	0
4	29	0
1	30	0
2	30	0
3	30	9
4	30	0
1	31	0
2	31	0
3	31	3
4	31	0
1	32	9
2	32	0
3	32	0
4	32	0
1	33	0
2	33	0
3	33	0
4	33	3
1	34	0
2	34	0
3	34	10
4	34	0
1	35	0
2	35	0
3	35	0
4	35	7
1	36	0
2	36	1
3	36	0
4	36	0
1	37	3
2	37	0
3	37	0
4	37	0
1	38	0
2	38	7
3	38	0
4	38	0
1	39	0
2	39	0
3	39	0
4	39	10
1	40	8
2	40	0
3	40	0
4	40	0
1	41	7
2	41	0
3	41	0
4	41	0
1	42	0
2	42	3
3	42	0
4	42	0
1	43	0
2	43	0
3	43	6
4	43	0
1	44	0
2	44	0
3	44	0
4	44	10
1	45	0
2	45	0
3	45	10
4	45	0
1	46	0
2	46	4
3	46	0
4	46	0
1	47	0
2	47	0
3	47	4
4	47	0
1	48	0
2	48	7
3	48	0
4	48	0
1	49	0
2	49	0
3	49	10
4	49	0
1	50	5
2	50	0
3	50	0
4	50	0
1	51	0
2	51	8
3	51	0
4	51	0
1	52	0
2	52	8
3	52	0
4	52	0
1	53	0
2	53	0
3	53	10
4	53	0
1	54	6
2	54	0
3	54	0
4	54	0
1	55	0
2	55	0
3	55	3
4	55	0
1	56	0
2	56	0
3	56	7
4	56	0
1	57	3
2	57	0
3	57	0
4	57	0
1	58	5
2	58	0
3	58	0
4	58	0
1	59	0
2	59	0
3	59	0
4	59	3
1	60	0
2	60	0
3	60	6
4	60	0
1	61	0
2	61	0
3	61	10
4	61	0
1	62	5
2	62	0
3	62	0
4	62	0
1	63	0
2	63	0
3	63	4
4	63	0
1	64	0
2	64	0
3	64	0
4	64	2
1	65	0
2	65	9
3	65	0
4	65	0
1	66	0
2	66	0
3	66	0
4	66	2
1	67	7
2	67	0
3	67	0
4	67	0
1	68	0
2	68	0
3	68	5
4	68	0
1	69	5
2	69	0
3	69	0
4	69	0
1	70	6
2	70	0
3	70	0
4	70	0
1	71	0
2	71	0
3	71	0
4	71	3
1	72	0
2	72	0
3	72	0
4	72	4
1	73	0
2	73	0
3	73	0
4	73	6
1	74	0
2	74	0
3	74	4
4	74	0
1	75	0
2	75	0
3	75	0
4	75	4
1	76	0
2	76	0
3	76	0
4	76	2
1	77	0
2	77	2
3	77	0
4	77	0
1	78	0
2	78	0
3	78	1
4	78	0
1	79	0
2	79	0
3	79	0
4	79	10
1	80	8
2	80	0
3	80	0
4	80	0
1	81	0
2	81	9
3	81	0
4	81	0
1	82	0
2	82	0
3	82	0
4	82	5
1	83	0
2	83	0
3	83	0
4	83	3
1	84	0
2	84	0
3	84	8
4	84	0
1	85	3
2	85	0
3	85	0
4	85	0
1	86	0
2	86	0
3	86	0
4	86	8
1	87	0
2	87	6
3	87	0
4	87	0
1	88	0
2	88	10
3	88	0
4	88	0
1	89	0
2	89	3
3	89	0
4	89	0
1	90	3
2	90	0
3	90	0
4	90	0
1	91	0
2	91	2
3	91	0
4	91	0
1	92	9
2	92	0
3	92	0
4	92	0
1	93	0
2	93	0
3	93	0
4	93	3
1	94	0
2	94	0
3	94	0
4	94	9
1	95	10
2	95	0
3	95	0
4	95	0
1	96	0
2	96	4
3	96	0
4	96	0
1	97	0
2	97	2
3	97	0
4	97	0
1	98	0
2	98	0
3	98	7
4	98	0
1	99	3
2	99	0
3	99	0
4	99	0
1	100	3
2	100	0
3	100	0
4	100	0
1	101	7
2	101	0
3	101	0
4	101	0
1	102	0
2	102	0
3	102	0
4	102	6
1	103	0
2	103	5
3	103	0
4	103	0
1	104	0
2	104	0
3	104	8
4	104	0
1	105	0
2	105	0
3	105	7
4	105	0
1	106	0
2	106	0
3	106	0
4	106	2
1	107	0
2	107	4
3	107	0
4	107	0
1	108	0
2	108	0
3	108	0
4	108	7
1	109	7
2	109	0
3	109	0
4	109	0
1	110	0
2	110	5
3	110	0
4	110	0
1	111	0
2	111	0
3	111	8
4	111	0
1	112	0
2	112	0
3	112	0
4	112	1
1	113	0
2	113	0
3	113	6
4	113	0
1	114	0
2	114	0
3	114	0
4	114	5
1	115	0
2	115	0
3	115	0
4	115	1
1	116	0
2	116	10
3	116	0
4	116	0
1	117	0
2	117	0
3	117	4
4	117	0
1	118	0
2	118	0
3	118	0
4	118	6
1	119	0
2	119	0
3	119	0
4	119	6
1	120	0
2	120	6
3	120	0
4	120	0
1	121	0
2	121	0
3	121	0
4	121	3
1	122	0
2	122	0
3	122	0
4	122	0