1	1	0
2	1	0
3	1	0
4	1	0
1	2	0
2	2	0
3	2	8
4	2	0
1	3	0
2	3	0
3	3	0
4	3	10
1	4	0
2	4	3
3	4	0
4	4	0
1	5	0
2	5	0
3	5	6
4	5	0
1	6	9
2	6	0
3	6	0
4	6	0
1	7	0
2	7	0
3	7	0
4	7	6
1	8	1
2	8	0
3	8	0
4	8	0
1	9	0
2	9	5
3	9	0
4	9	0
1	10	0
2	10	9
3	10	0
4	10	0
1	11	7
2	11	0
3	11	0
4	11	0
1	12	1
2	12	0
3	12	0
4	12	0
1	13	0
2	13	0
3	13	2
4	13	0
1	14	0
2	14	0
3	14	3
4	14	0
1	15	2
2	15	0
3	15	0
4	15	0
1	16	0
2	16	2
3	16	0
4	16	0
1	17	0
2	17	0
3	17	0
4	17	1
1	18	0
2	18	0
3	18	3
4	18	0
1	19	6
2	19	0
3	19	0
4	19	0
1	20	0
2	20	0
3	20	1
4	20	0
1	21	0
2	21	0
3	21	7
4	21	0
1	22	0
2	22	0
3	22	0
4	22	8
1	23	1
2	23	0
3	23	0
4	23	0
1	24	6
2	24	0
3	24	0
4	24	0
1	25	0
2	25	0
3	25	1
4	25	0
1	26	0
2	26	9
3	26	0
4	26	0
1	27	0
2	27	7
3	27	0
4	27	0
1	28	0
2	28	0
3	28	0
4	28	10
1	29	0
2	29	7
3	29	0
4	29	0
1	30	0
2	30	0
3	30	10
4	30	0
1	31	0
2	31	0
3	31	0
4	31	3
1	32	2
2	32	0
3	32	0
4	32	0
1	33	6
2	33	0
3	33	0
4	33	0
1	34	0
2	34	0
3	34	0
4	34	9
1	35	7
2	35	0
3	35	0
4	35	0
1	36	8
2	36	0
3	36	0
4	36	0
1	37	0
2	37	0
3	37	4
4	37	0
1	38	0
2	38	0
3	38	0
4	38	10
1	39	4
2	39	0
3	39	0
4	39	0
1	40	8
2	40	0
3	40	0
4	40	0
1	41	0
2	41	0
3	41	8
4	41	0
1	42	4
2	42	0
3	42	0
4	42	0
1	43	0
2	43	0
3	43	5
4	43	0
1	44	0
2	44	0
3	44	0
4	44	5
1	45	4
2	45	0
3	45	0
4	45	0
1	46	0
2	46	0
3	46	6
4	46	0
1	47	0
2	47	9
3	47	0
4	47	0
1	48	9
2	48	0
3	48	0
4	48	0
1	49	0
2	49	8
3	49	0
4	49	0
1	50	0
2	50	0
3	50	0
4	50	3
1	51	0
2	51	7
3	51	0
4	51	0
1	52	4
2	52	0
3	52	0
4	52	0
1	53	9
2	53	0
3	53	0
4	53	0
1	54	0
2	54	0
3	54	0
4	54	5
1	55	4
2	55	0
3	55	0
4	55	0
1	56	0
2	56	2
3	56	0
4	56	0
1	57	0
2	57	1
3	57	0
4	57	0
1	58	0
2	58	0
3	58	3
4	58	0
1	59	0
2	59	0
3	59	0
4	59	3
1	60	0
2	60	10
3	60	0
4	60	0
1	61	0
2	61	0
3	61	3
4	61	0
1	62	0
2	62	0
3	62	4
4	62	0
1	63	0
2	63	0
3	63	6
4	63	0
1	64	0
2	64	0
3	64	4
4	64	0
1	65	0
2	65	0
3	65	10
4	65	0
1	66	9
2	66	0
3	66	0
4	66	0
1	67	0
2	67	0
3	67	0
4	67	8
1	68	0
2	68	0
3	68	1
4	68	0
1	69	0
2	69	0
3	69	0
4	69	6
1	70	0
2	70	0
3	70	1
4	70	0
1	71	4
2	71	0
3	71	0
4	71	0
1	72	0
2	72	0
3	72	10
4	72	0
1	73	0
2	73	0
3	73	1
4	73	0
1	74	0
2	74	3
3	74	0
4	74	0
1	75	0
2	75	5
3	75	0
4	75	0
1	76	9
2	76	0
3	76	0
4	76	0
1	77	0
2	77	0
3	77	0
4	77	7
1	78	0
2	78	9
3	78	0
4	78	0
1	79	0
2	79	3
3	79	0
4	79	0
1	80	10
2	80	0
3	80	0
4	80	0
1	81	0
2	81	0
3	81	0
4	81	9
1	82	10
2	82	0
3	82	0
4	82	0
1	83	0
2	83	1
3	83	0
4	83	0
1	84	8
2	84	0
3	84	0
4	84	0
1	85	0
2	85	0
3	85	10
4	85	0
1	86	4
2	86	0
3	86	0
4	86	0
1	87	7
2	87	0
3	87	0
4	87	0
1	88	0
2	88	0
3	88	0
4	88	5
1	89	5
2	89	0
3	89	0
4	89	0
1	90	0
2	90	0
3	90	5
4	90	0
1	91	0
2	91	0
3	91	0
4	91	10
1	92	0
2	92	0
3	92	0
4	92	5
1	93	0
2	93	0
3	93	2
4	93	0
1	94	0
2	94	0
3	94	5
4	94	0
1	95	0
2	95	2
3	95	0
4	95	0
1	96	0
2	96	0
3	96	7
4	96	0
1	97	0
2	97	0
3	97	0
4	97	4
1	98	0
2	98	0
3	98	8
4	98	0
1	99	6
2	99	0
3	99	0
4	99	0
1	100	0
2	100	0
3	100	6
4	100	0
1	101	0
2	101	0
3	101	4
4	101	0
1	102	0
2	102	3
3	102	0
4	102	0
1	103	0
2	103	0
3	103	5
4	103	0
1	104	1
2	104	0
3	104	0
4	104	0
1	105	0
2	105	0
3	105	0
4	105	1
1	106	0
2	106	4
3	106	0
4	106	0
1	107	1
2	107	0
3	107	0
4	107	0
1	108	0
2	108	0
3	108	4
4	108	0
1	109	1
2	109	0
3	109	0
4	109	0
1	110	8
2	110	0
3	110	0
4	110	0
1	111	0
2	111	0
3	111	7
4	111	0
1	112	0
2	112	6
3	112	0
4	112	0
1	113	0
2	113	5
3	113	0
4	113	0
1	114	0
2	114	0
3	114	0
4	114	3
1	115	9
2	115	0
3	115	0
4	115	0
1	116	0
2	116	0
3	116	1
4	116	0
1	117	8
2	117	0
3	117	0
4	117	0
1	118	2
2	118	0
3	118	0
4	118	0
1	119	0
2	119	0
3	119	8
4	119	0
1	120	0
2	120	0
3	120	0
4	120	4
1	121	0
2	121	9
3	121	0
4	121	0
1	122	0
2	122	0
3	122	0
4	122	0