 1             2 
 1             3 
 1             4 
 2             7 
 2             8 
 2             18 
 3             5 
 3             6 
 3             12 
 4             10 
 4             19 
 4             71 
 5             9 
 5             11 
 5             13 
 6             22 
 6             34 
 6             85 
 7             24 
 7             44 
 7             52 
 8             17 
 8             61 
 9             14 
 9             20 
 9             29 
 10            15 
 10            59 
 10            111 
 11            33 
 11            54 
 12            58 
 13            21 
 13            46 
 13            48 
 14            16 
 14            39 
 14            55 
 15            51 
 15            79 
 15            82 
 16            28 
 16            35 
 16            74 
 17            33 
 17            42 
 17            74 
 18            31 
 18            36 
 18            43 
 19            23 
 19            54 
 19            75 
 20            28 
 20            50 
 20            60 
 21            25 
 21            27 
 21            85 
 22            30 
 22            32 
 22            38 
 23            57 
 23            69 
 23            117 
 24            41 
 24            57 
 24            106 
 25            26 
 25            37 
 25            53 
 26            63 
 26            69 
 26            97 
 27            76 
 27            77 
 28            68 
 28            99 
 28            114 
 29            35 
 29            40 
 29            62 
 30            45 
 30            59 
 30            83 
 31            60 
 31            65 
 31            70 
 32            44 
 32            52 
 32            112 
 33            49 
 33            68 
 33            101 
 34            47 
 34            72 
 35            48 
 35            75 
 36            45 
 36            47 
 36            82 
 37            39 
 37            74 
 38            48 
 38            62 
 39            63 
 39            109 
 40            67 
 40            77 
 40            120 
 41            84 
 42            46 
 42            87 
 42            102 
 43            76 
 43            83 
 43            90 
 44            64 
 44            81 
 44            117 
 45            53 
 45            55 
 45            79 
 46            55 
 46            67 
 46            109 
 47            56 
 47            61 
 47            66 
 48            78 
 48            88 
 48            103 
 49            107 
 50            80 
 51            52 
 51            73 
 52            67 
 52            118 
 53            62 
 53            87 
 53            88 
 54            60 
 54            73 
 54            76 
 55            56 
 55            71 
 56            73 
 56            95 
 56            96 
 57            85 
 57            97 
 58            65 
 58            104 
 59            64 
 59            92 
 60            78 
 60            95 
 61            64 
 61            80 
 61            92 
 62            68 
 62            70 
 62            92 
 63            71 
 63            84 
 63            104 
 64            90 
 64            91 
 64            121 
 65            86 
 66            78 
 66            103 
 66            105 
 67            100 
 68            89 
 68            102 
 68            109 
 69            91 
 69            95 
 69            96 
 70            80 
 70            107 
 70            119 
 71            75 
 72            79 
 72            84 
 73            77 
 73            81 
 73            116 
 74            82 
 74            86 
 74            98 
 75            114 
 76            89 
 76            91 
 76            98 
 77            93 
 78            83 
 78            86 
 78            106 
 79            81 
 79            106 
 80            108 
 81            100 
 82            88 
 82            90 
 82            105 
 83            94 
 84            87 
 84            116 
 85            89 
 85            94 
 86            93 
 86            96 
 86            99 
 87            108 
 88            93 
 88            97 
 89            103 
 90            100 
 91            99 
 91            101 
 92            102 
 93            94 
 94            101 
 94            112 
 95            98 
 95            107 
 96            108 
 97            121 
 98            110 
 99            116 
 100           113 
 101           113 
 102           104 
 102           105 
 103           110 
 104           117 
 105           113 
 106           115 
 107           111 
 107           114 
 108           110 
 108           112 
 109           115 
 110           111 
 111           118 
 112           121 
 113           115 
 114           118 
 115           119 
 116           119 
 117           120 
 118           120 
 119           122 
 120           122 
 121           122 