 1             2 
 1             3 
 1             4 
 2             6 
 2             15 
 2             45 
 3             5 
 3             8 
 3             17 
 4             7 
 4             9 
 4             11 
 5             18 
 5             48 
 5             52 
 6             23 
 6             33 
 6             63 
 7             12 
 7             27 
 7             29 
 8             10 
 9             30 
 9             32 
 9             49 
 10            13 
 10            14 
 10            22 
 11            20 
 11            21 
 11            46 
 12            19 
 12            34 
 12            38 
 13            50 
 13            102 
 14            33 
 14            49 
 14            55 
 15            16 
 15            39 
 15            44 
 16            24 
 16            28 
 16            64 
 17            33 
 17            46 
 17            60 
 18            25 
 18            30 
 18            67 
 19            50 
 19            58 
 20            26 
 20            35 
 20            79 
 21            47 
 21            68 
 21            77 
 22            31 
 22            40 
 22            85 
 23            32 
 23            41 
 23            51 
 24            32 
 24            56 
 25            37 
 25            46 
 25            95 
 26            42 
 26            43 
 26            69 
 27            31 
 27            49 
 27            65 
 28            54 
 28            73 
 28            74 
 29            38 
 29            76 
 29            82 
 30            45 
 30            61 
 30            90 
 31            63 
 31            93 
 31            108 
 32            55 
 32            81 
 33            66 
 33            70 
 33            81 
 34            36 
 34            52 
 34            53 
 35            51 
 36            64 
 36            96 
 36            99 
 37            69 
 37            71 
 37            110 
 38            67 
 38            79 
 38            88 
 39            48 
 39            106 
 40            66 
 41            103 
 42            68 
 42            80 
 42            116 
 43            44 
 43            47 
 43            63 
 44            105 
 44            109 
 44            115 
 45            81 
 46            59 
 47            80 
 47            82 
 48            72 
 48            78 
 48            84 
 49            51 
 49            91 
 50            75 
 51            58 
 51            61 
 51            98 
 52            57 
 52            62 
 52            70 
 53            70 
 53            71 
 54            67 
 55            58 
 55            61 
 55            76 
 56            66 
 56            89 
 56            97 
 57            59 
 57            64 
 57            114 
 58            73 
 58            107 
 59            85 
 60            79 
 60            114 
 61            83 
 61            87 
 61            88 
 62            68 
 62            75 
 62            101 
 63            78 
 63            100 
 63            101 
 64            86 
 64            104 
 64            112 
 65            71 
 65            77 
 65            85 
 66            107 
 67            86 
 68            97 
 69            83 
 70            75 
 70            83 
 70            104 
 71            94 
 71            99 
 71            103 
 72            91 
 72            94 
 72            96 
 73            84 
 73            95 
 73            97 
 74            76 
 74            78 
 74            82 
 75            87 
 75            108 
 76            91 
 76            121 
 77            80 
 77            90 
 77            100 
 78            94 
 78            111 
 79            89 
 79            92 
 80            84 
 80            88 
 80            120 
 81            95 
 82            90 
 82            92 
 83            105 
 84            93 
 84            118 
 85            86 
 85            89 
 85            92 
 86            87 
 86            111 
 87            93 
 88            110 
 89            98 
 90            98 
 91            99 
 91            110 
 92            96 
 92            101 
 93            113 
 93            117 
 94            104 
 94            113 
 95            106 
 96            100 
 97            106 
 98            102 
 98            107 
 98            111 
 99            105 
 100           118 
 101           102 
 101           115 
 101           121 
 102           103 
 103           112 
 103           117 
 104           116 
 105           112 
 106           108 
 106           109 
 107           109 
 107           121 
 108           114 
 109           113 
 110           118 
 111           117 
 112           116 
 113           119 
 114           115 
 115           120 
 116           120 
 117           119 
 118           119 
 119           122 
 120           122 
 121           122 