72
92
64
85
87
70
90
93
70
89
96
114
75
70
100
67
92
82
79
80
81
84
71
104
75
68
87
86
61
65
93
89
67
92
88
78
80
69
79
68
73
90
82
95
107
82
105
93
104
94
82
86
75
80
71
98
71
67
68
94
88
77
80
86
79
90
90
60
83
98
96
78
70
77
63
70
77
68
97
88
98
119
97
117
125
110
102
109
105
102
77
95
112
94
78
92
83
81
88
75
86
99
69
64
81
78
95
82
81
81
71
71
93
73
83
81
77
83
77
86
127
118
104
108
108
116
115
112
116
112
89
79
94
88
84
76
86
80
112
85
76
71
82
92
93
61
82
82
83
78
85
71
73
69
71
74
65
71
66
71
90
94
88
94
113
94
80
113
93
85
101
94
83
98
90
83
73
92
79
94
98
83
89
77
66
136
66
91
121
85
85
76
86
86
88
83
82
85
76
89
101
106
110
101
99
95
99
100
108
101
108
85
83
96
96
71
90
97
101
75
90
84
116
85
95
87
77
92
126
87
84
92
69
81
85
79
87
88
80
89
114
120
111
127
109
112
120
129
97
118
90
85
80
96
82
108
82
82
87
92
96
81
91
79
99
87
73
72
84
97
80
76
86
78
88
102
97
110
120
68
125
120
135
138
114
116
158
145
118
117
102
76
102
104
83
90
84
82
90
90
79
69
106
79
79
80
97
83
72
99
78
78
89
104
93
86
87
79
95
91
94
112
108
91
109
88
105
107
93
114
83
89
82
81
81
89
92
81
109
101
98
92
96
86
103
72
78
85
76
82
97
114
84
79
98
99
89
84
102
109
99
103
123
111
110
117
112
106
115
111
84
78
88
89
84
88
85
91
95
108
106
119
83
81
85
102
85
81
79
100
95
91
77
106
92
86
87
79
98
86
128
151
146
140
115
123
143
147
109
141
106
97
94
102
105
89
83
105
82
86
99
91
102
94
98
114
88
100
88
92
100
92
110
89
84
96
93
99
96
86
142
136
143
125
162
162
127
149
144
154
103
98
112
90
91
83
89
93
85
114
82
90
102
93
93
98
94
98
86
65
83
89
86
91
75
114
103
74
89
93