 1             2 
 1             3 
 1             4 
 2             6 
 2             12 
 2             14 
 3             7 
 3             8 
 3             76 
 4             5 
 4             8 
 4             9 
 5             20 
 5             25 
 5             28 
 6             39 
 6             41 
 6             44 
 7             16 
 7             31 
 7             38 
 8             10 
 8             23 
 8             72 
 9             11 
 9             19 
 9             42 
 10            22 
 10            33 
 10            41 
 11            13 
 11            23 
 11            35 
 12            15 
 12            17 
 12            24 
 13            29 
 13            38 
 13            56 
 14            34 
 14            47 
 14            60 
 15            18 
 15            21 
 15            26 
 16            34 
 16            36 
 16            63 
 17            27 
 17            62 
 17            67 
 18            30 
 18            32 
 18            48 
 19            37 
 19            68 
 19            69 
 20            66 
 21            30 
 21            50 
 22            25 
 22            29 
 22            59 
 23            36 
 23            39 
 23            55 
 24            40 
 24            53 
 24            86 
 25            30 
 25            54 
 25            77 
 26            46 
 26            59 
 26            79 
 27            40 
 27            48 
 28            36 
 28            45 
 28            89 
 29            48 
 29            61 
 30            52 
 30            53 
 30            70 
 31            40 
 31            59 
 32            37 
 32            47 
 32            85 
 33            58 
 34            88 
 35            43 
 35            63 
 35            68 
 36            44 
 36            60 
 36            65 
 37            41 
 37            44 
 37            45 
 38            39 
 38            49 
 38            67 
 39            52 
 39            54 
 40            43 
 40            51 
 40            54 
 41            56 
 41            61 
 42            43 
 42            57 
 42            84 
 43            47 
 43            64 
 43            70 
 44            49 
 44            74 
 45            56 
 45            77 
 45            78 
 46            49 
 46            84 
 47            72 
 47            74 
 48            65 
 48            73 
 48            80 
 49            83 
 50            53 
 50            67 
 50            89 
 51            68 
 51            71 
 51            72 
 52            60 
 52            64 
 52            71 
 53            62 
 54            69 
 54            73 
 55            57 
 55            58 
 56            80 
 57            61 
 57            62 
 57            63 
 58            64 
 58            65 
 59            86 
 60            66 
 60            78 
 60            90 
 61            70 
 62            81 
 63            85 
 64            69 
 64            75 
 64            87 
 65            66 
 65            83 
 66            74 
 67            84 
 68            80 
 68            82 
 69            82 
 70            71 
 70            73 
 71            81 
 72            75 
 72            81 
 73            75 
 74            88 
 75            78 
 75            89 
 76            77 
 77            79 
 77            86 
 78            79 
 79            82 
 80            83 
 81            87 
 82            91 
 83            90 
 84            85 
 84            88 
 85            90 
 86            87 
 87            91 
 88            91 
 89            92 
 90            92 
 91            92 