 1             1             0 
 2             1             0 
 3             1             0 
 4             1             0 
 1             2             1 
 2             2             0 
 3             2             1 
 4             2             1 
 1             3             7 
 2             3             0 
 3             3             3 
 4             3             4 
 1             4             3 
 2             4             1 
 3             4             0 
 4             4             3 
 1             5             0 
 2             5             4 
 3             5             3 
 4             5             2 
 1             6             0 
 2             6             2 
 3             6             7 
 4             6             6 
 1             7             3 
 2             7             3 
 3             7             0 
 4             7             3 
 1             8             5 
 2             8             0 
 3             8             2 
 4             8             4 
 1             9             8 
 2             9             4 
 3             9             0 
 4             9             4 
 1             10            4 
 2             10            5 
 3             10            2 
 4             10            0 
 1             11            4 
 2             11            9 
 3             11            5 
 4             11            0 
 1             12            6 
 2             12            0 
 3             12            5 
 4             12            7 
 1             13            0 
 2             13            3 
 3             13            5 
 4             13            2 
 1             14            5 
 2             14            5 
 3             14            0 
 4             14            6 
 1             15            3 
 2             15            6 
 3             15            5 
 4             15            0 
 1             16            3 
 2             16            0 
 3             16            6 
 4             16            3 
 1             17            6 
 2             17            2 
 3             17            4 
 4             17            0 
 1             18            2 
 2             18            5 
 3             18            2 
 4             18            0 
 1             19            5 
 2             19            5 
 3             19            0 
 4             19            1 
 1             20            2 
 2             20            5 
 3             20            5 
 4             20            0 
 1             21            6 
 2             21            4 
 3             21            0 
 4             21            3 
 1             22            1 
 2             22            4 
 3             22            0 
 4             22            4 
 1             23            1 
 2             23            4 
 3             23            3 
 4             23            0 
 1             24            5 
 2             24            0 
 3             24            5 
 4             24            2 
 1             25            4 
 2             25            5 
 3             25            0 
 4             25            6 
 1             26            5 
 2             26            1 
 3             26            7 
 4             26            0 
 1             27            3 
 2             27            4 
 3             27            0 
 4             27            6 
 1             28            6 
 2             28            2 
 3             28            0 
 4             28            6 
 1             29            1 
 2             29            0 
 3             29            3 
 4             29            7 
 1             30            8 
 2             30            7 
 3             30            0 
 4             30            4 
 1             31            1 
 2             31            2 
 3             31            3 
 4             31            0 
 1             32            0 
 2             32            0 
 3             32            0 
 4             32            0 
