 1             1             0 
 2             1             0 
 3             1             0 
 4             1             0 
 1             2             1 
 2             2             0 
 3             2             1 
 4             2             1 
 1             3             0 
 2             3             1 
 3             3             4 
 4             3             4 
 1             4             0 
 2             4             4 
 3             4             4 
 4             4             6 
 1             5             0 
 2             5             4 
 3             5             4 
 4             5             5 
 1             6             5 
 2             6             4 
 3             6             3 
 4             6             0 
 1             7             0 
 2             7             7 
 3             7             5 
 4             7             3 
 1             8             5 
 2             8             3 
 3             8             0 
 4             8             4 
 1             9             6 
 2             9             8 
 3             9             0 
 4             9             4 
 1             10            0 
 2             10            4 
 3             10            4 
 4             10            4 
 1             11            6 
 2             11            4 
 3             11            2 
 4             11            0 
 1             12            5 
 2             12            0 
 3             12            3 
 4             12            2 
 1             13            4 
 2             13            0 
 3             13            6 
 4             13            4 
 1             14            0 
 2             14            3 
 3             14            6 
 4             14            5 
 1             15            0 
 2             15            4 
 3             15            4 
 4             15            6 
 1             16            3 
 2             16            5 
 3             16            5 
 4             16            0 
 1             17            2 
 2             17            0 
 3             17            5 
 4             17            3 
 1             18            0 
 2             18            3 
 3             18            4 
 4             18            5 
 1             19            6 
 2             19            5 
 3             19            0 
 4             19            5 
 1             20            5 
 2             20            3 
 3             20            0 
 4             20            6 
 1             21            0 
 2             21            3 
 3             21            4 
 4             21            3 
 1             22            5 
 2             22            0 
 3             22            5 
 4             22            4 
 1             23            3 
 2             23            1 
 3             23            0 
 4             23            5 
 1             24            3 
 2             24            0 
 3             24            3 
 4             24            5 
 1             25            2 
 2             25            7 
 3             25            6 
 4             25            0 
 1             26            4 
 2             26            3 
 3             26            0 
 4             26            2 
 1             27            0 
 2             27            4 
 3             27            3 
 4             27            3 
 1             28            5 
 2             28            3 
 3             28            5 
 4             28            0 
 1             29            2 
 2             29            0 
 3             29            3 
 4             29            3 
 1             30            6 
 2             30            5 
 3             30            3 
 4             30            0 
 1             31            2 
 2             31            4 
 3             31            4 
 4             31            0 
 1             32            0 
 2             32            0 
 3             32            0 
 4             32            0 
