 1             1             0 
 2             1             0 
 3             1             0 
 4             1             0 
 1             2             0 
 2             2             1 
 3             2             1 
 4             2             1 
 1             3             1 
 2             3             6 
 3             3             0 
 4             3             6 
 1             4             0 
 2             4             4 
 3             4             3 
 4             4             3 
 1             5             6 
 2             5             1 
 3             5             0 
 4             5             4 
 1             6             3 
 2             6             4 
 3             6             0 
 4             6             4 
 1             7             3 
 2             7             0 
 3             7             7 
 4             7             4 
 1             8             0 
 2             8             3 
 3             8             5 
 4             8             4 
 1             9             2 
 2             9             0 
 3             9             6 
 4             9             4 
 1             10            3 
 2             10            3 
 3             10            2 
 4             10            0 
 1             11            0 
 2             11            5 
 3             11            7 
 4             11            8 
 1             12            3 
 2             12            5 
 3             12            0 
 4             12            4 
 1             13            2 
 2             13            4 
 3             13            0 
 4             13            2 
 1             14            6 
 2             14            7 
 3             14            0 
 4             14            4 
 1             15            0 
 2             15            5 
 3             15            2 
 4             15            4 
 1             16            2 
 2             16            3 
 3             16            8 
 4             16            0 
 1             17            9 
 2             17            3 
 3             17            0 
 4             17            5 
 1             18            6 
 2             18            6 
 3             18            0 
 4             18            4 
 1             19            5 
 2             19            0 
 3             19            2 
 4             19            1 
 1             20            1 
 2             20            0 
 3             20            2 
 4             20            2 
 1             21            0 
 2             21            1 
 3             21            4 
 4             21            5 
 1             22            0 
 2             22            3 
 3             22            3 
 4             22            5 
 1             23            6 
 2             23            0 
 3             23            5 
 4             23            4 
 1             24            3 
 2             24            7 
 3             24            4 
 4             24            0 
 1             25            5 
 2             25            3 
 3             25            6 
 4             25            0 
 1             26            4 
 2             26            6 
 3             26            3 
 4             26            0 
 1             27            7 
 2             27            2 
 3             27            0 
 4             27            3 
 1             28            4 
 2             28            4 
 3             28            0 
 4             28            7 
 1             29            0 
 2             29            4 
 3             29            3 
 4             29            5 
 1             30            0 
 2             30            6 
 3             30            5 
 4             30            6 
 1             31            3 
 2             31            0 
 3             31            2 
 4             31            1 
 1             32            0 
 2             32            0 
 3             32            0 
 4             32            0 
