 1             1             0 
 2             1             0 
 3             1             0 
 4             1             0 
 1             2             1 
 2             2             1 
 3             2             0 
 4             2             1 
 1             3             5 
 2             3             0 
 3             3             1 
 4             3             7 
 1             4             2 
 2             4             4 
 3             4             1 
 4             4             0 
 1             5             4 
 2             5             10 
 3             5             0 
 4             5             6 
 1             6             4 
 2             6             5 
 3             6             0 
 4             6             1 
 1             7             2 
 2             7             3 
 3             7             0 
 4             7             6 
 1             8             6 
 2             8             5 
 3             8             0 
 4             8             3 
 1             9             4 
 2             9             5 
 3             9             0 
 4             9             4 
 1             10            3 
 2             10            5 
 3             10            5 
 4             10            0 
 1             11            2 
 2             11            2 
 3             11            0 
 4             11            4 
 1             12            0 
 2             12            2 
 3             12            6 
 4             12            4 
 1             13            4 
 2             13            6 
 3             13            0 
 4             13            4 
 1             14            0 
 2             14            5 
 3             14            4 
 4             14            4 
 1             15            0 
 2             15            4 
 3             15            3 
 4             15            8 
 1             16            0 
 2             16            4 
 3             16            2 
 4             16            5 
 1             17            4 
 2             17            3 
 3             17            0 
 4             17            3 
 1             18            6 
 2             18            0 
 3             18            5 
 4             18            4 
 1             19            5 
 2             19            3 
 3             19            7 
 4             19            0 
 1             20            4 
 2             20            0 
 3             20            4 
 4             20            1 
 1             21            4 
 2             21            6 
 3             21            0 
 4             21            1 
 1             22            0 
 2             22            3 
 3             22            2 
 4             22            5 
 1             23            5 
 2             23            2 
 3             23            0 
 4             23            5 
 1             24            3 
 2             24            0 
 3             24            5 
 4             24            4 
 1             25            0 
 2             25            2 
 3             25            4 
 4             25            5 
 1             26            6 
 2             26            4 
 3             26            0 
 4             26            7 
 1             27            1 
 2             27            6 
 3             27            0 
 4             27            3 
 1             28            7 
 2             28            0 
 3             28            7 
 4             28            1 
 1             29            6 
 2             29            2 
 3             29            0 
 4             29            4 
 1             30            4 
 2             30            6 
 3             30            0 
 4             30            3 
 1             31            4 
 2             31            2 
 3             31            0 
 4             31            5 
 1             32            0 
 2             32            0 
 3             32            0 
 4             32            0 
