 1             1             0 
 2             1             0 
 3             1             0 
 4             1             0 
 1             2             1 
 2             2             1 
 3             2             0 
 4             2             1 
 1             3             6 
 2             3             4 
 3             3             1 
 4             3             0 
 1             4             5 
 2             4             3 
 3             4             0 
 4             4             2 
 1             5             4 
 2             5             3 
 3             5             0 
 4             5             5 
 1             6             0 
 2             6             4 
 3             6             7 
 4             6             2 
 1             7             0 
 2             7             4 
 3             7             4 
 4             7             4 
 1             8             0 
 2             8             3 
 3             8             3 
 4             8             7 
 1             9             2 
 2             9             0 
 3             9             3 
 4             9             9 
 1             10            1 
 2             10            0 
 3             10            4 
 4             10            5 
 1             11            3 
 2             11            0 
 3             11            5 
 4             11            3 
 1             12            4 
 2             12            3 
 3             12            4 
 4             12            0 
 1             13            8 
 2             13            0 
 3             13            3 
 4             13            5 
 1             14            3 
 2             14            3 
 3             14            0 
 4             14            3 
 1             15            5 
 2             15            1 
 3             15            0 
 4             15            2 
 1             16            0 
 2             16            4 
 3             16            3 
 4             16            3 
 1             17            4 
 2             17            4 
 3             17            4 
 4             17            0 
 1             18            0 
 2             18            6 
 3             18            3 
 4             18            5 
 1             19            3 
 2             19            0 
 3             19            5 
 4             19            4 
 1             20            0 
 2             20            5 
 3             20            4 
 4             20            4 
 1             21            3 
 2             21            5 
 3             21            3 
 4             21            0 
 1             22            4 
 2             22            7 
 3             22            3 
 4             22            0 
 1             23            5 
 2             23            5 
 3             23            0 
 4             23            3 
 1             24            4 
 2             24            0 
 3             24            2 
 4             24            5 
 1             25            5 
 2             25            4 
 3             25            6 
 4             25            0 
 1             26            6 
 2             26            0 
 3             26            5 
 4             26            4 
 1             27            2 
 2             27            5 
 3             27            3 
 4             27            0 
 1             28            0 
 2             28            3 
 3             28            7 
 4             28            2 
 1             29            9 
 2             29            0 
 3             29            1 
 4             29            6 
 1             30            2 
 2             30            0 
 3             30            7 
 4             30            4 
 1             31            3 
 2             31            7 
 3             31            6 
 4             31            0 
 1             32            0 
 2             32            0 
 3             32            0 
 4             32            0 
