 1             1             0 
 2             1             0 
 3             1             0 
 4             1             0 
 1             2             0 
 2             2             1 
 3             2             1 
 4             2             1 
 1             3             0 
 2             3             5 
 3             3             7 
 4             3             7 
 1             4             1 
 2             4             5 
 3             4             0 
 4             4             5 
 1             5             4 
 2             5             0 
 3             5             3 
 4             5             5 
 1             6             4 
 2             6             5 
 3             6             8 
 4             6             0 
 1             7             0 
 2             7             4 
 3             7             4 
 4             7             4 
 1             8             0 
 2             8             5 
 3             8             3 
 4             8             3 
 1             9             4 
 2             9             4 
 3             9             4 
 4             9             0 
 1             10            0 
 2             10            4 
 3             10            3 
 4             10            3 
 1             11            7 
 2             11            0 
 3             11            5 
 4             11            3 
 1             12            4 
 2             12            2 
 3             12            7 
 4             12            0 
 1             13            0 
 2             13            5 
 3             13            3 
 4             13            4 
 1             14            2 
 2             14            2 
 3             14            0 
 4             14            4 
 1             15            8 
 2             15            0 
 3             15            4 
 4             15            4 
 1             16            2 
 2             16            0 
 3             16            4 
 4             16            7 
 1             17            2 
 2             17            0 
 3             17            2 
 4             17            5 
 1             18            0 
 2             18            6 
 3             18            3 
 4             18            6 
 1             19            0 
 2             19            3 
 3             19            7 
 4             19            3 
 1             20            0 
 2             20            4 
 3             20            4 
 4             20            7 
 1             21            4 
 2             21            3 
 3             21            0 
 4             21            4 
 1             22            0 
 2             22            4 
 3             22            3 
 4             22            4 
 1             23            4 
 2             23            0 
 3             23            2 
 4             23            2 
 1             24            6 
 2             24            1 
 3             24            5 
 4             24            0 
 1             25            0 
 2             25            4 
 3             25            4 
 4             25            3 
 1             26            0 
 2             26            4 
 3             26            3 
 4             26            4 
 1             27            0 
 2             27            9 
 3             27            4 
 4             27            3 
 1             28            5 
 2             28            0 
 3             28            4 
 4             28            3 
 1             29            0 
 2             29            7 
 3             29            3 
 4             29            1 
 1             30            3 
 2             30            3 
 3             30            0 
 4             30            2 
 1             31            4 
 2             31            2 
 3             31            0 
 4             31            7 
 1             32            0 
 2             32            0 
 3             32            0 
 4             32            0 
