 1             1             0 
 2             1             0 
 3             1             0 
 4             1             0 
 1             2             1 
 2             2             1 
 3             2             0 
 4             2             1 
 1             3             5 
 2             3             5 
 3             3             1 
 4             3             0 
 1             4             4 
 2             4             1 
 3             4             2 
 4             4             0 
 1             5             5 
 2             5             7 
 3             5             3 
 4             5             0 
 1             6             0 
 2             6             2 
 3             6             4 
 4             6             5 
 1             7             6 
 2             7             1 
 3             7             6 
 4             7             0 
 1             8             0 
 2             8             7 
 3             8             4 
 4             8             5 
 1             9             0 
 2             9             4 
 3             9             2 
 4             9             5 
 1             10            2 
 2             10            0 
 3             10            3 
 4             10            3 
 1             11            0 
 2             11            3 
 3             11            3 
 4             11            2 
 1             12            0 
 2             12            6 
 3             12            7 
 4             12            3 
 1             13            3 
 2             13            0 
 3             13            4 
 4             13            3 
 1             14            6 
 2             14            5 
 3             14            0 
 4             14            2 
 1             15            0 
 2             15            2 
 3             15            6 
 4             15            5 
 1             16            5 
 2             16            0 
 3             16            8 
 4             16            3 
 1             17            2 
 2             17            4 
 3             17            2 
 4             17            0 
 1             18            0 
 2             18            2 
 3             18            3 
 4             18            6 
 1             19            3 
 2             19            4 
 3             19            0 
 4             19            9 
 1             20            5 
 2             20            4 
 3             20            0 
 4             20            3 
 1             21            0 
 2             21            7 
 3             21            4 
 4             21            4 
 1             22            5 
 2             22            5 
 3             22            0 
 4             22            4 
 1             23            0 
 2             23            6 
 3             23            4 
 4             23            5 
 1             24            0 
 2             24            2 
 3             24            4 
 4             24            2 
 1             25            7 
 2             25            4 
 3             25            6 
 4             25            0 
 1             26            0 
 2             26            5 
 3             26            6 
 4             26            3 
 1             27            3 
 2             27            4 
 3             27            3 
 4             27            0 
 1             28            2 
 2             28            0 
 3             28            4 
 4             28            2 
 1             29            0 
 2             29            5 
 3             29            5 
 4             29            4 
 1             30            5 
 2             30            4 
 3             30            0 
 4             30            6 
 1             31            3 
 2             31            0 
 3             31            2 
 4             31            7 
 1             32            0 
 2             32            0 
 3             32            0 
 4             32            0 
