 1             1             0 
 2             1             0 
 3             1             0 
 4             1             0 
 1             2             0 
 2             2             1 
 3             2             1 
 4             2             1 
 1             3             1 
 2             3             0 
 3             3             2 
 4             3             3 
 1             4             3 
 2             4             0 
 3             4             2 
 4             4             2 
 1             5             4 
 2             5             6 
 3             5             0 
 4             5             5 
 1             6             8 
 2             6             0 
 3             6             2 
 4             6             3 
 1             7             4 
 2             7             4 
 3             7             4 
 4             7             0 
 1             8             4 
 2             8             4 
 3             8             4 
 4             8             0 
 1             9             4 
 2             9             3 
 3             9             0 
 4             9             6 
 1             10            3 
 2             10            0 
 3             10            4 
 4             10            6 
 1             11            3 
 2             11            0 
 3             11            3 
 4             11            4 
 1             12            3 
 2             12            4 
 3             12            0 
 4             12            7 
 1             13            4 
 2             13            5 
 3             13            9 
 4             13            0 
 1             14            0 
 2             14            3 
 3             14            5 
 4             14            3 
 1             15            3 
 2             15            4 
 3             15            0 
 4             15            3 
 1             16            0 
 2             16            3 
 3             16            3 
 4             16            3 
 1             17            4 
 2             17            0 
 3             17            3 
 4             17            4 
 1             18            9 
 2             18            5 
 3             18            5 
 4             18            0 
 1             19            4 
 2             19            4 
 3             19            1 
 4             19            0 
 1             20            5 
 2             20            4 
 3             20            5 
 4             20            0 
 1             21            3 
 2             21            6 
 3             21            0 
 4             21            5 
 1             22            0 
 2             22            3 
 3             22            4 
 4             22            7 
 1             23            0 
 2             23            3 
 3             23            3 
 4             23            3 
 1             24            4 
 2             24            0 
 3             24            9 
 4             24            3 
 1             25            3 
 2             25            9 
 3             25            2 
 4             25            0 
 1             26            0 
 2             26            3 
 3             26            10 
 4             26            4 
 1             27            1 
 2             27            3 
 3             27            4 
 4             27            0 
 1             28            5 
 2             28            0 
 3             28            3 
 4             28            3 
 1             29            0 
 2             29            3 
 3             29            2 
 4             29            5 
 1             30            7 
 2             30            0 
 3             30            6 
 4             30            4 
 1             31            3 
 2             31            0 
 3             31            4 
 4             31            4 
 1             32            0 
 2             32            0 
 3             32            0 
 4             32            0 
