 1             1             0 
 2             1             0 
 3             1             0 
 4             1             0 
 1             2             1 
 2             2             1 
 3             2             1 
 4             2             0 
 1             3             0 
 2             3             2 
 3             3             7 
 4             3             1 
 1             4             0 
 2             4             4 
 3             4             5 
 4             4             4 
 1             5             3 
 2             5             0 
 3             5             6 
 4             5             5 
 1             6             0 
 2             6             3 
 3             6             2 
 4             6             2 
 1             7             0 
 2             7             8 
 3             7             5 
 4             7             3 
 1             8             4 
 2             8             0 
 3             8             6 
 4             8             6 
 1             9             7 
 2             9             0 
 3             9             2 
 4             9             4 
 1             10            3 
 2             10            1 
 3             10            5 
 4             10            0 
 1             11            2 
 2             11            6 
 3             11            5 
 4             11            0 
 1             12            6 
 2             12            3 
 3             12            6 
 4             12            0 
 1             13            1 
 2             13            3 
 3             13            1 
 4             13            0 
 1             14            7 
 2             14            2 
 3             14            0 
 4             14            4 
 1             15            3 
 2             15            0 
 3             15            5 
 4             15            5 
 1             16            5 
 2             16            2 
 3             16            2 
 4             16            0 
 1             17            4 
 2             17            0 
 3             17            3 
 4             17            7 
 1             18            0 
 2             18            5 
 3             18            3 
 4             18            6 
 1             19            5 
 2             19            6 
 3             19            4 
 4             19            0 
 1             20            4 
 2             20            2 
 3             20            3 
 4             20            0 
 1             21            0 
 2             21            6 
 3             21            1 
 4             21            2 
 1             22            5 
 2             22            0 
 3             22            5 
 4             22            3 
 1             23            1 
 2             23            0 
 3             23            4 
 4             23            4 
 1             24            3 
 2             24            6 
 3             24            0 
 4             24            2 
 1             25            2 
 2             25            2 
 3             25            0 
 4             25            5 
 1             26            8 
 2             26            9 
 3             26            6 
 4             26            0 
 1             27            0 
 2             27            8 
 3             27            4 
 4             27            5 
 1             28            3 
 2             28            0 
 3             28            3 
 4             28            2 
 1             29            4 
 2             29            4 
 3             29            0 
 4             29            6 
 1             30            7 
 2             30            2 
 3             30            5 
 4             30            0 
 1             31            0 
 2             31            3 
 3             31            5 
 4             31            4 
 1             32            0 
 2             32            0 
 3             32            0 
 4             32            0 
