 1             1             0 
 2             1             0 
 3             1             0 
 4             1             0 
 1             2             1 
 2             2             1 
 3             2             0 
 4             2             1 
 1             3             0 
 2             3             5 
 3             3             1 
 4             3             5 
 1             4             5 
 2             4             2 
 3             4             0 
 4             4             6 
 1             5             3 
 2             5             2 
 3             5             0 
 4             5             2 
 1             6             6 
 2             6             3 
 3             6             0 
 4             6             5 
 1             7             2 
 2             7             6 
 3             7             0 
 4             7             3 
 1             8             5 
 2             8             0 
 3             8             3 
 4             8             2 
 1             9             0 
 2             9             5 
 3             9             5 
 4             9             2 
 1             10            4 
 2             10            2 
 3             10            3 
 4             10            0 
 1             11            4 
 2             11            4 
 3             11            4 
 4             11            0 
 1             12            0 
 2             12            3 
 3             12            4 
 4             12            6 
 1             13            2 
 2             13            5 
 3             13            6 
 4             13            0 
 1             14            4 
 2             14            6 
 3             14            5 
 4             14            0 
 1             15            6 
 2             15            6 
 3             15            4 
 4             15            0 
 1             16            4 
 2             16            0 
 3             16            4 
 4             16            4 
 1             17            0 
 2             17            3 
 3             17            5 
 4             17            4 
 1             18            0 
 2             18            3 
 3             18            4 
 4             18            4 
 1             19            0 
 2             19            3 
 3             19            4 
 4             19            5 
 1             20            4 
 2             20            3 
 3             20            0 
 4             20            6 
 1             21            0 
 2             21            3 
 3             21            1 
 4             21            4 
 1             22            5 
 2             22            5 
 3             22            0 
 4             22            8 
 1             23            0 
 2             23            5 
 3             23            4 
 4             23            5 
 1             24            0 
 2             24            3 
 3             24            3 
 4             24            2 
 1             25            0 
 2             25            5 
 3             25            6 
 4             25            2 
 1             26            5 
 2             26            5 
 3             26            2 
 4             26            0 
 1             27            4 
 2             27            0 
 3             27            4 
 4             27            3 
 1             28            3 
 2             28            5 
 3             28            0 
 4             28            5 
 1             29            4 
 2             29            0 
 3             29            8 
 4             29            5 
 1             30            5 
 2             30            7 
 3             30            4 
 4             30            0 
 1             31            4 
 2             31            4 
 3             31            0 
 4             31            3 
 1             32            0 
 2             32            0 
 3             32            0 
 4             32            0 
