 1             1             0 
 2             1             0 
 3             1             0 
 4             1             0 
 1             2             1 
 2             2             1 
 3             2             1 
 4             2             0 
 1             3             5 
 2             3             0 
 3             3             2 
 4             3             1 
 1             4             4 
 2             4             0 
 3             4             3 
 4             4             5 
 1             5             0 
 2             5             5 
 3             5             5 
 4             5             5 
 1             6             6 
 2             6             1 
 3             6             0 
 4             6             6 
 1             7             5 
 2             7             3 
 3             7             3 
 4             7             0 
 1             8             4 
 2             8             0 
 3             8             3 
 4             8             4 
 1             9             3 
 2             9             0 
 3             9             6 
 4             9             4 
 1             10            4 
 2             10            0 
 3             10            4 
 4             10            4 
 1             11            4 
 2             11            2 
 3             11            0 
 4             11            4 
 1             12            0 
 2             12            3 
 3             12            4 
 4             12            3 
 1             13            3 
 2             13            5 
 3             13            0 
 4             13            2 
 1             14            3 
 2             14            3 
 3             14            1 
 4             14            0 
 1             15            2 
 2             15            0 
 3             15            3 
 4             15            4 
 1             16            4 
 2             16            4 
 3             16            4 
 4             16            0 
 1             17            6 
 2             17            0 
 3             17            4 
 4             17            6 
 1             18            0 
 2             18            2 
 3             18            3 
 4             18            4 
 1             19            3 
 2             19            4 
 3             19            0 
 4             19            7 
 1             20            3 
 2             20            0 
 3             20            4 
 4             20            3 
 1             21            0 
 2             21            3 
 3             21            3 
 4             21            3 
 1             22            4 
 2             22            0 
 3             22            9 
 4             22            2 
 1             23            4 
 2             23            6 
 3             23            0 
 4             23            4 
 1             24            6 
 2             24            0 
 3             24            4 
 4             24            4 
 1             25            5 
 2             25            0 
 3             25            6 
 4             25            3 
 1             26            6 
 2             26            0 
 3             26            5 
 4             26            5 
 1             27            3 
 2             27            10 
 3             27            4 
 4             27            0 
 1             28            4 
 2             28            7 
 3             28            3 
 4             28            0 
 1             29            4 
 2             29            3 
 3             29            0 
 4             29            3 
 1             30            0 
 2             30            6 
 3             30            3 
 4             30            3 
 1             31            0 
 2             31            4 
 3             31            9 
 4             31            7 
 1             32            0 
 2             32            0 
 3             32            0 
 4             32            0 
