 1             1             0 
 2             1             0 
 3             1             0 
 4             1             0 
 1             2             1 
 2             2             0 
 3             2             1 
 4             2             1 
 1             3             2 
 2             3             1 
 3             3             3 
 4             3             0 
 1             4             2 
 2             4             7 
 3             4             5 
 4             4             0 
 1             5             3 
 2             5             0 
 3             5             3 
 4             5             3 
 1             6             6 
 2             6             4 
 3             6             6 
 4             6             0 
 1             7             0 
 2             7             4 
 3             7             5 
 4             7             4 
 1             8             5 
 2             8             3 
 3             8             5 
 4             8             0 
 1             9             2 
 2             9             5 
 3             9             0 
 4             9             3 
 1             10            4 
 2             10            5 
 3             10            0 
 4             10            5 
 1             11            0 
 2             11            4 
 3             11            5 
 4             11            4 
 1             12            0 
 2             12            4 
 3             12            5 
 4             12            2 
 1             13            0 
 2             13            7 
 3             13            5 
 4             13            5 
 1             14            0 
 2             14            2 
 3             14            5 
 4             14            6 
 1             15            6 
 2             15            0 
 3             15            3 
 4             15            3 
 1             16            3 
 2             16            9 
 3             16            0 
 4             16            8 
 1             17            3 
 2             17            1 
 3             17            0 
 4             17            4 
 1             18            7 
 2             18            2 
 3             18            4 
 4             18            0 
 1             19            0 
 2             19            3 
 3             19            4 
 4             19            4 
 1             20            5 
 2             20            4 
 3             20            0 
 4             20            3 
 1             21            0 
 2             21            2 
 3             21            5 
 4             21            6 
 1             22            0 
 2             22            2 
 3             22            5 
 4             22            6 
 1             23            0 
 2             23            4 
 3             23            3 
 4             23            3 
 1             24            4 
 2             24            2 
 3             24            3 
 4             24            0 
 1             25            5 
 2             25            6 
 3             25            3 
 4             25            0 
 1             26            4 
 2             26            4 
 3             26            3 
 4             26            0 
 1             27            3 
 2             27            3 
 3             27            3 
 4             27            0 
 1             28            2 
 2             28            0 
 3             28            1 
 4             28            3 
 1             29            0 
 2             29            5 
 3             29            8 
 4             29            2 
 1             30            5 
 2             30            8 
 3             30            0 
 4             30            5 
 1             31            8 
 2             31            3 
 3             31            3 
 4             31            0 
 1             32            0 
 2             32            0 
 3             32            0 
 4             32            0 
