 1             1             0 
 2             1             0 
 3             1             0 
 4             1             0 
 1             2             1 
 2             2             1 
 3             2             0 
 4             2             1 
 1             3             5 
 2             3             0 
 3             3             1 
 4             3             4 
 1             4             3 
 2             4             4 
 3             4             0 
 4             4             4 
 1             5             0 
 2             5             3 
 3             5             4 
 4             5             2 
 1             6             7 
 2             6             5 
 3             6             2 
 4             6             0 
 1             7             3 
 2             7             5 
 3             7             2 
 4             7             0 
 1             8             2 
 2             8             7 
 3             8             5 
 4             8             0 
 1             9             3 
 2             9             0 
 3             9             3 
 4             9             4 
 1             10            1 
 2             10            2 
 3             10            0 
 4             10            6 
 1             11            0 
 2             11            3 
 3             11            7 
 4             11            5 
 1             12            5 
 2             12            0 
 3             12            3 
 4             12            5 
 1             13            4 
 2             13            0 
 3             13            1 
 4             13            3 
 1             14            2 
 2             14            0 
 3             14            6 
 4             14            3 
 1             15            2 
 2             15            3 
 3             15            0 
 4             15            2 
 1             16            6 
 2             16            5 
 3             16            0 
 4             16            4 
 1             17            0 
 2             17            4 
 3             17            6 
 4             17            6 
 1             18            2 
 2             18            4 
 3             18            0 
 4             18            6 
 1             19            0 
 2             19            6 
 3             19            3 
 4             19            10 
 1             20            3 
 2             20            0 
 3             20            4 
 4             20            3 
 1             21            0 
 2             21            4 
 3             21            7 
 4             21            1 
 1             22            6 
 2             22            9 
 3             22            5 
 4             22            0 
 1             23            3 
 2             23            4 
 3             23            5 
 4             23            0 
 1             24            2 
 2             24            4 
 3             24            3 
 4             24            0 
 1             25            8 
 2             25            0 
 3             25            3 
 4             25            5 
 1             26            10 
 2             26            3 
 3             26            5 
 4             26            0 
 1             27            0 
 2             27            3 
 3             27            1 
 4             27            6 
 1             28            6 
 2             28            0 
 3             28            8 
 4             28            3 
 1             29            2 
 2             29            2 
 3             29            4 
 4             29            0 
 1             30            5 
 2             30            4 
 3             30            0 
 4             30            3 
 1             31            5 
 2             31            3 
 3             31            0 
 4             31            2 
 1             32            0 
 2             32            0 
 3             32            0 
 4             32            0 
