 1             1             0 
 2             1             0 
 3             1             0 
 4             1             0 
 1             2             1 
 2             2             1 
 3             2             0 
 4             2             1 
 1             3             3 
 2             3             2 
 3             3             1 
 4             3             0 
 1             4             5 
 2             4             5 
 3             4             0 
 4             4             6 
 1             5             2 
 2             5             3 
 3             5             0 
 4             5             6 
 1             6             1 
 2             6             4 
 3             6             5 
 4             6             0 
 1             7             0 
 2             7             2 
 3             7             4 
 4             7             1 
 1             8             0 
 2             8             2 
 3             8             2 
 4             8             2 
 1             9             1 
 2             9             4 
 3             9             0 
 4             9             4 
 1             10            0 
 2             10            9 
 3             10            6 
 4             10            4 
 1             11            2 
 2             11            0 
 3             11            3 
 4             11            5 
 1             12            0 
 2             12            3 
 3             12            7 
 4             12            4 
 1             13            7 
 2             13            6 
 3             13            1 
 4             13            0 
 1             14            4 
 2             14            0 
 3             14            8 
 4             14            7 
 1             15            0 
 2             15            5 
 3             15            3 
 4             15            3 
 1             16            4 
 2             16            5 
 3             16            0 
 4             16            4 
 1             17            3 
 2             17            0 
 3             17            8 
 4             17            5 
 1             18            0 
 2             18            5 
 3             18            4 
 4             18            3 
 1             19            5 
 2             19            4 
 3             19            7 
 4             19            0 
 1             20            4 
 2             20            0 
 3             20            2 
 4             20            6 
 1             21            5 
 2             21            3 
 3             21            1 
 4             21            0 
 1             22            7 
 2             22            2 
 3             22            4 
 4             22            0 
 1             23            4 
 2             23            4 
 3             23            4 
 4             23            0 
 1             24            3 
 2             24            4 
 3             24            0 
 4             24            3 
 1             25            9 
 2             25            3 
 3             25            3 
 4             25            0 
 1             26            6 
 2             26            6 
 3             26            0 
 4             26            4 
 1             27            0 
 2             27            3 
 3             27            2 
 4             27            5 
 1             28            0 
 2             28            6 
 3             28            6 
 4             28            8 
 1             29            0 
 2             29            7 
 3             29            2 
 4             29            2 
 1             30            4 
 2             30            3 
 3             30            0 
 4             30            2 
 1             31            0 
 2             31            3 
 3             31            5 
 4             31            3 
 1             32            0 
 2             32            0 
 3             32            0 
 4             32            0 
