 1             0 
 2             7 
 3             2 
 4             6 
 5             5 
 6             10 
 7             3 
 8             3 
 9             6 
 10            10 
 11            4 
 12            8 
 13            1 
 14            9 
 15            7 
 16            5 
 17            10 
 18            6 
 19            10 
 20            5 
 21            2 
 22            8 
 23            8 
 24            8 
 25            1 
 26            4 
 27            2 
 28            5 
 29            9 
 30            8 
 31            3 
 32            0 
