 1             0 
 2             5 
 3             10 
 4             2 
 5             4 
 6             1 
 7             4 
 8             4 
 9             7 
 10            10 
 11            9 
 12            9 
 13            8 
 14            3 
 15            1 
 16            8 
 17            5 
 18            2 
 19            7 
 20            2 
 21            5 
 22            2 
 23            8 
 24            8 
 25            7 
 26            5 
 27            10 
 28            9 
 29            6 
 30            8 
 31            2 
 32            0 
