 1             0 
 2             2 
 3             6 
 4             2 
 5             8 
 6             4 
 7             10 
 8             4 
 9             1 
 10            10 
 11            2 
 12            1 
 13            8 
 14            5 
 15            4 
 16            5 
 17            6 
 18            2 
 19            10 
 20            9 
 21            10 
 22            3 
 23            7 
 24            9 
 25            2 
 26            8 
 27            7 
 28            10 
 29            8 
 30            3 
 31            1 
 32            0 
