 1             0 
 2             6 
 3             5 
 4             3 
 5             3 
 6             7 
 7             3 
 8             6 
 9             10 
 10            5 
 11            2 
 12            6 
 13            2 
 14            9 
 15            10 
 16            5 
 17            7 
 18            2 
 19            3 
 20            3 
 21            10 
 22            5 
 23            8 
 24            8 
 25            7 
 26            10 
 27            2 
 28            7 
 29            10 
 30            9 
 31            4 
 32            0 
