 1             0 
 2             2 
 3             1 
 4             10 
 5             6 
 6             4 
 7             6 
 8             10 
 9             3 
 10            5 
 11            4 
 12            2 
 13            4 
 14            6 
 15            5 
 16            5 
 17            1 
 18            10 
 19            4 
 20            6 
 21            10 
 22            8 
 23            9 
 24            3 
 25            2 
 26            2 
 27            6 
 28            3 
 29            10 
 30            6 
 31            5 
 32            0 
