 1             0 
 2             5 
 3             1 
 4             8 
 5             1 
 6             6 
 7             10 
 8             10 
 9             8 
 10            8 
 11            10 
 12            10 
 13            6 
 14            10 
 15            5 
 16            9 
 17            10 
 18            9 
 19            6 
 20            10 
 21            9 
 22            3 
 23            7 
 24            2 
 25            5 
 26            1 
 27            7 
 28            3 
 29            8 
 30            3 
 31            1 
 32            0 
