 1             0 
 2             1 
 3             6 
 4             7 
 5             6 
 6             7 
 7             5 
 8             6 
 9             8 
 10            4 
 11            9 
 12            10 
 13            6 
 14            10 
 15            8 
 16            3 
 17            8 
 18            9 
 19            2 
 20            4 
 21            4 
 22            6 
 23            2 
 24            9 
 25            3 
 26            4 
 27            7 
 28            1 
 29            8 
 30            9 
 31            3 
 32            0 
