 1             0 
 2             3 
 3             4 
 4             6 
 5             9 
 6             6 
 7             5 
 8             9 
 9             2 
 10            9 
 11            2 
 12            2 
 13            7 
 14            2 
 15            2 
 16            9 
 17            10 
 18            6 
 19            5 
 20            5 
 21            10 
 22            1 
 23            2 
 24            9 
 25            4 
 26            5 
 27            10 
 28            4 
 29            6 
 30            5 
 31            8 
 32            0 
