 1             0 
 2             4 
 3             9 
 4             10 
 5             9 
 6             7 
 7             6 
 8             2 
 9             4 
 10            5 
 11            10 
 12            10 
 13            8 
 14            5 
 15            8 
 16            7 
 17            4 
 18            10 
 19            1 
 20            2 
 21            4 
 22            8 
 23            3 
 24            10 
 25            1 
 26            7 
 27            7 
 28            4 
 29            10 
 30            3 
 31            7 
 32            0 
