 1             0 
 2             6 
 3             4 
 4             1 
 5             2 
 6             4 
 7             8 
 8             3 
 9             4 
 10            3 
 11            1 
 12            7 
 13            4 
 14            8 
 15            5 
 16            1 
 17            6 
 18            8 
 19            6 
 20            3 
 21            8 
 22            7 
 23            4 
 24            3 
 25            3 
 26            5 
 27            3 
 28            2 
 29            4 
 30            10 
 31            3 
 32            0 
