 1             0 
 2             2 
 3             6 
 4             10 
 5             8 
 6             8 
 7             9 
 8             1 
 9             10 
 10            1 
 11            1 
 12            3 
 13            4 
 14            7 
 15            4 
 16            4 
 17            7 
 18            1 
 19            3 
 20            4 
 21            7 
 22            3 
 23            7 
 24            4 
 25            10 
 26            5 
 27            3 
 28            5 
 29            7 
 30            10 
 31            4 
 32            0 
