 1             0 
 2             5 
 3             6 
 4             8 
 5             8 
 6             10 
 7             5 
 8             8 
 9             6 
 10            10 
 11            10 
 12            3 
 13            3 
 14            4 
 15            5 
 16            4 
 17            7 
 18            8 
 19            5 
 20            8 
 21            8 
 22            5 
 23            3 
 24            7 
 25            2 
 26            3 
 27            2 
 28            9 
 29            5 
 30            6 
 31            8 
 32            0 
