 1             0 
 2             3 
 3             7 
 4             6 
 5             1 
 6             2 
 7             3 
 8             6 
 9             9 
 10            10 
 11            4 
 12            10 
 13            10 
 14            7 
 15            1 
 16            1 
 17            8 
 18            4 
 19            10 
 20            4 
 21            2 
 22            4 
 23            8 
 24            3 
 25            2 
 26            3 
 27            10 
 28            4 
 29            1 
 30            5 
 31            9 
 32            0 
