 1             0 
 2             5 
 3             9 
 4             10 
 5             6 
 6             9 
 7             6 
 8             4 
 9             6 
 10            10 
 11            3 
 12            8 
 13            2 
 14            9 
 15            7 
 16            8 
 17            9 
 18            6 
 19            8 
 20            7 
 21            4 
 22            9 
 23            8 
 24            1 
 25            9 
 26            7 
 27            5 
 28            6 
 29            6 
 30            2 
 31            3 
 32            0 
