 1             0 
 2             1 
 3             6 
 4             2 
 5             5 
 6             8 
 7             6 
 8             4 
 9             6 
 10            1 
 11            6 
 12            6 
 13            9 
 14            7 
 15            2 
 16            5 
 17            7 
 18            3 
 19            8 
 20            10 
 21            9 
 22            6 
 23            5 
 24            5 
 25            2 
 26            10 
 27            7 
 28            6 
 29            9 
 30            1 
 31            3 
 32            0 
