 1             0 
 2             3 
 3             8 
 4             3 
 5             2 
 6             3 
 7             9 
 8             5 
 9             1 
 10            3 
 11            1 
 12            5 
 13            6 
 14            4 
 15            9 
 16            8 
 17            4 
 18            5 
 19            8 
 20            3 
 21            7 
 22            5 
 23            2 
 24            9 
 25            8 
 26            7 
 27            9 
 28            10 
 29            2 
 30            6 
 31            5 
 32            0 
