 1             2 
 1             7 
 1             11 
 1             12 
 1             13 
 1             21 
 1             31 
 2             3 
 2             29 
 2             30 
 3             4 
 3             28 
 4             5 
 5             6 
 5             10 
 5             26 
 6             8 
 6             25 
 7             14 
 7             23 
 7             24 
 8             9 
 9             14 
 9             23 
 10            16 
 10            24 
 10            25 
 11            16 
 11            23 
 11            27 
 12            15 
 12            27 
 13            15 
 13            25 
 14            15 
 15            16 
 16            17 
 17            18 
 18            19 
 19            20 
 20            22 
 21            24 
 22            32 
 23            32 
 24            32 
 25            32 
 26            32 
 27            32 
 28            32 
 29            32 
 30            32 
 31            32 
