 1             2 
 1             6 
 1             15 
 1             16 
 1             17 
 1             18 
 1             19 
 1             20 
 1             21 
 1             22 
 1             23 
 1             24 
 1             25 
 1             26 
 1             27 
 1             28 
 1             29 
 1             30 
 1             31 
 2             3 
 2             12 
 2             13 
 2             14 
 3             4 
 3             11 
 4             5 
 4             9 
 4             10 
 5             7 
 6             7 
 7             8 
 8             32 
 9             32 
 10            32 
 11            32 
 12            32 
 13            32 
 14            32 
 15            32 
 16            32 
 17            32 
 18            32 
 19            32 
 20            32 
 21            32 
 22            32 
 23            32 
 24            32 
 25            32 
 26            32 
 27            32 
 28            32 
 29            32 
 30            32 
 31            32 
