 1             2 
 1             7 
 2             3 
 3             4 
 4             5 
 5             6 
 6             8 
 6             13 
 7             10 
 7             28 
 7             31 
 8             9 
 9             10 
 9             31 
 10            11 
 11            12 
 12            14 
 12            30 
 13            16 
 13            30 
 14            15 
 15            16 
 16            17 
 17            18 
 18            19 
 19            20 
 20            21 
 21            22 
 21            26 
 22            23 
 23            24 
 24            25 
 25            27 
 26            27 
 27            29 
 28            29 
 29            32 
 30            32 
 31            32 
