 1             2 
 1             4 
 1             12 
 1             16 
 2             3 
 3             5 
 3             31 
 4             6 
 4             11 
 4             30 
 5             6 
 5             17 
 5             30 
 6             7 
 7             8 
 8             9 
 8             29 
 9             10 
 9             20 
 10            13 
 10            19 
 11            17 
 11            18 
 11            19 
 12            15 
 12            19 
 13            14 
 14            15 
 15            18 
 15            21 
 15            24 
 15            28 
 16            20 
 16            22 
 16            28 
 17            22 
 17            24 
 17            28 
 17            29 
 18            22 
 18            25 
 18            26 
 19            21 
 20            21 
 21            25 
 21            26 
 22            23 
 23            27 
 24            25 
 25            32 
 26            32 
 27            32 
 28            32 
 29            32 
 30            32 
 31            32 
