 1             2 
 1             6 
 1             21 
 1             31 
 2             3 
 2             12 
 3             4 
 4             5 
 5             7 
 6             8 
 7             9 
 7             16 
 7             30 
 8             9 
 8             16 
 8             30 
 9             10 
 9             20 
 10            11 
 10            28 
 10            29 
 11            13 
 11            18 
 12            13 
 13            14 
 13            26 
 13            27 
 14            15 
 14            24 
 14            25 
 15            17 
 16            17 
 17            19 
 18            23 
 18            24 
 19            22 
 20            22 
 21            22 
 22            23 
 23            32 
 24            32 
 25            32 
 26            32 
 27            32 
 28            32 
 29            32 
 30            32 
 31            32 
