 1             2 
 1             6 
 1             30 
 1             31 
 2             3 
 3             4 
 3             29 
 4             5 
 4             28 
 5             7 
 6             7 
 7             8 
 8             9 
 8             25 
 8             26 
 8             27 
 9             10 
 9             24 
 10            11 
 10            16 
 10            23 
 11            12 
 12            13 
 12            22 
 13            14 
 14            15 
 14            21 
 15            17 
 15            18 
 16            21 
 16            22 
 17            20 
 18            19 
 19            32 
 20            32 
 21            32 
 22            32 
 23            32 
 24            32 
 25            32 
 26            32 
 27            32 
 28            32 
 29            32 
 30            32 
 31            32 
