 1             2 
 1             3 
 1             5 
 1             6 
 1             7 
 1             9 
 1             11 
 1             12 
 2             4 
 2             13 
 3             10 
 3             14 
 4             8 
 5             8 
 6             8 
 7             8 
 8             10 
 9             10 
 10            15 
 10            18 
 10            23 
 10            24 
 11            14 
 11            24 
 12            14 
 12            15 
 13            14 
 14            16 
 14            23 
 15            16 
 16            17 
 17            19 
 18            19 
 19            20 
 19            26 
 20            21 
 21            22 
 22            25 
 23            25 
 24            25 
 25            27 
 26            27 
 27            28 
 27            30 
 27            31 
 28            29 
 29            32 
 30            32 
 31            32 
