 1             2 
 1             6 
 1             12 
 1             27 
 1             28 
 1             29 
 1             30 
 1             31 
 2             3 
 2             26 
 3             4 
 3             23 
 3             24 
 3             25 
 4             5 
 5             7 
 5             22 
 6             7 
 7             8 
 7             21 
 8             9 
 9             10 
 10            11 
 11            13 
 11            20 
 12            14 
 12            19 
 12            20 
 13            14 
 13            19 
 14            15 
 15            16 
 16            17 
 17            18 
 18            32 
 19            32 
 20            32 
 21            32 
 22            32 
 23            32 
 24            32 
 25            32 
 26            32 
 27            32 
 28            32 
 29            32 
 30            32 
 31            32 
