 1             2 
 2             3 
 3             4 
 3             23 
 4             5 
 5             6 
 5             18 
 6             7 
 6             22 
 7             8 
 8             9 
 9             10 
 10            11 
 11            12 
 11            25 
 12            13 
 13            14 
 14            15 
 15            16 
 16            17 
 17            19 
 18            19 
 19            20 
 19            31 
 20            21 
 21            24 
 21            30 
 22            26 
 22            30 
 23            24 
 24            26 
 25            26 
 26            27 
 27            28 
 28            29 
 29            32 
 30            32 
 31            32 
