 1             2 
 1             17 
 1             25 
 2             3 
 3             4 
 4             5 
 5             6 
 6             7 
 7             8 
 8             9 
 9             10 
 10            11 
 10            20 
 11            12 
 11            31 
 12            13 
 13            14 
 14            15 
 15            16 
 15            30 
 16            18 
 17            18 
 18            19 
 19            21 
 20            21 
 21            22 
 21            29 
 22            23 
 23            24 
 24            26 
 25            26 
 26            27 
 27            28 
 28            32 
 29            32 
 30            32 
 31            32 
