 1             2 
 1             3 
 1             4 
 1             7 
 1             8 
 1             9 
 1             10 
 1             12 
 1             13 
 1             14 
 1             16 
 1             27 
 1             28 
 1             29 
 1             30 
 1             31 
 2             5 
 2             24 
 2             26 
 3             15 
 3             18 
 3             20 
 3             25 
 4             15 
 4             18 
 4             19 
 4             20 
 5             6 
 6             11 
 6             18 
 7             11 
 7             23 
 8             15 
 8             22 
 9             15 
 9             21 
 10            11 
 11            15 
 12            15 
 13            15 
 14            15 
 15            17 
 16            19 
 17            32 
 18            32 
 19            32 
 20            32 
 21            32 
 22            32 
 23            32 
 24            32 
 25            32 
 26            32 
 27            32 
 28            32 
 29            32 
 30            32 
 31            32 
