 1             2 
 1             5 
 2             3 
 2             16 
 3             4 
 4             6 
 5             6 
 6             7 
 7             8 
 7             10 
 8             9 
 8             14 
 9             11 
 9             24 
 10            12 
 10            24 
 11            12 
 12            13 
 13            15 
 14            18 
 14            24 
 15            17 
 16            17 
 17            18 
 18            19 
 19            20 
 20            21 
 21            22 
 22            23 
 23            25 
 23            31 
 24            25 
 24            31 
 25            26 
 26            27 
 27            28 
 28            29 
 29            30 
 30            32 
 31            32 
