 1             2 
 1             11 
 1             12 
 1             31 
 2             3 
 3             4 
 3             15 
 3             30 
 4             5 
 4             29 
 5             6 
 5             21 
 6             7 
 6             20 
 6             28 
 7             8 
 7             26 
 8             9 
 8             24 
 9             10 
 9             25 
 10            13 
 11            16 
 11            24 
 11            26 
 12            16 
 12            17 
 12            23 
 13            14 
 14            16 
 14            23 
 15            18 
 15            27 
 16            18 
 17            18 
 18            19 
 19            22 
 20            23 
 21            27 
 22            32 
 23            32 
 24            32 
 25            32 
 26            32 
 27            32 
 28            32 
 29            32 
 30            32 
 31            32 
