 1             2 
 2             3 
 3             4 
 4             5 
 5             6 
 5             31 
 6             7 
 7             8 
 8             9 
 8             23 
 8             29 
 8             30 
 9             10 
 10            11 
 11            12 
 12            13 
 12            28 
 13            14 
 14            15 
 15            16 
 16            17 
 16            27 
 17            18 
 18            19 
 19            20 
 20            21 
 21            22 
 22            24 
 23            24 
 24            25 
 25            26 
 26            32 
 27            32 
 28            32 
 29            32 
 30            32 
 31            32 
