 1             2 
 1             3 
 1             4 
 1             7 
 1             8 
 2             5 
 2             9 
 2             13 
 2             16 
 3             6 
 3             9 
 3             10 
 3             14 
 4             6 
 4             10 
 4             14 
 4             16 
 5             10 
 5             11 
 5             12 
 5             14 
 5             17 
 5             19 
 5             20 
 5             25 
 5             30 
 6             11 
 6             12 
 6             17 
 6             18 
 6             19 
 6             20 
 6             25 
 6             30 
 7             11 
 7             17 
 7             18 
 7             20 
 7             25 
 7             30 
 7             31 
 8             11 
 8             17 
 8             18 
 8             19 
 8             25 
 8             31 
 9             11 
 9             30 
 10            18 
 10            22 
 10            23 
 10            24 
 10            28 
 10            29 
 11            15 
 11            21 
 11            22 
 11            23 
 12            15 
 12            22 
 12            23 
 12            31 
 13            20 
 13            22 
 13            23 
 13            27 
 14            18 
 14            22 
 14            23 
 15            24 
 15            26 
 15            28 
 15            29 
 16            21 
 16            22 
 16            27 
 16            30 
 17            24 
 17            26 
 17            29 
 18            21 
 18            27 
 19            27 
 19            28 
 20            21 
 21            26 
 22            26 
 23            26 
 24            27 
 25            26 
 26            32 
 27            32 
 28            32 
 29            32 
 30            32 
 31            32 
