 1             2 
 1             10 
 1             25 
 1             26 
 1             27 
 1             28 
 1             29 
 1             30 
 1             31 
 2             3 
 3             4 
 3             22 
 3             23 
 3             24 
 4             5 
 4             21 
 5             6 
 6             7 
 6             20 
 7             8 
 7             19 
 8             9 
 9             11 
 9             18 
 10            13 
 10            18 
 11            12 
 12            13 
 13            14 
 14            15 
 15            16 
 16            17 
 17            32 
 18            32 
 19            32 
 20            32 
 21            32 
 22            32 
 23            32 
 24            32 
 25            32 
 26            32 
 27            32 
 28            32 
 29            32 
 30            32 
 31            32 
