 1             1             0 
 2             1             0 
 3             1             0 
 4             1             0 
 1             2             0 
 2             2             1 
 3             2             1 
 4             2             1 
 1             3             0 
 2             3             3 
 3             3             2 
 4             3             2 
 1             4             1 
 2             4             8 
 3             4             4 
 4             4             0 
 1             5             3 
 2             5             3 
 3             5             0 
 4             5             5 
 1             6             6 
 2             6             10 
 3             6             0 
 4             6             3 
 1             7             6 
 2             7             1 
 3             7             7 
 4             7             0 
 1             8             0 
 2             8             2 
 3             8             5 
 4             8             2 
 1             9             3 
 2             9             4 
 3             9             5 
 4             9             0 
 1             10            2 
 2             10            0 
 3             10            4 
 4             10            5 
 1             11            1 
 2             11            0 
 3             11            5 
 4             11            4 
 1             12            0 
 2             12            1 
 3             12            5 
 4             12            8 
 1             13            0 
 2             13            5 
 3             13            4 
 4             13            3 
 1             14            6 
 2             14            6 
 3             14            0 
 4             14            2 
 1             15            7 
 2             15            7 
 3             15            0 
 4             15            6 
 1             16            0 
 2             16            3 
 3             16            1 
 4             16            2 
 1             17            2 
 2             17            3 
 3             17            2 
 4             17            0 
 1             18            3 
 2             18            2 
 3             18            0 
 4             18            4 
 1             19            5 
 2             19            3 
 3             19            0 
 4             19            5 
 1             20            0 
 2             20            7 
 3             20            4 
 4             20            4 
 1             21            0 
 2             21            5 
 3             21            7 
 4             21            3 
 1             22            6 
 2             22            0 
 3             22            4 
 4             22            7 
 1             23            3 
 2             23            2 
 3             23            0 
 4             23            4 
 1             24            0 
 2             24            3 
 3             24            1 
 4             24            5 
 1             25            6 
 2             25            3 
 3             25            1 
 4             25            0 
 1             26            0 
 2             26            9 
 3             26            8 
 4             26            3 
 1             27            0 
 2             27            3 
 3             27            4 
 4             27            5 
 1             28            4 
 2             28            2 
 3             28            0 
 4             28            3 
 1             29            5 
 2             29            5 
 3             29            6 
 4             29            0 
 1             30            2 
 2             30            1 
 3             30            0 
 4             30            4 
 1             31            5 
 2             31            6 
 3             31            0 
 4             31            6 
 1             32            0 
 2             32            0 
 3             32            0 
 4             32            0 
