 1             1             0 
 2             1             0 
 3             1             0 
 4             1             0 
 1             2             1 
 2             2             0 
 3             2             1 
 4             2             3 
 1             3             5 
 2             3             0 
 3             3             5 
 4             3             5 
 1             4             0 
 2             4             1 
 3             4             6 
 4             4             4 
 1             5             5 
 2             5             0 
 3             5             4 
 4             5             4 
 1             6             5 
 2             6             5 
 3             6             2 
 4             6             0 
 1             7             0 
 2             7             3 
 3             7             4 
 4             7             2 
 1             8             6 
 2             8             0 
 3             8             4 
 4             8             5 
 1             9             5 
 2             9             0 
 3             9             4 
 4             9             4 
 1             10            5 
 2             10            5 
 3             10            3 
 4             10            0 
 1             11            3 
 2             11            5 
 3             11            0 
 4             11            2 
 1             12            3 
 2             12            2 
 3             12            0 
 4             12            10 
 1             13            4 
 2             13            3 
 3             13            5 
 4             13            0 
 1             14            4 
 2             14            2 
 3             14            4 
 4             14            0 
 1             15            2 
 2             15            0 
 3             15            3 
 4             15            5 
 1             16            8 
 2             16            3 
 3             16            5 
 4             16            0 
 1             17            4 
 2             17            0 
 3             17            4 
 4             17            4 
 1             18            3 
 2             18            2 
 3             18            0 
 4             18            1 
 1             19            0 
 2             19            5 
 3             19            5 
 4             19            4 
 1             20            3 
 2             20            0 
 3             20            6 
 4             20            4 
 1             21            3 
 2             21            5 
 3             21            0 
 4             21            5 
 1             22            0 
 2             22            5 
 3             22            5 
 4             22            4 
 1             23            2 
 2             23            0 
 3             23            4 
 4             23            7 
 1             24            2 
 2             24            5 
 3             24            0 
 4             24            3 
 1             25            9 
 2             25            7 
 3             25            0 
 4             25            3 
 1             26            4 
 2             26            4 
 3             26            0 
 4             26            3 
 1             27            5 
 2             27            0 
 3             27            7 
 4             27            2 
 1             28            4 
 2             28            5 
 3             28            2 
 4             28            0 
 1             29            4 
 2             29            3 
 3             29            2 
 4             29            0 
 1             30            2 
 2             30            7 
 3             30            3 
 4             30            0 
 1             31            3 
 2             31            3 
 3             31            0 
 4             31            4 
 1             32            0 
 2             32            0 
 3             32            0 
 4             32            0 
