 1             1             0 
 2             1             0 
 3             1             0 
 4             1             0 
 1             2             2 
 2             2             1 
 3             2             1 
 4             2             0 
 1             3             2 
 2             3             4 
 3             3             0 
 4             3             1 
 1             4             2 
 2             4             3 
 3             4             3 
 4             4             0 
 1             5             0 
 2             5             7 
 3             5             4 
 4             5             2 
 1             6             3 
 2             6             4 
 3             6             0 
 4             6             2 
 1             7             1 
 2             7             5 
 3             7             5 
 4             7             0 
 1             8             5 
 2             8             0 
 3             8             4 
 4             8             6 
 1             9             4 
 2             9             4 
 3             9             3 
 4             9             0 
 1             10            5 
 2             10            3 
 3             10            3 
 4             10            0 
 1             11            0 
 2             11            4 
 3             11            9 
 4             11            5 
 1             12            4 
 2             12            0 
 3             12            4 
 4             12            3 
 1             13            3 
 2             13            0 
 3             13            3 
 4             13            8 
 1             14            0 
 2             14            4 
 3             14            5 
 4             14            4 
 1             15            4 
 2             15            5 
 3             15            0 
 4             15            3 
 1             16            0 
 2             16            4 
 3             16            3 
 4             16            2 
 1             17            3 
 2             17            0 
 3             17            2 
 4             17            3 
 1             18            0 
 2             18            5 
 3             18            5 
 4             18            4 
 1             19            3 
 2             19            4 
 3             19            4 
 4             19            0 
 1             20            4 
 2             20            6 
 3             20            0 
 4             20            7 
 1             21            0 
 2             21            3 
 3             21            7 
 4             21            2 
 1             22            6 
 2             22            2 
 3             22            0 
 4             22            3 
 1             23            0 
 2             23            4 
 3             23            4 
 4             23            6 
 1             24            3 
 2             24            3 
 3             24            0 
 4             24            3 
 1             25            5 
 2             25            0 
 3             25            3 
 4             25            3 
 1             26            10 
 2             26            5 
 3             26            0 
 4             26            4 
 1             27            5 
 2             27            0 
 3             27            3 
 4             27            5 
 1             28            8 
 2             28            4 
 3             28            3 
 4             28            0 
 1             29            2 
 2             29            3 
 3             29            7 
 4             29            0 
 1             30            3 
 2             30            5 
 3             30            0 
 4             30            7 
 1             31            5 
 2             31            0 
 3             31            3 
 4             31            5 
 1             32            0 
 2             32            0 
 3             32            0 
 4             32            0 
