 1             1             0 
 2             1             0 
 3             1             0 
 4             1             0 
 1             2             1 
 2             2             0 
 3             2             1 
 4             2             1 
 1             3             2 
 2             3             1 
 3             3             0 
 4             3             4 
 1             4             0 
 2             4             5 
 3             4             1 
 4             4             5 
 1             5             6 
 2             5             4 
 3             5             0 
 4             5             2 
 1             6             5 
 2             6             0 
 3             6             3 
 4             6             3 
 1             7             0 
 2             7             3 
 3             7             4 
 4             7             2 
 1             8             4 
 2             8             0 
 3             8             4 
 4             8             3 
 1             9             0 
 2             9             4 
 3             9             8 
 4             9             3 
 1             10            3 
 2             10            0 
 3             10            2 
 4             10            1 
 1             11            0 
 2             11            2 
 3             11            4 
 4             11            8 
 1             12            0 
 2             12            3 
 3             12            3 
 4             12            2 
 1             13            5 
 2             13            8 
 3             13            3 
 4             13            0 
 1             14            3 
 2             14            3 
 3             14            0 
 4             14            2 
 1             15            3 
 2             15            0 
 3             15            6 
 4             15            6 
 1             16            0 
 2             16            5 
 3             16            5 
 4             16            2 
 1             17            5 
 2             17            6 
 3             17            0 
 4             17            3 
 1             18            3 
 2             18            2 
 3             18            1 
 4             18            0 
 1             19            3 
 2             19            5 
 3             19            10 
 4             19            0 
 1             20            4 
 2             20            0 
 3             20            5 
 4             20            5 
 1             21            4 
 2             21            5 
 3             21            0 
 4             21            8 
 1             22            7 
 2             22            0 
 3             22            4 
 4             22            5 
 1             23            3 
 2             23            2 
 3             23            5 
 4             23            0 
 1             24            0 
 2             24            4 
 3             24            3 
 4             24            4 
 1             25            3 
 2             25            3 
 3             25            6 
 4             25            0 
 1             26            0 
 2             26            2 
 3             26            4 
 4             26            8 
 1             27            3 
 2             27            5 
 3             27            4 
 4             27            0 
 1             28            6 
 2             28            8 
 3             28            0 
 4             28            5 
 1             29            0 
 2             29            4 
 3             29            2 
 4             29            7 
 1             30            7 
 2             30            4 
 3             30            0 
 4             30            5 
 1             31            4 
 2             31            4 
 3             31            0 
 4             31            2 
 1             32            0 
 2             32            0 
 3             32            0 
 4             32            0 
