 1             1             0 
 2             1             0 
 3             1             0 
 4             1             0 
 1             2             1 
 2             2             0 
 3             2             1 
 4             2             1 
 1             3             0 
 2             3             1 
 3             3             3 
 4             3             5 
 1             4             0 
 2             4             4 
 3             4             4 
 4             4             3 
 1             5             0 
 2             5             6 
 3             5             5 
 4             5             6 
 1             6             4 
 2             6             3 
 3             6             3 
 4             6             0 
 1             7             3 
 2             7             4 
 3             7             0 
 4             7             5 
 1             8             7 
 2             8             5 
 3             8             0 
 4             8             1 
 1             9             5 
 2             9             4 
 3             9             0 
 4             9             2 
 1             10            3 
 2             10            2 
 3             10            5 
 4             10            0 
 1             11            3 
 2             11            0 
 3             11            6 
 4             11            3 
 1             12            5 
 2             12            8 
 3             12            0 
 4             12            4 
 1             13            3 
 2             13            0 
 3             13            2 
 4             13            2 
 1             14            5 
 2             14            0 
 3             14            2 
 4             14            3 
 1             15            4 
 2             15            5 
 3             15            9 
 4             15            0 
 1             16            1 
 2             16            2 
 3             16            4 
 4             16            0 
 1             17            5 
 2             17            3 
 3             17            0 
 4             17            4 
 1             18            6 
 2             18            7 
 3             18            0 
 4             18            2 
 1             19            3 
 2             19            3 
 3             19            6 
 4             19            0 
 1             20            0 
 2             20            3 
 3             20            4 
 4             20            5 
 1             21            0 
 2             21            6 
 3             21            2 
 4             21            5 
 1             22            4 
 2             22            4 
 3             22            0 
 4             22            6 
 1             23            5 
 2             23            0 
 3             23            3 
 4             23            3 
 1             24            3 
 2             24            5 
 3             24            2 
 4             24            0 
 1             25            4 
 2             25            0 
 3             25            6 
 4             25            5 
 1             26            7 
 2             26            0 
 3             26            1 
 4             26            4 
 1             27            3 
 2             27            0 
 3             27            2 
 4             27            4 
 1             28            0 
 2             28            1 
 3             28            9 
 4             28            3 
 1             29            4 
 2             29            4 
 3             29            0 
 4             29            8 
 1             30            4 
 2             30            0 
 3             30            5 
 4             30            8 
 1             31            4 
 2             31            0 
 3             31            4 
 4             31            4 
 1             32            0 
 2             32            0 
 3             32            0 
 4             32            0 
