 1             1             0 
 2             1             0 
 3             1             0 
 4             1             0 
 1             2             1 
 2             2             1 
 3             2             0 
 4             2             1 
 1             3             3 
 2             3             3 
 3             3             1 
 4             3             0 
 1             4             3 
 2             4             5 
 3             4             3 
 4             4             0 
 1             5             3 
 2             5             3 
 3             5             8 
 4             5             0 
 1             6             7 
 2             6             6 
 3             6             0 
 4             6             5 
 1             7             3 
 2             7             5 
 3             7             5 
 4             7             0 
 1             8             4 
 2             8             4 
 3             8             4 
 4             8             0 
 1             9             4 
 2             9             6 
 3             9             5 
 4             9             0 
 1             10            6 
 2             10            2 
 3             10            5 
 4             10            0 
 1             11            0 
 2             11            3 
 3             11            5 
 4             11            4 
 1             12            5 
 2             12            3 
 3             12            0 
 4             12            5 
 1             13            2 
 2             13            3 
 3             13            0 
 4             13            4 
 1             14            0 
 2             14            5 
 3             14            2 
 4             14            2 
 1             15            6 
 2             15            3 
 3             15            4 
 4             15            0 
 1             16            2 
 2             16            0 
 3             16            2 
 4             16            4 
 1             17            2 
 2             17            0 
 3             17            2 
 4             17            4 
 1             18            0 
 2             18            3 
 3             18            6 
 4             18            3 
 1             19            0 
 2             19            4 
 3             19            6 
 4             19            6 
 1             20            3 
 2             20            5 
 3             20            0 
 4             20            4 
 1             21            0 
 2             21            3 
 3             21            4 
 4             21            2 
 1             22            3 
 2             22            3 
 3             22            0 
 4             22            5 
 1             23            6 
 2             23            5 
 3             23            0 
 4             23            6 
 1             24            0 
 2             24            5 
 3             24            7 
 4             24            5 
 1             25            4 
 2             25            5 
 3             25            3 
 4             25            0 
 1             26            4 
 2             26            5 
 3             26            2 
 4             26            0 
 1             27            4 
 2             27            4 
 3             27            3 
 4             27            0 
 1             28            8 
 2             28            0 
 3             28            3 
 4             28            5 
 1             29            2 
 2             29            6 
 3             29            4 
 4             29            0 
 1             30            8 
 2             30            5 
 3             30            0 
 4             30            5 
 1             31            3 
 2             31            3 
 3             31            0 
 4             31            2 
 1             32            0 
 2             32            0 
 3             32            0 
 4             32            0 
