 1             0 
 2             6 
 3             6 
 4             1 
 5             1 
 6             9 
 7             1 
 8             5 
 9             5 
 10            7 
 11            9 
 12            6 
 13            7 
 14            5 
 15            10 
 16            3 
 17            10 
 18            4 
 19            10 
 20            3 
 21            7 
 22            2 
 23            4 
 24            6 
 25            6 
 26            5 
 27            3 
 28            9 
 29            2 
 30            4 
 31            7 
 32            0 
