 1             0 
 2             5 
 3             9 
 4             8 
 5             10 
 6             7 
 7             7 
 8             3 
 9             7 
 10            8 
 11            7 
 12            6 
 13            1 
 14            5 
 15            8 
 16            8 
 17            10 
 18            9 
 19            10 
 20            1 
 21            3 
 22            1 
 23            3 
 24            5 
 25            9 
 26            5 
 27            10 
 28            4 
 29            1 
 30            6 
 31            7 
 32            0 
