 1             0 
 2             7 
 3             6 
 4             2 
 5             8 
 6             2 
 7             1 
 8             7 
 9             1 
 10            7 
 11            5 
 12            1 
 13            7 
 14            4 
 15            8 
 16            5 
 17            6 
 18            7 
 19            1 
 20            10 
 21            6 
 22            7 
 23            10 
 24            9 
 25            5 
 26            2 
 27            3 
 28            6 
 29            3 
 30            2 
 31            3 
 32            0 
