 1             0 
 2             4 
 3             10 
 4             6 
 5             2 
 6             8 
 7             6 
 8             3 
 9             2 
 10            5 
 11            10 
 12            10 
 13            1 
 14            9 
 15            9 
 16            10 
 17            1 
 18            1 
 19            10 
 20            7 
 21            10 
 22            4 
 23            2 
 24            2 
 25            3 
 26            7 
 27            4 
 28            3 
 29            3 
 30            2 
 31            6 
 32            0 
