 1             0 
 2             9 
 3             4 
 4             1 
 5             1 
 6             3 
 7             4 
 8             7 
 9             7 
 10            3 
 11            3 
 12            9 
 13            2 
 14            4 
 15            8 
 16            8 
 17            8 
 18            5 
 19            8 
 20            9 
 21            6 
 22            8 
 23            1 
 24            4 
 25            4 
 26            5 
 27            1 
 28            10 
 29            7 
 30            5 
 31            7 
 32            0 
