 1             0 
 2             9 
 3             1 
 4             1 
 5             1 
 6             9 
 7             10 
 8             2 
 9             1 
 10            10 
 11            3 
 12            8 
 13            9 
 14            10 
 15            8 
 16            2 
 17            2 
 18            4 
 19            1 
 20            3 
 21            10 
 22            5 
 23            3 
 24            3 
 25            6 
 26            7 
 27            8 
 28            10 
 29            3 
 30            8 
 31            4 
 32            0 
