 1             0 
 2             7 
 3             5 
 4             9 
 5             8 
 6             2 
 7             7 
 8             5 
 9             4 
 10            6 
 11            4 
 12            1 
 13            4 
 14            4 
 15            10 
 16            4 
 17            2 
 18            2 
 19            2 
 20            6 
 21            10 
 22            3 
 23            10 
 24            10 
 25            8 
 26            6 
 27            1 
 28            8 
 29            8 
 30            2 
 31            5 
 32            0 
