 1             2 
 1             3 
 1             4 
 1             5 
 1             8 
 1             9 
 1             12 
 2             6 
 2             13 
 2             15 
 2             16 
 2             17 
 3             7 
 3             10 
 3             16 
 4             7 
 4             11 
 4             14 
 4             17 
 5             6 
 5             13 
 5             17 
 6             11 
 6             14 
 6             18 
 6             21 
 6             30 
 7             13 
 7             18 
 7             21 
 7             22 
 7             27 
 7             29 
 7             31 
 8             14 
 8             16 
 8             20 
 8             21 
 9             13 
 9             19 
 9             21 
 10            14 
 10            17 
 10            19 
 10            26 
 10            29 
 11            19 
 11            23 
 11            25 
 11            26 
 11            28 
 11            29 
 11            31 
 12            17 
 12            22 
 12            27 
 12            31 
 13            20 
 13            25 
 13            26 
 13            28 
 14            22 
 14            23 
 14            27 
 14            28 
 15            20 
 15            26 
 15            29 
 16            23 
 16            25 
 16            28 
 16            29 
 17            23 
 17            24 
 17            25 
 18            24 
 18            25 
 18            26 
 19            22 
 19            27 
 20            23 
 20            30 
 21            24 
 21            26 
 22            24 
 23            32 
 24            32 
 25            32 
 26            32 
 27            32 
 28            32 
 29            32 
 30            32 
 31            32 
