 1             2 
 1             4 
 2             3 
 3             5 
 4             5 
 5             6 
 5             8 
 5             22 
 6             7 
 7             9 
 8             9 
 9             10 
 10            11 
 11            12 
 12            13 
 13            14 
 13            16 
 14            15 
 15            17 
 16            17 
 17            18 
 18            19 
 18            27 
 19            20 
 20            21 
 21            23 
 21            25 
 22            23 
 22            25 
 23            24 
 24            26 
 25            26 
 26            28 
 27            28 
 28            29 
 29            30 
 30            31 
 31            32 
