 1             2 
 1             4 
 1             13 
 2             3 
 2             6 
 2             11 
 2             12 
 3             5 
 3             7 
 3             21 
 4             10 
 4             11 
 4             12 
 4             18 
 4             23 
 4             24 
 5             8 
 5             23 
 5             31 
 6             7 
 6             9 
 7             10 
 7             18 
 7             23 
 7             31 
 8             9 
 8             18 
 9             10 
 10            14 
 10            20 
 11            14 
 11            20 
 12            15 
 12            20 
 13            15 
 13            20 
 14            15 
 15            16 
 15            30 
 16            17 
 16            29 
 17            19 
 18            19 
 19            22 
 19            28 
 20            25 
 20            28 
 21            25 
 21            28 
 22            25 
 23            25 
 24            25 
 25            26 
 26            27 
 27            32 
 28            32 
 29            32 
 30            32 
 31            32 
