 1             2 
 1             3 
 1             4 
 1             5 
 1             6 
 1             12 
 1             13 
 1             16 
 1             21 
 2             8 
 2             9 
 2             11 
 2             22 
 2             23 
 2             31 
 3             8 
 3             10 
 3             15 
 3             31 
 4             9 
 4             10 
 4             14 
 5             7 
 5             22 
 5             31 
 6             14 
 6             17 
 6             19 
 6             20 
 6             22 
 6             25 
 6             31 
 7             14 
 7             17 
 7             19 
 7             20 
 7             25 
 7             30 
 8             14 
 8             20 
 8             25 
 8             30 
 9             17 
 9             19 
 9             20 
 9             25 
 10            20 
 10            22 
 10            25 
 10            30 
 11            18 
 11            19 
 11            25 
 11            30 
 12            18 
 12            22 
 12            23 
 12            25 
 13            19 
 13            28 
 13            31 
 14            18 
 14            27 
 15            17 
 16            24 
 16            25 
 16            28 
 17            18 
 18            24 
 18            28 
 18            29 
 19            24 
 19            27 
 19            29 
 20            24 
 20            28 
 21            25 
 21            26 
 22            27 
 22            29 
 23            26 
 23            27 
 24            26 
 25            27 
 26            32 
 27            32 
 28            32 
 29            32 
 30            32 
 31            32 
