 1             2 
 2             3 
 3             4 
 4             5 
 5             6 
 6             7 
 7             8 
 8             9 
 8             10 
 9             11 
 9             19 
 9             20 
 9             21 
 9             28 
 10            11 
 10            19 
 10            20 
 10            21 
 11            12 
 11            13 
 11            14 
 11            15 
 11            16 
 11            17 
 11            18 
 11            23 
 11            24 
 11            26 
 12            22 
 13            22 
 14            22 
 15            22 
 16            22 
 17            22 
 18            22 
 19            22 
 20            22 
 21            22 
 22            25 
 23            25 
 24            25 
 25            27 
 26            27 
 27            29 
 28            29 
 29            30 
 29            31 
 30            32 
 31            32 
