 1             2 
 1             8 
 1             12 
 1             29 
 1             30 
 1             31 
 2             3 
 3             4 
 3             10 
 4             5 
 5             6 
 5             18 
 6             7 
 7             9 
 8             9 
 9             11 
 10            11 
 11            13 
 12            13 
 13            14 
 13            21 
 14            15 
 14            20 
 14            28 
 15            16 
 15            23 
 15            25 
 15            26 
 16            17 
 16            24 
 17            19 
 18            19 
 19            22 
 20            23 
 21            27 
 22            32 
 23            32 
 24            32 
 25            32 
 26            32 
 27            32 
 28            32 
 29            32 
 30            32 
 31            32 
