 1             2 
 1             4 
 1             5 
 1             6 
 1             7 
 1             10 
 1             15 
 1             16 
 1             20 
 1             31 
 2             3 
 2             9 
 2             14 
 2             18 
 2             30 
 3             8 
 3             13 
 3             23 
 3             25 
 3             26 
 3             28 
 4             8 
 4             11 
 4             18 
 4             25 
 4             26 
 5             11 
 5             18 
 5             24 
 5             27 
 6             12 
 6             23 
 6             24 
 6             25 
 7             21 
 7             22 
 7             23 
 7             25 
 7             27 
 7             30 
 8             12 
 8             19 
 8             24 
 9             12 
 9             24 
 9             27 
 10            12 
 10            23 
 10            26 
 11            12 
 12            17 
 12            22 
 13            22 
 13            29 
 14            21 
 14            24 
 15            21 
 15            28 
 16            18 
 17            21 
 18            23 
 19            21 
 20            21 
 21            32 
 22            32 
 23            32 
 24            32 
 25            32 
 26            32 
 27            32 
 28            32 
 29            32 
 30            32 
 31            32 
