 1             2 
 1             3 
 1             4 
 1             5 
 1             6 
 1             7 
 1             8 
 2             10 
 2             11 
 2             13 
 2             14 
 2             18 
 2             24 
 3             12 
 3             13 
 3             15 
 3             17 
 3             18 
 3             22 
 3             24 
 4             9 
 4             13 
 4             14 
 4             15 
 4             18 
 4             24 
 5             9 
 5             10 
 5             11 
 5             14 
 5             18 
 6             12 
 6             15 
 6             18 
 6             22 
 6             24 
 7             11 
 7             13 
 7             15 
 7             16 
 7             18 
 8             10 
 8             13 
 8             22 
 8             24 
 9             16 
 9             17 
 9             20 
 9             21 
 9             22 
 10            15 
 10            16 
 10            17 
 10            21 
 11            17 
 11            19 
 11            20 
 11            21 
 11            22 
 12            14 
 12            21 
 12            31 
 13            19 
 13            20 
 13            25 
 13            29 
 13            31 
 14            16 
 14            23 
 15            19 
 15            20 
 15            25 
 15            31 
 16            19 
 16            25 
 16            28 
 16            30 
 17            23 
 17            25 
 17            28 
 17            31 
 18            25 
 18            26 
 18            27 
 18            29 
 19            26 
 19            27 
 20            28 
 20            30 
 21            25 
 21            27 
 22            25 
 22            26 
 23            29 
 24            26 
 25            32 
 26            32 
 27            32 
 28            32 
 29            32 
 30            32 
 31            32 
