 1             2 
 1             4 
 1             7 
 1             9 
 1             10 
 1             11 
 1             16 
 1             17 
 1             18 
 1             19 
 1             20 
 1             21 
 1             22 
 1             23 
 1             24 
 1             25 
 1             26 
 1             27 
 1             28 
 1             29 
 1             30 
 1             31 
 2             3 
 2             13 
 2             15 
 3             5 
 3             14 
 4             5 
 4             14 
 5             6 
 6             8 
 7             8 
 8             12 
 9             13 
 10            13 
 11            12 
 12            32 
 13            32 
 14            32 
 15            32 
 16            32 
 17            32 
 18            32 
 19            32 
 20            32 
 21            32 
 22            32 
 23            32 
 24            32 
 25            32 
 26            32 
 27            32 
 28            32 
 29            32 
 30            32 
 31            32 
