 1             2 
 1             3 
 1             4 
 1             5 
 1             7 
 1             8 
 1             9 
 1             10 
 1             13 
 1             14 
 1             16 
 1             18 
 1             31 
 2             6 
 2             19 
 2             22 
 2             30 
 3             15 
 3             19 
 3             22 
 3             25 
 3             26 
 3             29 
 4             11 
 4             22 
 4             23 
 4             25 
 4             27 
 5             11 
 5             12 
 5             19 
 5             24 
 5             28 
 6             12 
 6             23 
 6             24 
 7             11 
 7             19 
 7             22 
 8             19 
 8             20 
 8             22 
 8             23 
 8             24 
 9             20 
 9             23 
 9             24 
 9             26 
 10            17 
 10            19 
 11            15 
 12            15 
 13            15 
 14            20 
 14            21 
 14            25 
 15            17 
 16            17 
 17            20 
 17            21 
 18            20 
 18            21 
 19            21 
 20            32 
 21            32 
 22            32 
 23            32 
 24            32 
 25            32 
 26            32 
 27            32 
 28            32 
 29            32 
 30            32 
 31            32 
