 1             2 
 1             4 
 1             6 
 1             7 
 1             10 
 1             11 
 1             12 
 1             24 
 1             25 
 1             26 
 1             27 
 1             28 
 1             29 
 1             30 
 1             31 
 2             3 
 2             15 
 2             16 
 2             18 
 2             22 
 2             23 
 3             5 
 3             14 
 4             13 
 4             15 
 4             17 
 4             21 
 5             8 
 6             13 
 6             14 
 7             18 
 7             20 
 8             9 
 9             13 
 10            17 
 11            16 
 12            19 
 13            32 
 14            32 
 15            32 
 16            32 
 17            32 
 18            32 
 19            32 
 20            32 
 21            32 
 22            32 
 23            32 
 24            32 
 25            32 
 26            32 
 27            32 
 28            32 
 29            32 
 30            32 
 31            32 
