 1             2 
 1             4 
 1             8 
 2             3 
 2             11 
 2             12 
 2             20 
 3             5 
 3             15 
 3             24 
 4             5 
 4             12 
 4             15 
 5             6 
 5             14 
 6             7 
 7             9 
 7             27 
 8             9 
 8             12 
 9             10 
 10            13 
 10            18 
 10            31 
 11            16 
 11            18 
 11            31 
 12            17 
 12            18 
 12            19 
 13            16 
 13            26 
 14            17 
 14            19 
 14            26 
 15            17 
 15            19 
 15            26 
 16            17 
 16            19 
 17            21 
 17            29 
 17            30 
 18            21 
 18            26 
 19            22 
 19            29 
 20            23 
 20            24 
 21            22 
 22            23 
 23            25 
 24            25 
 25            28 
 26            28 
 27            29 
 28            32 
 29            32 
 30            32 
 31            32 
