 1             2 
 1             3 
 1             4 
 1             5 
 1             7 
 1             8 
 1             9 
 1             16 
 1             19 
 2             10 
 2             11 
 2             12 
 2             13 
 2             14 
 3             10 
 3             13 
 3             24 
 4             6 
 5             12 
 5             17 
 5             18 
 5             20 
 5             21 
 5             23 
 5             30 
 6             10 
 6             22 
 6             24 
 7             10 
 7             13 
 8             15 
 8             17 
 8             18 
 8             22 
 8             23 
 8             29 
 8             30 
 9             11 
 9             13 
 9             15 
 9             24 
 10            15 
 10            17 
 10            18 
 10            23 
 10            29 
 10            30 
 11            17 
 11            20 
 11            21 
 11            22 
 11            29 
 12            22 
 12            24 
 12            26 
 12            29 
 12            31 
 13            20 
 13            21 
 13            22 
 13            27 
 14            17 
 14            20 
 14            21 
 15            20 
 15            21 
 15            28 
 16            22 
 16            30 
 17            26 
 17            27 
 18            25 
 18            27 
 19            26 
 19            27 
 20            26 
 21            25 
 22            25 
 23            25 
 24            28 
 25            32 
 26            32 
 27            32 
 28            32 
 29            32 
 30            32 
 31            32 
