 1             2 
 1             3 
 1             4 
 1             7 
 2             5 
 2             6 
 2             14 
 2             15 
 3             9 
 3             10 
 3             11 
 3             12 
 3             14 
 3             15 
 3             17 
 3             20 
 4             8 
 4             9 
 4             12 
 4             13 
 4             15 
 4             20 
 5             8 
 5             9 
 5             10 
 5             20 
 6             8 
 6             12 
 7             14 
 7             15 
 7             17 
 7             18 
 7             19 
 8             11 
 8             16 
 8             17 
 8             19 
 8             21 
 9             16 
 9             19 
 9             21 
 9             22 
 9             30 
 10            13 
 10            19 
 10            21 
 10            29 
 11            22 
 11            23 
 11            24 
 11            26 
 11            29 
 11            30 
 11            31 
 12            18 
 12            22 
 12            29 
 12            31 
 13            22 
 13            23 
 13            24 
 13            26 
 13            30 
 13            31 
 14            22 
 14            23 
 14            24 
 14            29 
 14            30 
 14            31 
 15            21 
 15            23 
 15            28 
 15            29 
 15            31 
 16            23 
 16            24 
 16            26 
 16            27 
 16            28 
 16            29 
 16            31 
 17            26 
 17            27 
 17            29 
 17            30 
 18            24 
 18            25 
 18            26 
 18            30 
 19            23 
 19            24 
 19            26 
 20            23 
 20            24 
 20            28 
 21            24 
 21            26 
 21            27 
 22            27 
 22            28 
 23            25 
 24            32 
 25            32 
 26            32 
 27            32 
 28            32 
 29            32 
 30            32 
 31            32 
