 1             2 
 1             4 
 1             31 
 2             3 
 2             15 
 3             5 
 3             19 
 3             30 
 4             6 
 4             14 
 4             15 
 4             30 
 5             6 
 5             14 
 6             7 
 7             8 
 7             29 
 8             9 
 8             11 
 9             10 
 9             28 
 10            12 
 10            22 
 11            12 
 12            13 
 12            16 
 12            27 
 13            17 
 14            16 
 15            16 
 16            20 
 16            24 
 16            25 
 16            26 
 17            18 
 17            25 
 18            20 
 18            24 
 19            21 
 19            24 
 20            21 
 21            23 
 22            27 
 23            32 
 24            32 
 25            32 
 26            32 
 27            32 
 28            32 
 29            32 
 30            32 
 31            32 
