 1             2 
 1             30 
 1             31 
 2             3 
 2             6 
 3             4 
 3             29 
 4             5 
 5             7 
 5             28 
 6             7 
 6             28 
 7             8 
 8             9 
 8             13 
 8             27 
 9             10 
 9             26 
 10            11 
 11            12 
 12            14 
 12            18 
 12            24 
 13            14 
 13            24 
 13            25 
 14            15 
 14            21 
 14            23 
 15            16 
 15            22 
 16            17 
 16            20 
 17            19 
 18            21 
 19            32 
 20            32 
 21            32 
 22            32 
 23            32 
 24            32 
 25            32 
 26            32 
 27            32 
 28            32 
 29            32 
 30            32 
 31            32 
