 1             2 
 2             3 
 3             4 
 4             5 
 4             31 
 5             6 
 6             7 
 7             8 
 8             9 
 9             10 
 9             30 
 10            11 
 11            12 
 12            13 
 13            14 
 13            25 
 14            15 
 15            16 
 16            17 
 16            28 
 17            18 
 17            29 
 18            19 
 19            20 
 20            21 
 21            22 
 22            23 
 22            27 
 23            24 
 24            26 
 25            28 
 26            32 
 27            32 
 28            32 
 29            32 
 30            32 
 31            32 
