 1             2 
 1             8 
 1             27 
 1             28 
 1             29 
 1             30 
 1             31 
 2             3 
 3             4 
 3             25 
 3             26 
 4             5 
 4             23 
 4             24 
 5             6 
 5             22 
 6             7 
 6             20 
 6             21 
 7             9 
 7             19 
 8             11 
 8             18 
 8             19 
 9             10 
 10            11 
 10            18 
 11            12 
 12            13 
 13            14 
 14            15 
 15            16 
 16            17 
 17            32 
 18            32 
 19            32 
 20            32 
 21            32 
 22            32 
 23            32 
 24            32 
 25            32 
 26            32 
 27            32 
 28            32 
 29            32 
 30            32 
 31            32 
