1	1	0
2	1	0
3	1	0
4	1	0
1	2	0
2	2	9
3	2	0
4	2	0
1	3	8
2	3	0
3	3	0
4	3	0
1	4	0
2	4	0
3	4	0
4	4	5
1	5	5
2	5	0
3	5	0
4	5	0
1	6	0
2	6	3
3	6	0
4	6	0
1	7	0
2	7	0
3	7	2
4	7	0
1	8	4
2	8	0
3	8	0
4	8	0
1	9	0
2	9	6
3	9	0
4	9	0
1	10	0
2	10	0
3	10	0
4	10	2
1	11	4
2	11	0
3	11	0
4	11	0
1	12	0
2	12	9
3	12	0
4	12	0
1	13	0
2	13	0
3	13	10
4	13	0
1	14	0
2	14	0
3	14	0
4	14	4
1	15	0
2	15	0
3	15	3
4	15	0
1	16	0
2	16	1
3	16	0
4	16	0
1	17	0
2	17	0
3	17	8
4	17	0
1	18	0
2	18	0
3	18	0
4	18	5
1	19	0
2	19	0
3	19	0
4	19	9
1	20	0
2	20	10
3	20	0
4	20	0
1	21	0
2	21	0
3	21	1
4	21	0
1	22	1
2	22	0
3	22	0
4	22	0
1	23	0
2	23	0
3	23	6
4	23	0
1	24	0
2	24	0
3	24	0
4	24	10
1	25	0
2	25	0
3	25	7
4	25	0
1	26	7
2	26	0
3	26	0
4	26	0
1	27	10
2	27	0
3	27	0
4	27	0
1	28	7
2	28	0
3	28	0
4	28	0
1	29	0
2	29	0
3	29	4
4	29	0
1	30	0
2	30	0
3	30	6
4	30	0
1	31	0
2	31	6
3	31	0
4	31	0
1	32	0
2	32	7
3	32	0
4	32	0
1	33	5
2	33	0
3	33	0
4	33	0
1	34	0
2	34	3
3	34	0
4	34	0
1	35	0
2	35	0
3	35	10
4	35	0
1	36	2
2	36	0
3	36	0
4	36	0
1	37	0
2	37	0
3	37	0
4	37	1
1	38	0
2	38	0
3	38	5
4	38	0
1	39	0
2	39	0
3	39	0
4	39	8
1	40	0
2	40	0
3	40	4
4	40	0
1	41	8
2	41	0
3	41	0
4	41	0
1	42	3
2	42	0
3	42	0
4	42	0
1	43	0
2	43	0
3	43	8
4	43	0
1	44	0
2	44	0
3	44	0
4	44	7
1	45	0
2	45	6
3	45	0
4	45	0
1	46	0
2	46	0
3	46	6
4	46	0
1	47	0
2	47	0
3	47	10
4	47	0
1	48	0
2	48	0
3	48	0
4	48	7
1	49	0
2	49	0
3	49	1
4	49	0
1	50	0
2	50	2
3	50	0
4	50	0
1	51	0
2	51	0
3	51	0
4	51	6
1	52	0
2	52	0
3	52	0
4	52	8
1	53	0
2	53	0
3	53	0
4	53	8
1	54	0
2	54	0
3	54	4
4	54	0
1	55	0
2	55	9
3	55	0
4	55	0
1	56	10
2	56	0
3	56	0
4	56	0
1	57	0
2	57	0
3	57	0
4	57	6
1	58	0
2	58	0
3	58	4
4	58	0
1	59	0
2	59	0
3	59	7
4	59	0
1	60	0
2	60	7
3	60	0
4	60	0
1	61	0
2	61	0
3	61	2
4	61	0
1	62	0
2	62	0
3	62	0
4	62	0