1	1	0
2	1	0
3	1	0
4	1	0
1	2	0
2	2	8
3	2	0
4	2	0
1	3	0
2	3	0
3	3	0
4	3	3
1	4	0
2	4	0
3	4	9
4	4	0
1	5	0
2	5	5
3	5	0
4	5	0
1	6	0
2	6	1
3	6	0
4	6	0
1	7	0
2	7	0
3	7	2
4	7	0
1	8	0
2	8	0
3	8	0
4	8	6
1	9	0
2	9	6
3	9	0
4	9	0
1	10	0
2	10	0
3	10	6
4	10	0
1	11	1
2	11	0
3	11	0
4	11	0
1	12	1
2	12	0
3	12	0
4	12	0
1	13	0
2	13	9
3	13	0
4	13	0
1	14	0
2	14	6
3	14	0
4	14	0
1	15	0
2	15	0
3	15	3
4	15	0
1	16	0
2	16	2
3	16	0
4	16	0
1	17	0
2	17	0
3	17	8
4	17	0
1	18	0
2	18	0
3	18	1
4	18	0
1	19	9
2	19	0
3	19	0
4	19	0
1	20	0
2	20	4
3	20	0
4	20	0
1	21	0
2	21	3
3	21	0
4	21	0
1	22	0
2	22	2
3	22	0
4	22	0
1	23	0
2	23	2
3	23	0
4	23	0
1	24	9
2	24	0
3	24	0
4	24	0
1	25	0
2	25	9
3	25	0
4	25	0
1	26	0
2	26	4
3	26	0
4	26	0
1	27	0
2	27	0
3	27	9
4	27	0
1	28	0
2	28	2
3	28	0
4	28	0
1	29	0
2	29	0
3	29	1
4	29	0
1	30	10
2	30	0
3	30	0
4	30	0
1	31	3
2	31	0
3	31	0
4	31	0
1	32	0
2	32	0
3	32	0
4	32	4
1	33	0
2	33	0
3	33	8
4	33	0
1	34	0
2	34	8
3	34	0
4	34	0
1	35	0
2	35	0
3	35	0
4	35	7
1	36	0
2	36	0
3	36	0
4	36	5
1	37	2
2	37	0
3	37	0
4	37	0
1	38	1
2	38	0
3	38	0
4	38	0
1	39	0
2	39	0
3	39	0
4	39	1
1	40	4
2	40	0
3	40	0
4	40	0
1	41	5
2	41	0
3	41	0
4	41	0
1	42	0
2	42	9
3	42	0
4	42	0
1	43	0
2	43	0
3	43	4
4	43	0
1	44	0
2	44	1
3	44	0
4	44	0
1	45	0
2	45	0
3	45	2
4	45	0
1	46	0
2	46	9
3	46	0
4	46	0
1	47	0
2	47	3
3	47	0
4	47	0
1	48	0
2	48	0
3	48	0
4	48	4
1	49	0
2	49	7
3	49	0
4	49	0
1	50	6
2	50	0
3	50	0
4	50	0
1	51	0
2	51	0
3	51	0
4	51	4
1	52	0
2	52	0
3	52	0
4	52	10
1	53	6
2	53	0
3	53	0
4	53	0
1	54	0
2	54	0
3	54	0
4	54	6
1	55	0
2	55	0
3	55	0
4	55	10
1	56	5
2	56	0
3	56	0
4	56	0
1	57	0
2	57	7
3	57	0
4	57	0
1	58	0
2	58	0
3	58	1
4	58	0
1	59	0
2	59	0
3	59	3
4	59	0
1	60	0
2	60	0
3	60	6
4	60	0
1	61	10
2	61	0
3	61	0
4	61	0
1	62	0
2	62	0
3	62	0
4	62	0