 1             1             0 
 2             1             0 
 3             1             0 
 4             1             0 
 1             2             1 
 2             2             0 
 3             2             1 
 4             2             1 
 1             3             3 
 2             3             0 
 3             3             6 
 4             3             3 
 1             4             4 
 2             4             3 
 3             4             0 
 4             4             4 
 1             5             4 
 2             5             3 
 3             5             0 
 4             5             5 
 1             6             5 
 2             6             3 
 3             6             3 
 4             6             0 
 1             7             0 
 2             7             3 
 3             7             3 
 4             7             6 
 1             8             4 
 2             8             0 
 3             8             3 
 4             8             7 
 1             9             1 
 2             9             2 
 3             9             0 
 4             9             7 
 1             10            9 
 2             10            3 
 3             10            0 
 4             10            1 
 1             11            0 
 2             11            6 
 3             11            4 
 4             11            1 
 1             12            1 
 2             12            3 
 3             12            3 
 4             12            0 
 1             13            4 
 2             13            0 
 3             13            4 
 4             13            5 
 1             14            0 
 2             14            4 
 3             14            8 
 4             14            5 
 1             15            1 
 2             15            5 
 3             15            6 
 4             15            0 
 1             16            6 
 2             16            2 
 3             16            0 
 4             16            2 
 1             17            4 
 2             17            6 
 3             17            1 
 4             17            0 
 1             18            2 
 2             18            5 
 3             18            0 
 4             18            5 
 1             19            0 
 2             19            2 
 3             19            5 
 4             19            6 
 1             20            6 
 2             20            0 
 3             20            6 
 4             20            3 
 1             21            0 
 2             21            4 
 3             21            3 
 4             21            3 
 1             22            5 
 2             22            4 
 3             22            4 
 4             22            0 
 1             23            0 
 2             23            10 
 3             23            3 
 4             23            6 
 1             24            3 
 2             24            0 
 3             24            5 
 4             24            4 
 1             25            5 
 2             25            6 
 3             25            4 
 4             25            0 
 1             26            8 
 2             26            2 
 3             26            4 
 4             26            0 
 1             27            3 
 2             27            0 
 3             27            2 
 4             27            4 
 1             28            2 
 2             28            0 
 3             28            7 
 4             28            3 
 1             29            7 
 2             29            0 
 3             29            3 
 4             29            5 
 1             30            3 
 2             30            0 
 3             30            3 
 4             30            2 
 1             31            5 
 2             31            0 
 3             31            5 
 4             31            4 
 1             32            0 
 2             32            0 
 3             32            0 
 4             32            0 
