 1             1             0 
 2             1             0 
 3             1             0 
 4             1             0 
 1             2             1 
 2             2             1 
 3             2             0 
 4             2             1 
 1             3             1 
 2             3             0 
 3             3             1 
 4             3             6 
 1             4             5 
 2             4             0 
 3             4             3 
 4             4             3 
 1             5             0 
 2             5             5 
 3             5             5 
 4             5             4 
 1             6             4 
 2             6             5 
 3             6             0 
 4             6             3 
 1             7             4 
 2             7             7 
 3             7             0 
 4             7             3 
 1             8             0 
 2             8             5 
 3             8             4 
 4             8             3 
 1             9             7 
 2             9             0 
 3             9             3 
 4             9             3 
 1             10            7 
 2             10            3 
 3             10            0 
 4             10            4 
 1             11            0 
 2             11            4 
 3             11            5 
 4             11            5 
 1             12            4 
 2             12            5 
 3             12            0 
 4             12            5 
 1             13            3 
 2             13            4 
 3             13            0 
 4             13            4 
 1             14            8 
 2             14            3 
 3             14            0 
 4             14            5 
 1             15            5 
 2             15            3 
 3             15            0 
 4             15            4 
 1             16            6 
 2             16            3 
 3             16            7 
 4             16            0 
 1             17            3 
 2             17            4 
 3             17            3 
 4             17            0 
 1             18            0 
 2             18            4 
 3             18            6 
 4             18            4 
 1             19            6 
 2             19            4 
 3             19            3 
 4             19            0 
 1             20            2 
 2             20            0 
 3             20            3 
 4             20            4 
 1             21            3 
 2             21            0 
 3             21            8 
 4             21            3 
 1             22            0 
 2             22            4 
 3             22            5 
 4             22            6 
 1             23            4 
 2             23            1 
 3             23            0 
 4             23            3 
 1             24            3 
 2             24            0 
 3             24            4 
 4             24            5 
 1             25            0 
 2             25            4 
 3             25            3 
 4             25            5 
 1             26            4 
 2             26            0 
 3             26            4 
 4             26            5 
 1             27            6 
 2             27            5 
 3             27            0 
 4             27            3 
 1             28            0 
 2             28            8 
 3             28            2 
 4             28            3 
 1             29            2 
 2             29            1 
 3             29            3 
 4             29            0 
 1             30            3 
 2             30            5 
 3             30            0 
 4             30            6 
 1             31            1 
 2             31            4 
 3             31            4 
 4             31            0 
 1             32            0 
 2             32            0 
 3             32            0 
 4             32            0 
