 1             1             0 
 2             1             0 
 3             1             0 
 4             1             0 
 1             2             1 
 2             2             1 
 3             2             1 
 4             2             0 
 1             3             4 
 2             3             5 
 3             3             0 
 4             3             1 
 1             4             6 
 2             4             6 
 3             4             8 
 4             4             0 
 1             5             1 
 2             5             2 
 3             5             0 
 4             5             4 
 1             6             0 
 2             6             3 
 3             6             6 
 4             6             5 
 1             7             0 
 2             7             6 
 3             7             3 
 4             7             2 
 1             8             3 
 2             8             5 
 3             8             0 
 4             8             6 
 1             9             3 
 2             9             6 
 3             9             4 
 4             9             0 
 1             10            6 
 2             10            2 
 3             10            0 
 4             10            3 
 1             11            2 
 2             11            0 
 3             11            1 
 4             11            7 
 1             12            4 
 2             12            4 
 3             12            0 
 4             12            4 
 1             13            0 
 2             13            4 
 3             13            4 
 4             13            9 
 1             14            4 
 2             14            0 
 3             14            5 
 4             14            7 
 1             15            6 
 2             15            0 
 3             15            2 
 4             15            6 
 1             16            4 
 2             16            5 
 3             16            0 
 4             16            8 
 1             17            2 
 2             17            2 
 3             17            0 
 4             17            2 
 1             18            0 
 2             18            6 
 3             18            5 
 4             18            3 
 1             19            0 
 2             19            4 
 3             19            6 
 4             19            2 
 1             20            3 
 2             20            5 
 3             20            0 
 4             20            3 
 1             21            0 
 2             21            3 
 3             21            3 
 4             21            4 
 1             22            0 
 2             22            4 
 3             22            3 
 4             22            4 
 1             23            4 
 2             23            0 
 3             23            3 
 4             23            2 
 1             24            8 
 2             24            0 
 3             24            5 
 4             24            5 
 1             25            6 
 2             25            3 
 3             25            4 
 4             25            0 
 1             26            4 
 2             26            0 
 3             26            5 
 4             26            2 
 1             27            6 
 2             27            5 
 3             27            0 
 4             27            3 
 1             28            4 
 2             28            0 
 3             28            7 
 4             28            2 
 1             29            2 
 2             29            5 
 3             29            3 
 4             29            0 
 1             30            0 
 2             30            3 
 3             30            4 
 4             30            2 
 1             31            5 
 2             31            3 
 3             31            2 
 4             31            0 
 1             32            0 
 2             32            0 
 3             32            0 
 4             32            0 
