 1             1             0 
 2             1             0 
 3             1             0 
 4             1             0 
 1             2             1 
 2             2             1 
 3             2             0 
 4             2             1 
 1             3             4 
 2             3             0 
 3             3             1 
 4             3             3 
 1             4             4 
 2             4             0 
 3             4             4 
 4             4             4 
 1             5             5 
 2             5             7 
 3             5             0 
 4             5             5 
 1             6             0 
 2             6             4 
 3             6             3 
 4             6             2 
 1             7             2 
 2             7             0 
 3             7             3 
 4             7             2 
 1             8             2 
 2             8             3 
 3             8             0 
 4             8             7 
 1             9             2 
 2             9             5 
 3             9             0 
 4             9             5 
 1             10            4 
 2             10            3 
 3             10            0 
 4             10            1 
 1             11            4 
 2             11            0 
 3             11            3 
 4             11            4 
 1             12            0 
 2             12            2 
 3             12            2 
 4             12            5 
 1             13            0 
 2             13            5 
 3             13            7 
 4             13            6 
 1             14            4 
 2             14            1 
 3             14            5 
 4             14            0 
 1             15            4 
 2             15            4 
 3             15            6 
 4             15            0 
 1             16            4 
 2             16            0 
 3             16            3 
 4             16            5 
 1             17            9 
 2             17            6 
 3             17            0 
 4             17            4 
 1             18            5 
 2             18            0 
 3             18            8 
 4             18            4 
 1             19            6 
 2             19            0 
 3             19            3 
 4             19            1 
 1             20            0 
 2             20            5 
 3             20            3 
 4             20            6 
 1             21            1 
 2             21            5 
 3             21            4 
 4             21            0 
 1             22            5 
 2             22            0 
 3             22            4 
 4             22            1 
 1             23            5 
 2             23            5 
 3             23            4 
 4             23            0 
 1             24            5 
 2             24            0 
 3             24            3 
 4             24            6 
 1             25            5 
 2             25            0 
 3             25            2 
 4             25            5 
 1             26            0 
 2             26            5 
 3             26            5 
 4             26            5 
 1             27            0 
 2             27            1 
 3             27            4 
 4             27            3 
 1             28            4 
 2             28            5 
 3             28            7 
 4             28            0 
 1             29            2 
 2             29            6 
 3             29            0 
 4             29            7 
 1             30            5 
 2             30            3 
 3             30            4 
 4             30            0 
 1             31            4 
 2             31            4 
 3             31            0 
 4             31            4 
 1             32            0 
 2             32            0 
 3             32            0 
 4             32            0 
