 1             1             0 
 2             1             0 
 3             1             0 
 4             1             0 
 1             2             1 
 2             2             0 
 3             2             1 
 4             2             1 
 1             3             4 
 2             3             1 
 3             3             3 
 4             3             0 
 1             4             5 
 2             4             0 
 3             4             3 
 4             4             4 
 1             5             6 
 2             5             7 
 3             5             0 
 4             5             4 
 1             6             0 
 2             6             3 
 3             6             5 
 4             6             4 
 1             7             5 
 2             7             0 
 3             7             4 
 4             7             7 
 1             8             0 
 2             8             5 
 3             8             5 
 4             8             4 
 1             9             4 
 2             9             3 
 3             9             5 
 4             9             0 
 1             10            4 
 2             10            2 
 3             10            4 
 4             10            0 
 1             11            0 
 2             11            4 
 3             11            5 
 4             11            4 
 1             12            1 
 2             12            0 
 3             12            5 
 4             12            2 
 1             13            3 
 2             13            2 
 3             13            6 
 4             13            0 
 1             14            4 
 2             14            10 
 3             14            0 
 4             14            6 
 1             15            2 
 2             15            0 
 3             15            5 
 4             15            4 
 1             16            3 
 2             16            5 
 3             16            2 
 4             16            0 
 1             17            0 
 2             17            2 
 3             17            2 
 4             17            2 
 1             18            2 
 2             18            4 
 3             18            3 
 4             18            0 
 1             19            3 
 2             19            3 
 3             19            0 
 4             19            2 
 1             20            0 
 2             20            4 
 3             20            5 
 4             20            3 
 1             21            5 
 2             21            6 
 3             21            5 
 4             21            0 
 1             22            5 
 2             22            0 
 3             22            4 
 4             22            3 
 1             23            5 
 2             23            3 
 3             23            6 
 4             23            0 
 1             24            5 
 2             24            6 
 3             24            0 
 4             24            7 
 1             25            5 
 2             25            1 
 3             25            3 
 4             25            0 
 1             26            4 
 2             26            4 
 3             26            4 
 4             26            0 
 1             27            5 
 2             27            7 
 3             27            4 
 4             27            0 
 1             28            4 
 2             28            0 
 3             28            7 
 4             28            3 
 1             29            4 
 2             29            1 
 3             29            2 
 4             29            0 
 1             30            5 
 2             30            4 
 3             30            2 
 4             30            0 
 1             31            6 
 2             31            5 
 3             31            0 
 4             31            8 
 1             32            0 
 2             32            0 
 3             32            0 
 4             32            0 
