 1             1             0 
 2             1             0 
 3             1             0 
 4             1             0 
 1             2             1 
 2             2             0 
 3             2             1 
 4             2             1 
 1             3             0 
 2             3             1 
 3             3             4 
 4             3             4 
 1             4             5 
 2             4             0 
 3             4             2 
 4             4             3 
 1             5             2 
 2             5             10 
 3             5             4 
 4             5             0 
 1             6             0 
 2             6             4 
 3             6             3 
 4             6             5 
 1             7             0 
 2             7             3 
 3             7             3 
 4             7             3 
 1             8             2 
 2             8             4 
 3             8             0 
 4             8             5 
 1             9             5 
 2             9             4 
 3             9             8 
 4             9             0 
 1             10            3 
 2             10            4 
 3             10            0 
 4             10            2 
 1             11            4 
 2             11            4 
 3             11            4 
 4             11            0 
 1             12            6 
 2             12            4 
 3             12            0 
 4             12            6 
 1             13            5 
 2             13            0 
 3             13            4 
 4             13            2 
 1             14            0 
 2             14            2 
 3             14            7 
 4             14            4 
 1             15            3 
 2             15            0 
 3             15            3 
 4             15            1 
 1             16            5 
 2             16            5 
 3             16            6 
 4             16            0 
 1             17            4 
 2             17            1 
 3             17            0 
 4             17            8 
 1             18            4 
 2             18            0 
 3             18            2 
 4             18            8 
 1             19            4 
 2             19            6 
 3             19            0 
 4             19            1 
 1             20            3 
 2             20            5 
 3             20            1 
 4             20            0 
 1             21            2 
 2             21            3 
 3             21            3 
 4             21            0 
 1             22            4 
 2             22            0 
 3             22            5 
 4             22            7 
 1             23            6 
 2             23            5 
 3             23            0 
 4             23            5 
 1             24            6 
 2             24            2 
 3             24            0 
 4             24            3 
 1             25            2 
 2             25            4 
 3             25            4 
 4             25            0 
 1             26            6 
 2             26            4 
 3             26            4 
 4             26            0 
 1             27            5 
 2             27            0 
 3             27            2 
 4             27            4 
 1             28            5 
 2             28            4 
 3             28            5 
 4             28            0 
 1             29            6 
 2             29            4 
 3             29            6 
 4             29            0 
 1             30            0 
 2             30            5 
 3             30            6 
 4             30            5 
 1             31            2 
 2             31            0 
 3             31            5 
 4             31            3 
 1             32            0 
 2             32            0 
 3             32            0 
 4             32            0 
