 1             1             0 
 2             1             0 
 3             1             0 
 4             1             0 
 1             2             0 
 2             2             1 
 3             2             1 
 4             2             1 
 1             3             1 
 2             3             0 
 3             3             3 
 4             3             7 
 1             4             3 
 2             4             6 
 3             4             0 
 4             4             4 
 1             5             3 
 2             5             0 
 3             5             5 
 4             5             4 
 1             6             0 
 2             6             6 
 3             6             1 
 4             6             5 
 1             7             4 
 2             7             4 
 3             7             0 
 4             7             3 
 1             8             3 
 2             8             2 
 3             8             0 
 4             8             2 
 1             9             7 
 2             9             4 
 3             9             0 
 4             9             4 
 1             10            0 
 2             10            5 
 3             10            5 
 4             10            6 
 1             11            0 
 2             11            1 
 3             11            5 
 4             11            4 
 1             12            0 
 2             12            4 
 3             12            2 
 4             12            5 
 1             13            4 
 2             13            0 
 3             13            3 
 4             13            5 
 1             14            4 
 2             14            3 
 3             14            7 
 4             14            0 
 1             15            0 
 2             15            3 
 3             15            4 
 4             15            2 
 1             16            4 
 2             16            0 
 3             16            3 
 4             16            2 
 1             17            0 
 2             17            9 
 3             17            6 
 4             17            5 
 1             18            0 
 2             18            3 
 3             18            6 
 4             18            6 
 1             19            6 
 2             19            1 
 3             19            4 
 4             19            0 
 1             20            5 
 2             20            4 
 3             20            6 
 4             20            0 
 1             21            7 
 2             21            0 
 3             21            4 
 4             21            6 
 1             22            0 
 2             22            3 
 3             22            3 
 4             22            3 
 1             23            3 
 2             23            2 
 3             23            1 
 4             23            0 
 1             24            5 
 2             24            6 
 3             24            6 
 4             24            0 
 1             25            0 
 2             25            4 
 3             25            2 
 4             25            2 
 1             26            4 
 2             26            3 
 3             26            2 
 4             26            0 
 1             27            2 
 2             27            6 
 3             27            0 
 4             27            6 
 1             28            2 
 2             28            4 
 3             28            0 
 4             28            2 
 1             29            5 
 2             29            6 
 3             29            8 
 4             29            0 
 1             30            2 
 2             30            6 
 3             30            4 
 4             30            0 
 1             31            6 
 2             31            0 
 3             31            5 
 4             31            4 
 1             32            0 
 2             32            0 
 3             32            0 
 4             32            0 
