 1             1             0 
 2             1             0 
 3             1             0 
 4             1             0 
 1             2             0 
 2             2             1 
 3             2             1 
 4             2             1 
 1             3             1 
 2             3             3 
 3             3             0 
 4             3             5 
 1             4             3 
 2             4             6 
 3             4             0 
 4             4             7 
 1             5             0 
 2             5             6 
 3             5             1 
 4             5             3 
 1             6             7 
 2             6             3 
 3             6             2 
 4             6             0 
 1             7             0 
 2             7             4 
 3             7             6 
 4             7             3 
 1             8             0 
 2             8             6 
 3             8             8 
 4             8             4 
 1             9             3 
 2             9             2 
 3             9             0 
 4             9             4 
 1             10            2 
 2             10            4 
 3             10            0 
 4             10            3 
 1             11            6 
 2             11            1 
 3             11            0 
 4             11            4 
 1             12            3 
 2             12            3 
 3             12            0 
 4             12            6 
 1             13            3 
 2             13            2 
 3             13            0 
 4             13            3 
 1             14            3 
 2             14            8 
 3             14            0 
 4             14            5 
 1             15            0 
 2             15            3 
 3             15            5 
 4             15            3 
 1             16            0 
 2             16            8 
 3             16            5 
 4             16            3 
 1             17            3 
 2             17            3 
 3             17            0 
 4             17            5 
 1             18            1 
 2             18            0 
 3             18            5 
 4             18            2 
 1             19            6 
 2             19            0 
 3             19            3 
 4             19            5 
 1             20            0 
 2             20            4 
 3             20            3 
 4             20            7 
 1             21            6 
 2             21            5 
 3             21            0 
 4             21            3 
 1             22            5 
 2             22            4 
 3             22            0 
 4             22            4 
 1             23            3 
 2             23            5 
 3             23            3 
 4             23            0 
 1             24            4 
 2             24            1 
 3             24            0 
 4             24            5 
 1             25            2 
 2             25            3 
 3             25            8 
 4             25            0 
 1             26            5 
 2             26            0 
 3             26            3 
 4             26            4 
 1             27            5 
 2             27            7 
 3             27            0 
 4             27            5 
 1             28            6 
 2             28            0 
 3             28            5 
 4             28            3 
 1             29            0 
 2             29            3 
 3             29            4 
 4             29            5 
 1             30            3 
 2             30            5 
 3             30            0 
 4             30            1 
 1             31            8 
 2             31            0 
 3             31            2 
 4             31            5 
 1             32            0 
 2             32            0 
 3             32            0 
 4             32            0 
