 1             1             0 
 2             1             0 
 3             1             0 
 4             1             0 
 1             2             0 
 2             2             1 
 3             2             1 
 4             2             1 
 1             3             1 
 2             3             7 
 3             3             4 
 4             3             0 
 1             4             3 
 2             4             4 
 3             4             6 
 4             4             0 
 1             5             4 
 2             5             1 
 3             5             0 
 4             5             3 
 1             6             7 
 2             6             0 
 3             6             5 
 4             6             4 
 1             7             0 
 2             7             4 
 3             7             3 
 4             7             4 
 1             8             0 
 2             8             7 
 3             8             6 
 4             8             6 
 1             9             0 
 2             9             2 
 3             9             4 
 4             9             2 
 1             10            5 
 2             10            3 
 3             10            0 
 4             10            4 
 1             11            3 
 2             11            3 
 3             11            5 
 4             11            0 
 1             12            6 
 2             12            4 
 3             12            6 
 4             12            0 
 1             13            1 
 2             13            0 
 3             13            4 
 4             13            5 
 1             14            0 
 2             14            6 
 3             14            4 
 4             14            4 
 1             15            0 
 2             15            5 
 3             15            4 
 4             15            6 
 1             16            8 
 2             16            4 
 3             16            4 
 4             16            0 
 1             17            1 
 2             17            2 
 3             17            4 
 4             17            0 
 1             18            3 
 2             18            5 
 3             18            0 
 4             18            4 
 1             19            4 
 2             19            0 
 3             19            5 
 4             19            5 
 1             20            2 
 2             20            0 
 3             20            6 
 4             20            5 
 1             21            3 
 2             21            3 
 3             21            5 
 4             21            0 
 1             22            5 
 2             22            5 
 3             22            0 
 4             22            3 
 1             23            3 
 2             23            4 
 3             23            2 
 4             23            0 
 1             24            0 
 2             24            2 
 3             24            5 
 4             24            6 
 1             25            0 
 2             25            4 
 3             25            2 
 4             25            6 
 1             26            5 
 2             26            5 
 3             26            2 
 4             26            0 
 1             27            7 
 2             27            0 
 3             27            2 
 4             27            3 
 1             28            3 
 2             28            0 
 3             28            4 
 4             28            4 
 1             29            0 
 2             29            7 
 3             29            3 
 4             29            2 
 1             30            3 
 2             30            5 
 3             30            0 
 4             30            4 
 1             31            7 
 2             31            3 
 3             31            0 
 4             31            3 
 1             32            0 
 2             32            0 
 3             32            0 
 4             32            0 
