 1             1             0 
 2             1             0 
 3             1             0 
 4             1             0 
 1             2             1 
 2             2             1 
 3             2             0 
 4             2             1 
 1             3             6 
 2             3             3 
 3             3             0 
 4             3             7 
 1             4             3 
 2             4             5 
 3             4             1 
 4             4             0 
 1             5             5 
 2             5             0 
 3             5             6 
 4             5             4 
 1             6             7 
 2             6             0 
 3             6             4 
 4             6             5 
 1             7             6 
 2             7             4 
 3             7             5 
 4             7             0 
 1             8             3 
 2             8             1 
 3             8             0 
 4             8             2 
 1             9             0 
 2             9             5 
 3             9             6 
 4             9             2 
 1             10            6 
 2             10            4 
 3             10            1 
 4             10            0 
 1             11            5 
 2             11            0 
 3             11            3 
 4             11            5 
 1             12            7 
 2             12            1 
 3             12            5 
 4             12            0 
 1             13            0 
 2             13            8 
 3             13            4 
 4             13            1 
 1             14            2 
 2             14            0 
 3             14            3 
 4             14            3 
 1             15            0 
 2             15            4 
 3             15            2 
 4             15            6 
 1             16            2 
 2             16            3 
 3             16            5 
 4             16            0 
 1             17            5 
 2             17            0 
 3             17            4 
 4             17            3 
 1             18            5 
 2             18            3 
 3             18            6 
 4             18            0 
 1             19            2 
 2             19            6 
 3             19            0 
 4             19            5 
 1             20            0 
 2             20            4 
 3             20            2 
 4             20            8 
 1             21            0 
 2             21            4 
 3             21            6 
 4             21            6 
 1             22            4 
 2             22            4 
 3             22            2 
 4             22            0 
 1             23            3 
 2             23            5 
 3             23            0 
 4             23            6 
 1             24            3 
 2             24            3 
 3             24            0 
 4             24            2 
 1             25            2 
 2             25            6 
 3             25            0 
 4             25            3 
 1             26            4 
 2             26            4 
 3             26            0 
 4             26            3 
 1             27            4 
 2             27            4 
 3             27            0 
 4             27            5 
 1             28            3 
 2             28            4 
 3             28            0 
 4             28            3 
 1             29            3 
 2             29            0 
 3             29            4 
 4             29            5 
 1             30            5 
 2             30            0 
 3             30            3 
 4             30            3 
 1             31            0 
 2             31            6 
 3             31            8 
 4             31            4 
 1             32            0 
 2             32            0 
 3             32            0 
 4             32            0 
