 1             1             0 
 2             1             0 
 3             1             0 
 4             1             0 
 1             2             1 
 2             2             1 
 3             2             0 
 4             2             1 
 1             3             2 
 2             3             3 
 3             3             0 
 4             3             5 
 1             4             5 
 2             4             5 
 3             4             1 
 4             4             0 
 1             5             5 
 2             5             0 
 3             5             3 
 4             5             2 
 1             6             5 
 2             6             4 
 3             6             0 
 4             6             5 
 1             7             7 
 2             7             1 
 3             7             0 
 4             7             5 
 1             8             9 
 2             8             5 
 3             8             0 
 4             8             2 
 1             9             4 
 2             9             0 
 3             9             4 
 4             9             6 
 1             10            4 
 2             10            5 
 3             10            0 
 4             10            3 
 1             11            0 
 2             11            2 
 3             11            4 
 4             11            6 
 1             12            3 
 2             12            0 
 3             12            5 
 4             12            4 
 1             13            1 
 2             13            8 
 3             13            4 
 4             13            0 
 1             14            4 
 2             14            4 
 3             14            3 
 4             14            0 
 1             15            4 
 2             15            6 
 3             15            4 
 4             15            0 
 1             16            2 
 2             16            0 
 3             16            4 
 4             16            7 
 1             17            3 
 2             17            2 
 3             17            5 
 4             17            0 
 1             18            0 
 2             18            6 
 3             18            6 
 4             18            4 
 1             19            0 
 2             19            7 
 3             19            6 
 4             19            3 
 1             20            6 
 2             20            3 
 3             20            2 
 4             20            0 
 1             21            4 
 2             21            0 
 3             21            4 
 4             21            3 
 1             22            0 
 2             22            3 
 3             22            6 
 4             22            5 
 1             23            0 
 2             23            7 
 3             23            5 
 4             23            6 
 1             24            4 
 2             24            0 
 3             24            2 
 4             24            3 
 1             25            4 
 2             25            1 
 3             25            3 
 4             25            0 
 1             26            3 
 2             26            3 
 3             26            5 
 4             26            0 
 1             27            5 
 2             27            0 
 3             27            4 
 4             27            2 
 1             28            5 
 2             28            0 
 3             28            5 
 4             28            4 
 1             29            2 
 2             29            5 
 3             29            1 
 4             29            0 
 1             30            0 
 2             30            3 
 3             30            4 
 4             30            4 
 1             31            4 
 2             31            0 
 3             31            6 
 4             31            4 
 1             32            0 
 2             32            0 
 3             32            0 
 4             32            0 
