 1             1             0 
 2             1             0 
 3             1             0 
 4             1             0 
 1             2             1 
 2             2             1 
 3             2             0 
 4             2             1 
 1             3             0 
 2             3             3 
 3             3             1 
 4             3             3 
 1             4             2 
 2             4             2 
 3             4             0 
 4             4             5 
 1             5             0 
 2             5             2 
 3             5             3 
 4             5             1 
 1             6             1 
 2             6             5 
 3             6             0 
 4             6             2 
 1             7             0 
 2             7             6 
 3             7             1 
 4             7             5 
 1             8             8 
 2             8             10 
 3             8             0 
 4             8             3 
 1             9             5 
 2             9             7 
 3             9             2 
 4             9             0 
 1             10            3 
 2             10            0 
 3             10            3 
 4             10            8 
 1             11            0 
 2             11            3 
 3             11            4 
 4             11            6 
 1             12            7 
 2             12            3 
 3             12            6 
 4             12            0 
 1             13            0 
 2             13            5 
 3             13            4 
 4             13            5 
 1             14            4 
 2             14            3 
 3             14            3 
 4             14            0 
 1             15            0 
 2             15            3 
 3             15            6 
 4             15            3 
 1             16            3 
 2             16            6 
 3             16            7 
 4             16            0 
 1             17            8 
 2             17            4 
 3             17            5 
 4             17            0 
 1             18            1 
 2             18            6 
 3             18            2 
 4             18            0 
 1             19            0 
 2             19            4 
 3             19            3 
 4             19            4 
 1             20            0 
 2             20            4 
 3             20            4 
 4             20            5 
 1             21            4 
 2             21            0 
 3             21            4 
 4             21            4 
 1             22            4 
 2             22            1 
 3             22            0 
 4             22            5 
 1             23            4 
 2             23            6 
 3             23            6 
 4             23            0 
 1             24            0 
 2             24            4 
 3             24            5 
 4             24            7 
 1             25            1 
 2             25            0 
 3             25            8 
 4             25            2 
 1             26            6 
 2             26            0 
 3             26            2 
 4             26            5 
 1             27            4 
 2             27            0 
 3             27            4 
 4             27            3 
 1             28            0 
 2             28            4 
 3             28            3 
 4             28            3 
 1             29            5 
 2             29            4 
 3             29            0 
 4             29            7 
 1             30            5 
 2             30            2 
 3             30            0 
 4             30            2 
 1             31            0 
 2             31            2 
 3             31            6 
 4             31            3 
 1             32            0 
 2             32            0 
 3             32            0 
 4             32            0 
