 1             1             0 
 2             1             0 
 3             1             0 
 4             1             0 
 1             2             1 
 2             2             0 
 3             2             1 
 4             2             1 
 1             3             0 
 2             3             1 
 3             3             5 
 4             3             6 
 1             4             3 
 2             4             8 
 3             4             0 
 4             4             6 
 1             5             3 
 2             5             3 
 3             5             4 
 4             5             0 
 1             6             6 
 2             6             4 
 3             6             4 
 4             6             0 
 1             7             5 
 2             7             6 
 3             7             5 
 4             7             0 
 1             8             2 
 2             8             5 
 3             8             3 
 4             8             0 
 1             9             3 
 2             9             0 
 3             9             4 
 4             9             1 
 1             10            1 
 2             10            0 
 3             10            7 
 4             10            8 
 1             11            4 
 2             11            4 
 3             11            2 
 4             11            0 
 1             12            4 
 2             12            0 
 3             12            1 
 4             12            5 
 1             13            4 
 2             13            5 
 3             13            4 
 4             13            0 
 1             14            4 
 2             14            1 
 3             14            2 
 4             14            0 
 1             15            4 
 2             15            5 
 3             15            3 
 4             15            0 
 1             16            2 
 2             16            4 
 3             16            8 
 4             16            0 
 1             17            3 
 2             17            7 
 3             17            0 
 4             17            1 
 1             18            5 
 2             18            1 
 3             18            6 
 4             18            0 
 1             19            0 
 2             19            2 
 3             19            7 
 4             19            5 
 1             20            7 
 2             20            0 
 3             20            1 
 4             20            1 
 1             21            0 
 2             21            4 
 3             21            5 
 4             21            5 
 1             22            9 
 2             22            3 
 3             22            4 
 4             22            0 
 1             23            5 
 2             23            0 
 3             23            3 
 4             23            5 
 1             24            7 
 2             24            4 
 3             24            5 
 4             24            0 
 1             25            3 
 2             25            3 
 3             25            4 
 4             25            0 
 1             26            3 
 2             26            6 
 3             26            1 
 4             26            0 
 1             27            6 
 2             27            4 
 3             27            0 
 4             27            2 
 1             28            2 
 2             28            0 
 3             28            5 
 4             28            3 
 1             29            0 
 2             29            3 
 3             29            4 
 4             29            6 
 1             30            0 
 2             30            3 
 3             30            6 
 4             30            4 
 1             31            4 
 2             31            6 
 3             31            0 
 4             31            5 
 1             32            0 
 2             32            0 
 3             32            0 
 4             32            0 
