 1             1             0 
 2             1             0 
 3             1             0 
 4             1             0 
 1             2             1 
 2             2             1 
 3             2             0 
 4             2             1 
 1             3             3 
 2             3             0 
 3             3             1 
 4             3             4 
 1             4             2 
 2             4             2 
 3             4             0 
 4             4             5 
 1             5             5 
 2             5             0 
 3             5             5 
 4             5             2 
 1             6             5 
 2             6             6 
 3             6             0 
 4             6             4 
 1             7             7 
 2             7             2 
 3             7             0 
 4             7             5 
 1             8             7 
 2             8             3 
 3             8             0 
 4             8             4 
 1             9             0 
 2             9             5 
 3             9             3 
 4             9             4 
 1             10            2 
 2             10            0 
 3             10            5 
 4             10            5 
 1             11            3 
 2             11            7 
 3             11            4 
 4             11            0 
 1             12            7 
 2             12            0 
 3             12            4 
 4             12            3 
 1             13            0 
 2             13            7 
 3             13            4 
 4             13            5 
 1             14            3 
 2             14            6 
 3             14            5 
 4             14            0 
 1             15            6 
 2             15            0 
 3             15            2 
 4             15            3 
 1             16            4 
 2             16            3 
 3             16            0 
 4             16            4 
 1             17            6 
 2             17            6 
 3             17            0 
 4             17            4 
 1             18            6 
 2             18            2 
 3             18            3 
 4             18            0 
 1             19            3 
 2             19            0 
 3             19            3 
 4             19            4 
 1             20            0 
 2             20            3 
 3             20            3 
 4             20            4 
 1             21            4 
 2             21            4 
 3             21            3 
 4             21            0 
 1             22            4 
 2             22            6 
 3             22            3 
 4             22            0 
 1             23            2 
 2             23            5 
 3             23            6 
 4             23            0 
 1             24            4 
 2             24            2 
 3             24            0 
 4             24            6 
 1             25            4 
 2             25            0 
 3             25            6 
 4             25            3 
 1             26            3 
 2             26            5 
 3             26            0 
 4             26            4 
 1             27            2 
 2             27            5 
 3             27            6 
 4             27            0 
 1             28            5 
 2             28            0 
 3             28            4 
 4             28            6 
 1             29            3 
 2             29            3 
 3             29            4 
 4             29            0 
 1             30            0 
 2             30            2 
 3             30            5 
 4             30            4 
 1             31            3 
 2             31            3 
 3             31            5 
 4             31            0 
 1             32            0 
 2             32            0 
 3             32            0 
 4             32            0 
