 1             1             0 
 2             1             0 
 3             1             0 
 4             1             0 
 1             2             1 
 2             2             0 
 3             2             2 
 4             2             1 
 1             3             0 
 2             3             1 
 3             3             7 
 4             3             8 
 1             4             6 
 2             4             4 
 3             4             4 
 4             4             0 
 1             5             3 
 2             5             0 
 3             5             7 
 4             5             4 
 1             6             4 
 2             6             8 
 3             6             0 
 4             6             3 
 1             7             2 
 2             7             5 
 3             7             0 
 4             7             5 
 1             8             6 
 2             8             0 
 3             8             1 
 4             8             4 
 1             9             0 
 2             9             5 
 3             9             4 
 4             9             4 
 1             10            0 
 2             10            6 
 3             10            7 
 4             10            6 
 1             11            3 
 2             11            6 
 3             11            0 
 4             11            4 
 1             12            0 
 2             12            2 
 3             12            5 
 4             12            3 
 1             13            0 
 2             13            1 
 3             13            4 
 4             13            3 
 1             14            4 
 2             14            0 
 3             14            5 
 4             14            3 
 1             15            2 
 2             15            0 
 3             15            2 
 4             15            3 
 1             16            2 
 2             16            0 
 3             16            2 
 4             16            5 
 1             17            5 
 2             17            0 
 3             17            1 
 4             17            4 
 1             18            4 
 2             18            0 
 3             18            2 
 4             18            2 
 1             19            3 
 2             19            0 
 3             19            3 
 4             19            7 
 1             20            0 
 2             20            3 
 3             20            10 
 4             20            1 
 1             21            2 
 2             21            0 
 3             21            6 
 4             21            3 
 1             22            8 
 2             22            5 
 3             22            0 
 4             22            3 
 1             23            4 
 2             23            4 
 3             23            3 
 4             23            0 
 1             24            7 
 2             24            0 
 3             24            2 
 4             24            3 
 1             25            7 
 2             25            2 
 3             25            2 
 4             25            0 
 1             26            0 
 2             26            2 
 3             26            3 
 4             26            2 
 1             27            3 
 2             27            4 
 3             27            0 
 4             27            5 
 1             28            0 
 2             28            8 
 3             28            7 
 4             28            8 
 1             29            7 
 2             29            2 
 3             29            0 
 4             29            5 
 1             30            1 
 2             30            4 
 3             30            0 
 4             30            5 
 1             31            4 
 2             31            4 
 3             31            3 
 4             31            0 
 1             32            0 
 2             32            0 
 3             32            0 
 4             32            0 
