 1             1             0 
 2             1             0 
 3             1             0 
 4             1             0 
 1             2             2 
 2             2             1 
 3             2             0 
 4             2             1 
 1             3             0 
 2             3             5 
 3             3             1 
 4             3             2 
 1             4             3 
 2             4             0 
 3             4             9 
 4             4             2 
 1             5             0 
 2             5             3 
 3             5             4 
 4             5             3 
 1             6             3 
 2             6             5 
 3             6             0 
 4             6             2 
 1             7             10 
 2             7             5 
 3             7             6 
 4             7             0 
 1             8             7 
 2             8             1 
 3             8             0 
 4             8             3 
 1             9             2 
 2             9             0 
 3             9             7 
 4             9             5 
 1             10            6 
 2             10            0 
 3             10            3 
 4             10            3 
 1             11            3 
 2             11            6 
 3             11            4 
 4             11            0 
 1             12            4 
 2             12            4 
 3             12            3 
 4             12            0 
 1             13            2 
 2             13            7 
 3             13            3 
 4             13            0 
 1             14            3 
 2             14            0 
 3             14            1 
 4             14            6 
 1             15            6 
 2             15            3 
 3             15            3 
 4             15            0 
 1             16            5 
 2             16            3 
 3             16            9 
 4             16            0 
 1             17            0 
 2             17            2 
 3             17            6 
 4             17            6 
 1             18            8 
 2             18            5 
 3             18            0 
 4             18            4 
 1             19            2 
 2             19            2 
 3             19            2 
 4             19            0 
 1             20            4 
 2             20            0 
 3             20            5 
 4             20            5 
 1             21            3 
 2             21            4 
 3             21            4 
 4             21            0 
 1             22            1 
 2             22            0 
 3             22            3 
 4             22            2 
 1             23            7 
 2             23            10 
 3             23            1 
 4             23            0 
 1             24            0 
 2             24            3 
 3             24            4 
 4             24            2 
 1             25            4 
 2             25            0 
 3             25            2 
 4             25            3 
 1             26            0 
 2             26            5 
 3             26            4 
 4             26            6 
 1             27            0 
 2             27            2 
 3             27            3 
 4             27            6 
 1             28            3 
 2             28            6 
 3             28            0 
 4             28            5 
 1             29            4 
 2             29            0 
 3             29            5 
 4             29            6 
 1             30            2 
 2             30            0 
 3             30            4 
 4             30            5 
 1             31            2 
 2             31            2 
 3             31            0 
 4             31            7 
 1             32            0 
 2             32            0 
 3             32            0 
 4             32            0 
