 1             1             0 
 2             1             0 
 3             1             0 
 4             1             0 
 1             2             1 
 2             2             0 
 3             2             1 
 4             2             1 
 1             3             3 
 2             3             1 
 3             3             4 
 4             3             0 
 1             4             4 
 2             4             3 
 3             4             3 
 4             4             0 
 1             5             3 
 2             5             2 
 3             5             4 
 4             5             0 
 1             6             6 
 2             6             6 
 3             6             0 
 4             6             3 
 1             7             6 
 2             7             5 
 3             7             3 
 4             7             0 
 1             8             6 
 2             8             8 
 3             8             0 
 4             8             4 
 1             9             7 
 2             9             7 
 3             9             0 
 4             9             4 
 1             10            3 
 2             10            2 
 3             10            2 
 4             10            0 
 1             11            6 
 2             11            0 
 3             11            4 
 4             11            6 
 1             12            5 
 2             12            0 
 3             12            4 
 4             12            3 
 1             13            2 
 2             13            2 
 3             13            0 
 4             13            6 
 1             14            0 
 2             14            3 
 3             14            6 
 4             14            6 
 1             15            4 
 2             15            0 
 3             15            7 
 4             15            2 
 1             16            4 
 2             16            4 
 3             16            0 
 4             16            3 
 1             17            0 
 2             17            4 
 3             17            4 
 4             17            4 
 1             18            0 
 2             18            3 
 3             18            4 
 4             18            2 
 1             19            3 
 2             19            3 
 3             19            1 
 4             19            0 
 1             20            2 
 2             20            3 
 3             20            0 
 4             20            5 
 1             21            0 
 2             21            6 
 3             21            5 
 4             21            4 
 1             22            7 
 2             22            4 
 3             22            4 
 4             22            0 
 1             23            6 
 2             23            3 
 3             23            0 
 4             23            3 
 1             24            4 
 2             24            5 
 3             24            0 
 4             24            4 
 1             25            5 
 2             25            4 
 3             25            0 
 4             25            5 
 1             26            1 
 2             26            6 
 3             26            3 
 4             26            0 
 1             27            0 
 2             27            4 
 3             27            4 
 4             27            3 
 1             28            0 
 2             28            4 
 3             28            9 
 4             28            3 
 1             29            5 
 2             29            0 
 3             29            4 
 4             29            7 
 1             30            2 
 2             30            0 
 3             30            4 
 4             30            6 
 1             31            1 
 2             31            4 
 3             31            0 
 4             31            4 
 1             32            0 
 2             32            0 
 3             32            0 
 4             32            0 
