 1             1             0 
 2             1             0 
 3             1             0 
 4             1             0 
 1             2             1 
 2             2             1 
 3             2             0 
 4             2             1 
 1             3             4 
 2             3             6 
 3             3             1 
 4             3             0 
 1             4             1 
 2             4             5 
 3             4             3 
 4             4             0 
 1             5             6 
 2             5             0 
 3             5             9 
 4             5             5 
 1             6             0 
 2             6             4 
 3             6             6 
 4             6             4 
 1             7             3 
 2             7             0 
 3             7             3 
 4             7             5 
 1             8             0 
 2             8             7 
 3             8             8 
 4             8             5 
 1             9             5 
 2             9             5 
 3             9             0 
 4             9             2 
 1             10            5 
 2             10            0 
 3             10            4 
 4             10            5 
 1             11            3 
 2             11            5 
 3             11            0 
 4             11            5 
 1             12            3 
 2             12            2 
 3             12            4 
 4             12            0 
 1             13            3 
 2             13            3 
 3             13            0 
 4             13            5 
 1             14            5 
 2             14            6 
 3             14            4 
 4             14            0 
 1             15            2 
 2             15            0 
 3             15            5 
 4             15            3 
 1             16            6 
 2             16            2 
 3             16            3 
 4             16            0 
 1             17            0 
 2             17            7 
 3             17            2 
 4             17            5 
 1             18            0 
 2             18            2 
 3             18            4 
 4             18            4 
 1             19            6 
 2             19            4 
 3             19            5 
 4             19            0 
 1             20            5 
 2             20            6 
 3             20            4 
 4             20            0 
 1             21            6 
 2             21            6 
 3             21            0 
 4             21            4 
 1             22            3 
 2             22            0 
 3             22            2 
 4             22            2 
 1             23            6 
 2             23            6 
 3             23            0 
 4             23            5 
 1             24            4 
 2             24            4 
 3             24            0 
 4             24            2 
 1             25            0 
 2             25            1 
 3             25            4 
 4             25            6 
 1             26            0 
 2             26            4 
 3             26            5 
 4             26            4 
 1             27            0 
 2             27            4 
 3             27            4 
 4             27            5 
 1             28            5 
 2             28            4 
 3             28            2 
 4             28            0 
 1             29            0 
 2             29            3 
 3             29            3 
 4             29            3 
 1             30            1 
 2             30            1 
 3             30            4 
 4             30            0 
 1             31            5 
 2             31            2 
 3             31            3 
 4             31            0 
 1             32            0 
 2             32            0 
 3             32            0 
 4             32            0 
