 1             1             0 
 2             1             0 
 3             1             0 
 4             1             0 
 1             2             1 
 2             2             1 
 3             2             1 
 4             2             0 
 1             3             5 
 2             3             4 
 3             3             3 
 4             3             0 
 1             4             1 
 2             4             0 
 3             4             7 
 4             4             1 
 1             5             3 
 2             5             3 
 3             5             2 
 4             5             0 
 1             6             4 
 2             6             0 
 3             6             6 
 4             6             6 
 1             7             4 
 2             7             3 
 3             7             3 
 4             7             0 
 1             8             0 
 2             8             5 
 3             8             6 
 4             8             6 
 1             9             2 
 2             9             3 
 3             9             3 
 4             9             0 
 1             10            7 
 2             10            0 
 3             10            10 
 4             10            3 
 1             11            4 
 2             11            0 
 3             11            6 
 4             11            6 
 1             12            0 
 2             12            4 
 3             12            4 
 4             12            6 
 1             13            9 
 2             13            4 
 3             13            0 
 4             13            4 
 1             14            3 
 2             14            2 
 3             14            5 
 4             14            0 
 1             15            0 
 2             15            3 
 3             15            7 
 4             15            4 
 1             16            6 
 2             16            8 
 3             16            3 
 4             16            0 
 1             17            0 
 2             17            3 
 3             17            3 
 4             17            1 
 1             18            3 
 2             18            0 
 3             18            3 
 4             18            4 
 1             19            4 
 2             19            5 
 3             19            0 
 4             19            3 
 1             20            3 
 2             20            6 
 3             20            5 
 4             20            0 
 1             21            3 
 2             21            4 
 3             21            4 
 4             21            0 
 1             22            0 
 2             22            5 
 3             22            3 
 4             22            4 
 1             23            4 
 2             23            2 
 3             23            0 
 4             23            8 
 1             24            0 
 2             24            2 
 3             24            4 
 4             24            4 
 1             25            4 
 2             25            7 
 3             25            1 
 4             25            0 
 1             26            2 
 2             26            4 
 3             26            0 
 4             26            5 
 1             27            0 
 2             27            4 
 3             27            3 
 4             27            3 
 1             28            6 
 2             28            2 
 3             28            5 
 4             28            0 
 1             29            3 
 2             29            0 
 3             29            2 
 4             29            1 
 1             30            0 
 2             30            8 
 3             30            3 
 4             30            3 
 1             31            7 
 2             31            0 
 3             31            2 
 4             31            4 
 1             32            0 
 2             32            0 
 3             32            0 
 4             32            0 
