 1             1             0 
 2             1             0 
 3             1             0 
 4             1             0 
 1             2             0 
 2             2             1 
 3             2             1 
 4             2             1 
 1             3             1 
 2             3             1 
 3             3             0 
 4             3             4 
 1             4             3 
 2             4             0 
 3             4             6 
 4             4             3 
 1             5             0 
 2             5             3 
 3             5             3 
 4             5             4 
 1             6             6 
 2             6             0 
 3             6             2 
 4             6             5 
 1             7             3 
 2             7             4 
 3             7             4 
 4             7             0 
 1             8             4 
 2             8             5 
 3             8             4 
 4             8             0 
 1             9             3 
 2             9             7 
 3             9             0 
 4             9             1 
 1             10            4 
 2             10            8 
 3             10            3 
 4             10            0 
 1             11            5 
 2             11            0 
 3             11            1 
 4             11            2 
 1             12            2 
 2             12            5 
 3             12            6 
 4             12            0 
 1             13            5 
 2             13            3 
 3             13            5 
 4             13            0 
 1             14            3 
 2             14            4 
 3             14            0 
 4             14            5 
 1             15            6 
 2             15            4 
 3             15            4 
 4             15            0 
 1             16            2 
 2             16            3 
 3             16            0 
 4             16            4 
 1             17            2 
 2             17            6 
 3             17            0 
 4             17            5 
 1             18            3 
 2             18            6 
 3             18            2 
 4             18            0 
 1             19            5 
 2             19            0 
 3             19            2 
 4             19            3 
 1             20            5 
 2             20            1 
 3             20            0 
 4             20            6 
 1             21            5 
 2             21            5 
 3             21            6 
 4             21            0 
 1             22            4 
 2             22            4 
 3             22            3 
 4             22            0 
 1             23            3 
 2             23            0 
 3             23            6 
 4             23            6 
 1             24            7 
 2             24            6 
 3             24            0 
 4             24            6 
 1             25            4 
 2             25            0 
 3             25            2 
 4             25            2 
 1             26            0 
 2             26            1 
 3             26            4 
 4             26            6 
 1             27            0 
 2             27            3 
 3             27            3 
 4             27            6 
 1             28            5 
 2             28            0 
 3             28            8 
 4             28            3 
 1             29            7 
 2             29            6 
 3             29            7 
 4             29            0 
 1             30            4 
 2             30            2 
 3             30            5 
 4             30            0 
 1             31            3 
 2             31            0 
 3             31            5 
 4             31            4 
 1             32            0 
 2             32            0 
 3             32            0 
 4             32            0 
