 1             1             0 
 2             1             0 
 3             1             0 
 4             1             0 
 1             2             0 
 2             2             1 
 3             2             1 
 4             2             1 
 1             3             1 
 2             3             9 
 3             3             3 
 4             3             0 
 1             4             5 
 2             4             8 
 3             4             0 
 4             4             5 
 1             5             4 
 2             5             0 
 3             5             2 
 4             5             6 
 1             6             6 
 2             6             6 
 3             6             0 
 4             6             2 
 1             7             2 
 2             7             0 
 3             7             3 
 4             7             6 
 1             8             2 
 2             8             8 
 3             8             9 
 4             8             0 
 1             9             0 
 2             9             6 
 3             9             1 
 4             9             2 
 1             10            3 
 2             10            2 
 3             10            0 
 4             10            5 
 1             11            0 
 2             11            2 
 3             11            6 
 4             11            2 
 1             12            4 
 2             12            3 
 3             12            4 
 4             12            0 
 1             13            4 
 2             13            0 
 3             13            4 
 4             13            3 
 1             14            2 
 2             14            4 
 3             14            2 
 4             14            0 
 1             15            5 
 2             15            0 
 3             15            3 
 4             15            1 
 1             16            8 
 2             16            0 
 3             16            6 
 4             16            9 
 1             17            4 
 2             17            0 
 3             17            3 
 4             17            3 
 1             18            3 
 2             18            4 
 3             18            0 
 4             18            5 
 1             19            7 
 2             19            4 
 3             19            0 
 4             19            7 
 1             20            4 
 2             20            0 
 3             20            5 
 4             20            3 
 1             21            0 
 2             21            1 
 3             21            4 
 4             21            1 
 1             22            4 
 2             22            0 
 3             22            2 
 4             22            5 
 1             23            0 
 2             23            4 
 3             23            4 
 4             23            5 
 1             24            4 
 2             24            3 
 3             24            0 
 4             24            4 
 1             25            6 
 2             25            0 
 3             25            1 
 4             25            2 
 1             26            3 
 2             26            6 
 3             26            5 
 4             26            0 
 1             27            4 
 2             27            2 
 3             27            4 
 4             27            0 
 1             28            5 
 2             28            2 
 3             28            0 
 4             28            4 
 1             29            0 
 2             29            2 
 3             29            8 
 4             29            6 
 1             30            4 
 2             30            0 
 3             30            7 
 4             30            5 
 1             31            2 
 2             31            3 
 3             31            5 
 4             31            0 
 1             32            0 
 2             32            0 
 3             32            0 
 4             32            0 
