 1             1             0 
 2             1             0 
 3             1             0 
 4             1             0 
 1             2             1 
 2             2             1 
 3             2             0 
 4             2             1 
 1             3             4 
 2             3             9 
 3             3             1 
 4             3             0 
 1             4             7 
 2             4             0 
 3             4             5 
 4             4             4 
 1             5             3 
 2             5             3 
 3             5             0 
 4             5             4 
 1             6             0 
 2             6             3 
 3             6             4 
 4             6             2 
 1             7             6 
 2             7             7 
 3             7             6 
 4             7             0 
 1             8             6 
 2             8             0 
 3             8             5 
 4             8             1 
 1             9             5 
 2             9             3 
 3             9             0 
 4             9             5 
 1             10            6 
 2             10            5 
 3             10            0 
 4             10            5 
 1             11            3 
 2             11            3 
 3             11            0 
 4             11            4 
 1             12            2 
 2             12            0 
 3             12            3 
 4             12            6 
 1             13            4 
 2             13            0 
 3             13            6 
 4             13            3 
 1             14            2 
 2             14            0 
 3             14            4 
 4             14            3 
 1             15            5 
 2             15            0 
 3             15            5 
 4             15            4 
 1             16            5 
 2             16            0 
 3             16            3 
 4             16            3 
 1             17            0 
 2             17            3 
 3             17            2 
 4             17            7 
 1             18            0 
 2             18            2 
 3             18            5 
 4             18            4 
 1             19            0 
 2             19            5 
 3             19            1 
 4             19            3 
 1             20            3 
 2             20            6 
 3             20            0 
 4             20            4 
 1             21            4 
 2             21            2 
 3             21            0 
 4             21            3 
 1             22            6 
 2             22            0 
 3             22            2 
 4             22            3 
 1             23            3 
 2             23            2 
 3             23            0 
 4             23            4 
 1             24            5 
 2             24            5 
 3             24            3 
 4             24            0 
 1             25            2 
 2             25            0 
 3             25            5 
 4             25            7 
 1             26            3 
 2             26            4 
 3             26            0 
 4             26            6 
 1             27            0 
 2             27            4 
 3             27            6 
 4             27            6 
 1             28            0 
 2             28            4 
 3             28            4 
 4             28            3 
 1             29            6 
 2             29            0 
 3             29            6 
 4             29            4 
 1             30            4 
 2             30            5 
 3             30            6 
 4             30            0 
 1             31            1 
 2             31            0 
 3             31            2 
 4             31            5 
 1             32            0 
 2             32            0 
 3             32            0 
 4             32            0 
