 1             0 
 2             10 
 3             4 
 4             2 
 5             6 
 6             9 
 7             10 
 8             6 
 9             8 
 10            2 
 11            2 
 12            4 
 13            6 
 14            8 
 15            6 
 16            4 
 17            9 
 18            6 
 19            4 
 20            5 
 21            7 
 22            10 
 23            7 
 24            8 
 25            6 
 26            1 
 27            4 
 28            4 
 29            10 
 30            10 
 31            8 
 32            0 
