 1             0 
 2             10 
 3             9 
 4             1 
 5             8 
 6             2 
 7             3 
 8             1 
 9             6 
 10            8 
 11            8 
 12            6 
 13            8 
 14            2 
 15            5 
 16            8 
 17            10 
 18            7 
 19            1 
 20            7 
 21            8 
 22            2 
 23            2 
 24            2 
 25            2 
 26            2 
 27            8 
 28            7 
 29            6 
 30            1 
 31            5 
 32            0 
