 1             0 
 2             2 
 3             2 
 4             10 
 5             7 
 6             10 
 7             4 
 8             6 
 9             9 
 10            9 
 11            4 
 12            8 
 13            6 
 14            8 
 15            3 
 16            5 
 17            9 
 18            10 
 19            9 
 20            9 
 21            10 
 22            6 
 23            5 
 24            10 
 25            5 
 26            1 
 27            4 
 28            3 
 29            3 
 30            6 
 31            3 
 32            0 
