 1             0 
 2             8 
 3             10 
 4             6 
 5             8 
 6             7 
 7             10 
 8             8 
 9             8 
 10            8 
 11            3 
 12            6 
 13            6 
 14            5 
 15            5 
 16            10 
 17            9 
 18            8 
 19            6 
 20            7 
 21            8 
 22            7 
 23            8 
 24            8 
 25            9 
 26            5 
 27            9 
 28            2 
 29            3 
 30            1 
 31            5 
 32            0 
