 1             0 
 2             3 
 3             1 
 4             9 
 5             6 
 6             5 
 7             2 
 8             4 
 9             9 
 10            3 
 11            1 
 12            10 
 13            7 
 14            9 
 15            5 
 16            10 
 17            5 
 18            6 
 19            4 
 20            10 
 21            5 
 22            7 
 23            4 
 24            8 
 25            8 
 26            10 
 27            1 
 28            3 
 29            4 
 30            3 
 31            8 
 32            0 
