 1             0 
 2             9 
 3             7 
 4             5 
 5             7 
 6             2 
 7             6 
 8             4 
 9             3 
 10            1 
 11            5 
 12            9 
 13            9 
 14            8 
 15            3 
 16            6 
 17            8 
 18            3 
 19            10 
 20            10 
 21            2 
 22            2 
 23            5 
 24            6 
 25            4 
 26            5 
 27            7 
 28            8 
 29            9 
 30            10 
 31            8 
 32            0 
