 1             0 
 2             3 
 3             6 
 4             10 
 5             5 
 6             4 
 7             1 
 8             6 
 9             7 
 10            7 
 11            6 
 12            5 
 13            4 
 14            10 
 15            2 
 16            3 
 17            7 
 18            6 
 19            6 
 20            4 
 21            8 
 22            9 
 23            3 
 24            10 
 25            5 
 26            9 
 27            4 
 28            7 
 29            4 
 30            3 
 31            5 
 32            0 
