 1             0 
 2             9 
 3             6 
 4             9 
 5             8 
 6             8 
 7             2 
 8             8 
 9             2 
 10            7 
 11            6 
 12            10 
 13            3 
 14            4 
 15            3 
 16            8 
 17            1 
 18            7 
 19            9 
 20            9 
 21            2 
 22            7 
 23            5 
 24            7 
 25            6 
 26            6 
 27            9 
 28            9 
 29            8 
 30            6 
 31            5 
 32            0 
