 1             0 
 2             6 
 3             6 
 4             6 
 5             5 
 6             10 
 7             8 
 8             4 
 9             2 
 10            5 
 11            6 
 12            6 
 13            7 
 14            9 
 15            9 
 16            4 
 17            5 
 18            4 
 19            8 
 20            3 
 21            9 
 22            2 
 23            8 
 24            3 
 25            5 
 26            10 
 27            6 
 28            3 
 29            7 
 30            2 
 31            3 
 32            0 
