 1             0 
 2             2 
 3             3 
 4             6 
 5             4 
 6             9 
 7             3 
 8             2 
 9             3 
 10            6 
 11            8 
 12            5 
 13            10 
 14            5 
 15            10 
 16            5 
 17            7 
 18            7 
 19            3 
 20            5 
 21            10 
 22            8 
 23            6 
 24            3 
 25            10 
 26            8 
 27            8 
 28            4 
 29            10 
 30            8 
 31            2 
 32            0 
