 1             0 
 2             8 
 3             10 
 4             9 
 5             5 
 6             8 
 7             8 
 8             1 
 9             2 
 10            9 
 11            6 
 12            10 
 13            2 
 14            10 
 15            9 
 16            6 
 17            2 
 18            2 
 19            10 
 20            7 
 21            8 
 22            8 
 23            7 
 24            9 
 25            2 
 26            5 
 27            9 
 28            5 
 29            4 
 30            4 
 31            5 
 32            0 
