 1             0 
 2             1 
 3             5 
 4             8 
 5             6 
 6             10 
 7             6 
 8             10 
 9             8 
 10            4 
 11            2 
 12            2 
 13            1 
 14            3 
 15            9 
 16            6 
 17            9 
 18            1 
 19            10 
 20            8 
 21            9 
 22            2 
 23            7 
 24            8 
 25            5 
 26            8 
 27            9 
 28            5 
 29            6 
 30            2 
 31            2 
 32            0 
