 1             0 
 2             8 
 3             7 
 4             2 
 5             7 
 6             1 
 7             4 
 8             5 
 9             9 
 10            8 
 11            9 
 12            1 
 13            8 
 14            3 
 15            1 
 16            2 
 17            3 
 18            6 
 19            3 
 20            8 
 21            1 
 22            3 
 23            5 
 24            1 
 25            1 
 26            4 
 27            10 
 28            7 
 29            10 
 30            3 
 31            8 
 32            0 
