 1             0 
 2             3 
 3             10 
 4             10 
 5             6 
 6             8 
 7             8 
 8             2 
 9             6 
 10            3 
 11            2 
 12            9 
 13            10 
 14            6 
 15            6 
 16            3 
 17            9 
 18            6 
 19            4 
 20            5 
 21            7 
 22            1 
 23            5 
 24            6 
 25            9 
 26            5 
 27            7 
 28            1 
 29            8 
 30            9 
 31            5 
 32            0 
