 1             0 
 2             9 
 3             3 
 4             3 
 5             8 
 6             2 
 7             5 
 8             4 
 9             9 
 10            3 
 11            3 
 12            7 
 13            5 
 14            7 
 15            4 
 16            2 
 17            3 
 18            7 
 19            5 
 20            5 
 21            1 
 22            4 
 23            6 
 24            5 
 25            4 
 26            2 
 27            8 
 28            5 
 29            6 
 30            9 
 31            8 
 32            0 
