 1             0 
 2             7 
 3             6 
 4             10 
 5             10 
 6             10 
 7             6 
 8             6 
 9             5 
 10            10 
 11            1 
 12            7 
 13            9 
 14            10 
 15            7 
 16            7 
 17            3 
 18            9 
 19            6 
 20            8 
 21            6 
 22            1 
 23            7 
 24            1 
 25            8 
 26            6 
 27            2 
 28            7 
 29            1 
 30            5 
 31            7 
 32            0 
