 1             0 
 2             4 
 3             5 
 4             4 
 5             1 
 6             7 
 7             4 
 8             10 
 9             10 
 10            3 
 11            1 
 12            3 
 13            3 
 14            1 
 15            7 
 16            7 
 17            7 
 18            8 
 19            7 
 20            6 
 21            9 
 22            5 
 23            2 
 24            8 
 25            9 
 26            3 
 27            4 
 28            8 
 29            9 
 30            9 
 31            1 
 32            0 
