 1             0 
 2             10 
 3             7 
 4             4 
 5             3 
 6             8 
 7             3 
 8             4 
 9             3 
 10            8 
 11            6 
 12            3 
 13            10 
 14            6 
 15            10 
 16            8 
 17            1 
 18            8 
 19            2 
 20            5 
 21            1 
 22            2 
 23            1 
 24            8 
 25            6 
 26            2 
 27            3 
 28            1 
 29            5 
 30            5 
 31            4 
 32            0 
