 1             0 
 2             4 
 3             6 
 4             3 
 5             10 
 6             7 
 7             6 
 8             7 
 9             4 
 10            2 
 11            8 
 12            10 
 13            7 
 14            6 
 15            8 
 16            8 
 17            8 
 18            7 
 19            6 
 20            6 
 21            10 
 22            2 
 23            2 
 24            1 
 25            5 
 26            1 
 27            6 
 28            2 
 29            9 
 30            4 
 31            1 
 32            0 
