 1             0 
 2             10 
 3             1 
 4             3 
 5             7 
 6             2 
 7             6 
 8             6 
 9             5 
 10            1 
 11            2 
 12            8 
 13            6 
 14            10 
 15            5 
 16            5 
 17            10 
 18            7 
 19            3 
 20            2 
 21            9 
 22            8 
 23            1 
 24            4 
 25            7 
 26            5 
 27            7 
 28            5 
 29            5 
 30            8 
 31            6 
 32            0 
