 1             2 
 1             3 
 1             4 
 1             5 
 1             7 
 2             10 
 2             11 
 2             12 
 2             14 
 2             16 
 2             22 
 3             6 
 3             8 
 3             12 
 3             16 
 4             11 
 4             12 
 4             13 
 4             22 
 5             9 
 5             15 
 5             16 
 5             18 
 6             9 
 6             15 
 6             24 
 7             9 
 7             22 
 7             24 
 8             9 
 8             24 
 9             17 
 9             20 
 9             21 
 9             23 
 9             25 
 9             29 
 9             30 
 10            17 
 10            21 
 10            23 
 10            24 
 10            25 
 10            29 
 10            30 
 11            17 
 11            20 
 11            23 
 11            24 
 11            29 
 12            19 
 12            20 
 12            23 
 12            29 
 12            30 
 13            16 
 13            24 
 13            31 
 14            17 
 14            21 
 14            24 
 15            26 
 15            27 
 15            29 
 15            31 
 16            23 
 16            29 
 16            30 
 17            19 
 17            28 
 18            23 
 18            26 
 19            26 
 19            27 
 20            26 
 20            28 
 21            26 
 21            27 
 22            28 
 22            30 
 23            27 
 24            26 
 25            31 
 26            32 
 27            32 
 28            32 
 29            32 
 30            32 
 31            32 
