 1             2 
 1             31 
 2             3 
 3             4 
 4             5 
 5             6 
 5             30 
 6             7 
 7             8 
 8             9 
 9             10 
 9             28 
 9             29 
 10            11 
 11            12 
 12            13 
 12            27 
 13            14 
 14            15 
 15            16 
 16            17 
 17            18 
 17            26 
 18            19 
 19            20 
 20            21 
 21            22 
 22            23 
 23            24 
 24            25 
 25            32 
 26            32 
 27            32 
 28            32 
 29            32 
 30            32 
 31            32 
