 1             2 
 1             7 
 2             3 
 2             12 
 3             4 
 4             5 
 5             6 
 6             8 
 6             14 
 6             17 
 7             8 
 7             14 
 7             17 
 8             9 
 9             10 
 10            11 
 11            13 
 12            16 
 12            17 
 12            20 
 13            15 
 13            20 
 14            16 
 14            20 
 15            16 
 16            18 
 17            18 
 18            19 
 19            21 
 20            21 
 21            22 
 21            31 
 22            23 
 23            24 
 24            25 
 25            26 
 26            27 
 27            28 
 28            29 
 29            30 
 30            32 
 31            32 
