 1             2 
 1             31 
 2             3 
 3             4 
 4             5 
 5             6 
 5             30 
 6             7 
 6             16 
 7             8 
 8             9 
 8             29 
 9             10 
 10            11 
 11            12 
 12            13 
 13            14 
 13            28 
 14            15 
 15            17 
 16            17 
 17            18 
 17            21 
 18            19 
 19            20 
 20            22 
 21            22 
 22            23 
 23            24 
 24            25 
 25            26 
 26            27 
 27            32 
 28            32 
 29            32 
 30            32 
 31            32 
