 1             2 
 1             16 
 1             27 
 1             28 
 1             29 
 1             30 
 1             31 
 2             3 
 2             26 
 3             4 
 4             5 
 4             24 
 5             6 
 5             23 
 6             7 
 7             8 
 7             22 
 8             9 
 8             20 
 8             21 
 9             10 
 10            11 
 11            12 
 11            19 
 12            13 
 12            18 
 13            14 
 14            15 
 15            17 
 16            25 
 17            32 
 18            32 
 19            32 
 20            32 
 21            32 
 22            32 
 23            32 
 24            32 
 25            32 
 26            32 
 27            32 
 28            32 
 29            32 
 30            32 
 31            32 
