 1             2 
 1             5 
 1             6 
 1             7 
 1             9 
 1             14 
 1             15 
 1             30 
 1             31 
 2             3 
 3             4 
 3             27 
 4             8 
 4             10 
 4             12 
 4             17 
 4             21 
 4             22 
 4             23 
 4             24 
 4             25 
 5             11 
 5             12 
 5             16 
 5             17 
 5             18 
 5             21 
 5             22 
 5             23 
 5             24 
 5             25 
 5             29 
 6             13 
 6             18 
 6             22 
 6             26 
 7             8 
 7             21 
 8             16 
 8             18 
 8             19 
 9             17 
 9             26 
 9             28 
 10            11 
 10            16 
 11            20 
 12            19 
 13            17 
 14            26 
 15            16 
 16            32 
 17            32 
 18            32 
 19            32 
 20            32 
 21            32 
 22            32 
 23            32 
 24            32 
 25            32 
 26            32 
 27            32 
 28            32 
 29            32 
 30            32 
 31            32 
