 1             2 
 1             16 
 1             26 
 1             27 
 1             28 
 1             29 
 1             30 
 1             31 
 2             3 
 2             24 
 2             25 
 3             4 
 3             23 
 4             5 
 4             22 
 5             6 
 5             20 
 5             21 
 6             7 
 7             8 
 8             9 
 8             19 
 9             10 
 10            11 
 10            18 
 11            12 
 12            13 
 13            14 
 14            15 
 15            17 
 16            20 
 17            32 
 18            32 
 19            32 
 20            32 
 21            32 
 22            32 
 23            32 
 24            32 
 25            32 
 26            32 
 27            32 
 28            32 
 29            32 
 30            32 
 31            32 
