 1             2 
 1             3 
 1             5 
 1             6 
 1             7 
 1             9 
 1             10 
 1             12 
 1             13 
 2             4 
 2             11 
 2             26 
 2             28 
 3             11 
 3             15 
 3             16 
 3             18 
 3             25 
 3             26 
 3             28 
 4             8 
 4             17 
 4             23 
 4             27 
 4             29 
 5             17 
 5             19 
 5             21 
 5             22 
 5             23 
 5             24 
 5             25 
 5             26 
 6             15 
 6             16 
 6             17 
 6             22 
 6             23 
 6             24 
 7             18 
 7             22 
 7             23 
 7             25 
 7             26 
 7             28 
 8             14 
 8             15 
 8             22 
 8             25 
 9             15 
 9             21 
 9             22 
 9             23 
 9             24 
 10            20 
 10            23 
 10            24 
 10            27 
 10            29 
 11            21 
 11            22 
 11            23 
 11            24 
 12            21 
 12            22 
 12            30 
 12            31 
 13            26 
 13            27 
 13            30 
 14            16 
 15            20 
 16            21 
 17            20 
 18            20 
 19            20 
 20            32 
 21            32 
 22            32 
 23            32 
 24            32 
 25            32 
 26            32 
 27            32 
 28            32 
 29            32 
 30            32 
 31            32 
