 1             2 
 1             3 
 1             4 
 1             12 
 1             14 
 1             16 
 2             5 
 2             6 
 2             9 
 2             10 
 2             11 
 2             17 
 2             18 
 2             23 
 3             8 
 3             10 
 3             13 
 3             17 
 3             20 
 3             21 
 3             22 
 4             9 
 4             10 
 4             17 
 4             21 
 4             22 
 4             26 
 4             27 
 4             31 
 5             7 
 5             13 
 5             20 
 5             21 
 5             29 
 6             15 
 6             20 
 6             25 
 6             27 
 6             29 
 6             30 
 7             15 
 7             25 
 7             27 
 7             30 
 8             15 
 8             25 
 8             27 
 9             20 
 9             25 
 9             28 
 9             29 
 10            19 
 10            25 
 10            29 
 11            21 
 11            28 
 11            29 
 12            15 
 13            26 
 13            27 
 13            28 
 14            24 
 14            26 
 14            27 
 15            19 
 15            26 
 16            22 
 16            27 
 17            25 
 17            30 
 18            19 
 19            24 
 20            24 
 21            25 
 22            28 
 23            31 
 24            32 
 25            32 
 26            32 
 27            32 
 28            32 
 29            32 
 30            32 
 31            32 
