 1             2 
 1             5 
 2             3 
 2             8 
 3             4 
 3             6 
 4             7 
 4             9 
 5             8 
 5             9 
 6             7 
 6             10 
 7             11 
 7             12 
 7             17 
 8             11 
 8             12 
 8             17 
 9             10 
 10            11 
 10            12 
 11            13 
 11            27 
 11            31 
 12            13 
 12            14 
 12            31 
 13            15 
 13            16 
 14            15 
 14            16 
 15            18 
 16            18 
 17            18 
 18            19 
 18            22 
 19            20 
 20            21 
 21            24 
 21            26 
 22            23 
 23            25 
 23            26 
 23            28 
 24            25 
 24            28 
 24            29 
 25            30 
 26            29 
 27            28 
 28            32 
 29            32 
 30            32 
 31            32 
