 1             2 
 1             29 
 1             30 
 1             31 
 2             3 
 2             12 
 3             4 
 3             16 
 4             5 
 5             6 
 5             9 
 5             28 
 6             7 
 6             24 
 6             27 
 7             8 
 7             26 
 8             11 
 8             23 
 9             10 
 10            13 
 10            25 
 11            13 
 12            13 
 13            14 
 14            15 
 14            21 
 14            22 
 15            17 
 16            19 
 16            24 
 17            18 
 18            19 
 19            20 
 20            32 
 21            32 
 22            32 
 23            32 
 24            32 
 25            32 
 26            32 
 27            32 
 28            32 
 29            32 
 30            32 
 31            32 
