 1             2 
 1             7 
 1             9 
 1             21 
 1             25 
 2             3 
 2             6 
 3             4 
 4             5 
 5             8 
 6             8 
 7             8 
 8             10 
 8             23 
 9             12 
 9             23 
 10            11 
 11            12 
 12            13 
 13            14 
 14            15 
 15            16 
 16            17 
 17            18 
 18            19 
 19            20 
 20            22 
 21            22 
 22            24 
 23            24 
 24            26 
 25            26 
 26            27 
 27            28 
 28            29 
 29            30 
 30            31 
 31            32 
