 1             2 
 1             3 
 1             5 
 1             7 
 1             8 
 1             11 
 1             23 
 1             24 
 1             25 
 1             26 
 1             27 
 1             28 
 1             29 
 1             30 
 1             31 
 2             9 
 2             13 
 2             15 
 2             16 
 2             17 
 2             20 
 2             21 
 2             22 
 3             4 
 3             14 
 3             17 
 4             6 
 4             13 
 4             16 
 4             18 
 5             13 
 5             14 
 5             15 
 6             9 
 7             14 
 7             19 
 8             14 
 8             15 
 9             10 
 10            12 
 11            13 
 12            32 
 13            32 
 14            32 
 15            32 
 16            32 
 17            32 
 18            32 
 19            32 
 20            32 
 21            32 
 22            32 
 23            32 
 24            32 
 25            32 
 26            32 
 27            32 
 28            32 
 29            32 
 30            32 
 31            32 
