 1             2 
 2             3 
 3             4 
 4             5 
 5             6 
 5             19 
 6             7 
 7             8 
 8             9 
 9             10 
 9             12 
 10            11 
 11            13 
 11            15 
 11            20 
 12            16 
 12            20 
 13            14 
 14            16 
 15            16 
 16            17 
 17            18 
 18            21 
 18            25 
 19            22 
 19            25 
 20            23 
 20            25 
 21            22 
 22            23 
 23            24 
 24            26 
 25            26 
 26            27 
 27            28 
 27            31 
 28            29 
 29            30 
 30            32 
 31            32 
