 1             2 
 1             29 
 1             30 
 1             31 
 2             3 
 3             4 
 3             28 
 4             5 
 4             22 
 5             6 
 6             7 
 7             8 
 8             9 
 9             10 
 10            11 
 11            12 
 12            13 
 13            14 
 13            27 
 14            15 
 15            16 
 16            17 
 17            18 
 18            19 
 19            20 
 20            21 
 21            23 
 22            23 
 23            24 
 24            25 
 25            26 
 26            32 
 27            32 
 28            32 
 29            32 
 30            32 
 31            32 
